0.623888758194
0.513150580683
0.537554054053
0.750077039763
0.417536611895
0.526506705045
0.528315585319
0.73159253408
0.35500943325
0.617629666849
0.636468852421
0.679555347293
0.474125897862
0.343110505645
0.514939760586
0.532619108803
0.590791493634
0.410749167794
0.544076385783
0.356597607412
0.498568175207
0.403475822011
0.538286064971
0.435957417724
0.423263219286
0.651625044748
0.355455711442
0.476791010607
0.436892329326
0.379913189888
0.405428060225
0.732145150648
0.625048556946
0.673888126581
0.482238418586
0.462298307361
0.521495807701
0.491944433799
0.483226799146
0.399741304361
0.485811246496
0.639136878131
0.407288024623
0.616651122003
0.429629514391
0.642573525566
0.510505713481
0.4294573792
0.557126398572
0.630020339555
0.585728191414
0.477621617936
0.584750285502
0.41824945491
0.52136646101
0.841058474294
0.609384001279
0.292326694812
0.398736430057
0.750451854718
0.631681003476
0.404013183678
0.510372558136
0.410361127903
0.455150124457
0.674929233346
0.473030357376
0.146716042194
0.477711824853
0.600845292937
0.506792483937
0.321487504146
0.268443518923
0.542460150544
0.422248755241
0.485167645724
0.592451673725
0.323965347491
0.475475589365
0.425584337568
0.437196711119
0.54889423684
0.491192571434
0.446722789215
0.687399450737
0.511081191144
0.0113850878096
0.462334927314
0.441301660884
0.270081711042
0.354629108204
0.632788083447
0.589647947205
0.507620446152
0.359624703969
0.389675215699
0.397928869204
0.594291483788
0.239996897454
0.437286980295
0.201789835653
0.436576889449
0.690109378502
0.149928515124
0.384908477054
0.39262463641
0.418850197082
0.551921225137
0.29179190259
0.42006997133
0.34382320507
0.525500090374
0.506155318523
0.177153750103
0.503854869792
0.417670502862
0.458993783519
0.33131607012
0.38952205078
0.652731160732
0.34255260243
0.208185940729
0.438631925205
0.556824145251
0.414655061398
0.301792609369
0.382105304873
0.48251808797
0.500273268063
0.463705165951
0.548419931541
0.377632499658
0.553028887887
0.716828506615
0.270406512224
0.500719636463
0.426839564159
0.328792379394
0.596160257649
0.457016527604
0.256819094215
0.315168426578
0.529277437061
0.224271316902
0.625270632845
0.480092120981
0.167791597845
0.437532408454
0.324130505274
0.457123167945
0.349834449179
0.279596288205
0.524820136131
0.519851466001
0.252264984518
0.227422563528
0.414394849493
0.450076322035
0.471915472031
0.725005862309
0.446175890795
0.40115179778
0.457251544506
0.535538101469
0.335657258985
0.682145784783
0.420894490939
0.491576565997
0.50999153173
0.37529920734
0.420415257676
0.552056347509
0.41741416936
0.515242955954
0.464552000963
0.527214747364
0.47585416191
0.279170699975
0.570881060605
0.72737023929
0.609642813408
0.603891903445
0.379276091802
0.537496022149
0.481174907092
0.228692262454
0.487388322281
0.340899785251
0.423669526461
0.568535565721
0.265227705448
0.044304564142
0.359316493347
0.650596743387
0.663741068873
0.485958118701
0.303573705847
0.398844059172
0.123213981184
0.0467801556916
0.74081832162
0.146880817495
0.521015355259
0.296842460222
0.45550562786
0.635721688407
0.532469093092
0.52698139134
0.393367066233
0.441532758088
0.321895362885
0.631330981383
0.349438816268
0.478118001215
0.520495558525
0.217197965047
0.348982318185
0.236771722455
0.517438767689
0.206352264637
0.379836279384
0.427083464115
0.437642009919
0.601873839397
0.393056455495
0.418119497612
0.275786453732
0.382809477385
0.476871928302
0.575533555285
0.18146397945
0.337467871279
0.418808552153
0.525504582474
0.627355812765
0.469285552306
0.43258589613
0.332813801554
0.636088619111
0.438945811402
0.348257660114
0.596451659439
0.242355318132
0.627547723725
0.411990082924
0.110202904031
0.434354565147
0.613954709845
0.586713112994
0.528476282574
0.769216514022
0.148831631111
0.409971391473
0.362876297901
0.536474642994
0.807148063052
0.394952457461
0.526501098559
0.358265730025
0.310403462282
0.525055753658
0.43895173537
0.471190323444
0.609109108821
0.397223371557
0.40821570117
0.245575777005
0.541406416859
0.476263453852
0.237375341703
0.444809425767
0.369381366107
0.511410575709
0.274589405624
0.393105000702
0.450721853746
0.543775473886
0.352538245672
0.318083342881
0.495330356129
0.70790179769
0.469295976207
0.419779773355
0.301674274536
0.618425460204
0.347710032445
0.865036952171
0.344386063966
0.653900499093
0.645295575279
0.396520944452
0.407578228942
0.387721763328
0.453422079385
0.25985939299
0.335181219061
0.545272393468
0.549366347407
0.517947036853
0.304400264616
0.211125114173
0.694685960409
0.615129845753
0.320931583831
0.601360058509
0.497274624315
0.49390002108
0.410645960868
0.547159777946
0.3623095046
0.201268242071
0.297223089548
0.412379915377
0.574303945637
0.404400447787
0.268419328643
0.562227903644
0.568563475611
0.401826806116
0.417496933421
0.44930241701
0.799248113091
0.232813618643
0.352160768191
0.620418872422
0.4477073726
0.510481224792
0.102965396694
0.558889209347
0.459698343546
0.172740561967
0.519427710605
0.623847360323
0.642786090893
0.517292175563
0.448570431907
0.257694474985
0.375176781213
0.50061227857
0.477837149136
0.465217948709
0.647012715851
0.482607321023
0.340125972221
0.394683956159
0.548570521764
0.320328604799
0.21828154158
0.510103834474
0.324929269165
0.395569426306
0.496273299612
0.35441281027
0.359669182201
0.23130797676
0.595922442668
0.552021193659
0.500750182781
0.31252959188
0.467940093851
0.495013265279
0.506874817891
0.425255775897
0.576729854888
0.310538738444
0.41275509782
0.4048977513
0.529302497385
0.574456411933
0.400090045809
0.379029940328
0.399503872199
0.498762907092
0.407836438066
0.443239064376
0.381716195607
0.413167342056
0.323373170289
0.481340732992
0.757112881038
0.639034171092
0.874559824539
0.404189496405
0.375079477054
0.670194729592
0.513695866447
0.29612787387
0.117443726389
0.409826283565
0.369615306774
0.484858165133
0.386148251931
0.444270777548
0.41602760486
0.0858117507156
0.486408628812
0.300958435651
0.39197935459
0.215147657484
0.258238256438
0.605406397017
0.462428389964
0.364190483391
0.507149296515
0.13799971405
0.344097770376
0.446524221131
0.631529836699
0.418090398907
0.380807755721
0.517218744836
0.569151362804
0.407873695112
0.366446923037
0.357570766051
0.307599117196
0.436264668117
0.514683783523
0.240287579693
0.342637994039
0.466701527769
0.539703385644
0.450187510432
0.438039571503
0.590679514718
0.523182183493
0.137860471784
0.292972559136
0.682331499916
0.29194211523
0.56031884538
0.381164255243
0.51674955323
0.406654328708
0.318848882446
0.327064395212
0.287864928892
0.534276338696
0.52424267017
0.395699616812
0.564692189779
0.193044122012
0.390076512432
0.444134781823
0.624774614368
0.484563319946
0.352857074108
0.369696880976
0.567133339998
0.605218071693
0.257395128565
0.389929520088
0.470790816526
0.379913742953
0.420402330592
0.386783380998
0.511579502171
0.338999032216
0.384862787854
0.536079725742
0.525636730413
0.317242581718
0.603320632515
0.486835248422
0.489046849821
0.497766202677
0.592670906706
0.422952167758
0.401240019336
0.459200958295
0.199468558265
0.368838340434
0.636644542551
0.483023954631
0.379583425864
0.105349965792
0.638274655575
0.557614519747
0.280552022138
0.649080559988
0.492399925971
0.283172514552
0.348754512698
0.295439089446
0.309574496363
0.296205600901
0.451083318773
0.393034469559
0.400994516144
0.319928389818
0.73130892745
0.372890133293
0.309710452124
0.229180577064
0.438263172886
0.527902077425
0.480857084372
0.36362576704
0.0171102888136
0.45628607737
0.254450475164
0.675263331157
0.577451627459
0.490192987355
0.427232433543
0.206714127926
0.201245524945
0.304434090215
0.40501072243
0.358508177468
0.333870725209
0.506904722341
0.415477619313
0.372136708749
0.721658660093
0.319662132278
0.352995742731
0.309156247768
0.49156007112
0.390188508814
0.492416046338
0.57719192719
0.811536117379
0.441148985686
0.366631724297
0.401815057887
0.527292804451
0.209546954422
0.40588475472
0.372024056714
0.17304163137
0.39466990814
0.445373116234
0.552651196428
0.253303293473
0.397670872696
0.637477856205
0.34703929633
0.407165463635
0.523998117499
0.614763853698
0.373195785121
0.446368948501
0.313667517751
0.55337343775
0.479277231188
0.486714212058
0.522894870774
0.191996869195
0.349681645246
0.305833507785
0.662214538671
0.492816469793
0.413184100977
0.264908415657
0.368975587888
0.454569144523
0.279993957158
0.691803210391
0.517538407488
0.459093594843
0.443480573629
0.299022425847
0.195933849283
0.431260651275
0.400471031242
0.287896795857
0.385593361056
0.552723050271
0.240095820772
0.701021434006
0.284706600483
0.547129048953
0.385259340018
0.475175661792
0.613866212439
0.444592565792
0.252893118232
0.427005880712
0.491238501094
0.486071556726
0.319008608953
0.34843450346
0.448095668492
0.620583744058
0.355058525189
0.379109808709
0.309778531552
0.500277850231
0.344806786586
0.382802564807
0.354531866508
0.440500330605
0.350337370513
0.589218960207
0.279718005799
0.443338395497
0.285453291478
0.518471588736
0.373765174021
0.20955096269
0.480308377831
0.730506944772
0.157063460211
0.413315781262
0.663377186522
0.264472511399
0.455399835724
0.382188740808
0.391694711676
0.442051562139
0.172787349144
0.286334141365
0.327513213754
0.684824247338
0.332873251604
0.630780360738
0.538049140505
0.457564087608
0.400332953039
0.140989724903
0.0190542880147
0.347605918777
0.444240225246
0.397004257333
0.488359703889
0.533578203533
0.368598172137
0.288471381629
0.622138725534
-0.0240564261995
0.333157203851
0.701840174635
0.655372784547
0.358093721796
0.520751734599
0.479135337462
0.399245579096
0.495919532962
0.517325017384
0.400481415558
0.363335025633
0.382784159
0.724177598704
0.215423371314
0.722394157903
0.260019269093
0.381283588652
0.255702322232
0.0683856326204
0.235209428938
0.410324772175
0.537252721643
0.301102179243
0.319285889837
0.626932603189
0.668804937449
0.752496471888
0.487461080152
0.30666323195
0.494021975962
0.244320745222
0.401782213696
0.322656074709
0.478531769697
0.41756316544
0.092813004745
0.430939993229
0.421689381185
0.34677959278
0.339709478446
0.5544706017
0.459622802073
0.28537494821
0.506949328049
0.562816706325
0.236917374613
0.305588976484
0.529303608135
0.330531484189
0.197355487727
0.444655892317
0.271117742553
0.378968031934
0.513917924872
0.377774076759
0.580525374219
0.433464672568
0.296518756826
0.369876880277
0.357408895947
0.25704382711
0.43570017293
0.692482633397
0.459104224953
0.35923664818
0.313608955128
0.293720303423
0.282584750661
0.508388790125
0.227989779522
0.689778749582
0.422759872199
0.277459775302
0.357042436826
0.413107265881
0.343168615678
0.317316638328
0.348608446604
0.455384798847
0.302128953628
0.251463060775
0.42274462638
0.758990411566
0.480557431318
0.505625629363
0.479137351659
0.487817888742
0.418196853499
0.547903547101
0.313126029097
0.387229254249
0.44479525018
0.197039473938
0.380006086246
0.544800813737
0.364569315283
0.281254589308
0.41779457136
0.507762889163
0.337641483578
0.524635447315
0.359733786314
0.363433980256
0.277108559403
0.540863469487
0.378356469814
0.525763018095
0.706201998002
0.400432426013
0.269447079622
0.644191698038
0.369732756614
0.646740543983
0.323734288828
0.0890576557276
0.177584983357
0.233870183906
0.487961626355
0.225051334935
0.51279471045
0.530418845646
0.497886105022
0.419655249618
0.351960677975
0.421859350872
0.696365082522
0.271017575761
0.290763833215
0.495417620057
0.414435251359
0.393610122911
0.241670184813
0.335408354099
0.35038303627
0.368265097497
0.125741713099
0.347950346559
0.470225920324
0.365526353823
0.41613842416
0.535476505221
0.288898310864
0.515347885174
0.504317052135
0.399748626496
0.45912873692
0.30670080335
0.457438634112
0.386006584446
0.545210077298
0.242986568972
0.320778467821
0.133886474074
0.358314920905
0.337492698969
0.595746254567
0.195789733499
0.458503305062
0.609979113058
0.408002305851
0.389903337362
0.175302892282
0.463425878826
0.353991702056
0.442100782703
0.85383502591
0.593958251053
0.362644316408
0.479014125024
0.265007944838
0.598676006164
0.421036696488
0.285730077998
0.349004281082
0.408871025996
0.415082770941
0.625608455654
0.366307644067
0.269098992436
0.34756707313
0.1805279473
0.484739902327
0.409950431004
0.397167657957
0.217543502745
0.405975945942
0.436551044367
0.369746146854
0.416246907168
0.316258371059
0.546574865956
0.330019191114
0.27519173949
0.549841322337
0.264333686089
0.212486325749
0.194908931667
0.411463702699
0.379073773652
0.417458739298
0.324685296935
0.46601202287
0.254502238159
0.328281743853
0.267921860034
0.308910584436
0.401680135812
0.0991723912622
0.27727144479
0.42810407919
0.426392152215
0.545136642559
0.586414853182
0.259081388761
0.169445958275
0.152503426842
0.511922216665
0.484856053951
0.311961495475
0.150034875105
0.345727620476
0.359752857802
0.141710773782
0.388983619039
0.402196002816
0.164627745738
0.646130618461
0.211075311001
0.434670838105
0.568153840076
0.592873132811
0.300227464361
0.273212855868
0.531393525888
0.661382831056
0.36023289905
0.373532212313
0.568748996553
0.278159377204
0.332909291533
0.354707116996
0.438719218461
0.290666224263
0.505200436072
0.24160869156
0.020898209493
0.228719726155
0.32870047039
0.296216060671
0.289254531542
0.456033252222
0.42033030414
0.506906739944
0.346806730169
0.33421618858
0.511682417368
0.229179014256
0.455144836202
0.512957125255
0.213352336301
0.21340089082
0.386456779765
0.360026728535
0.318725137851
0.445687903936
0.586028327698
0.205503495552
0.301991323675
0.486290073582
0.118917877075
0.217832872853
0.249347136174
0.304967584767
0.179562148765
0.377978436747
0.246044373497
0.342526796005
0.413776052526
0.290145234962
0.3134699977
0.363032108711
0.419208902735
0.267081012335
0.463749775221
0.342182886629
0.383899664114
0.232088733368
0.52414505626
0.314120640584
0.55189481832
0.524448566493
0.331054226638
0.388950595578
0.277360998364
0.329200895053
0.103904665015
0.36560257297
0.383960179617
0.311539113257
0.409255079832
0.607803782215
0.698011900515
0.194077084319
0.410649797213
0.371801058377
0.599057806566
0.467896945499
0.416012693114
0.25451019098
0.293884544668
0.269360114363
0.482300789841
0.243705792869
0.308909101452
0.289296026962
0.394420972468
0.402738901135
0.44268451623
0.424727232246
0.365892391094
0.56910803745
0.266389862225
0.274322693085
0.33320261233
0.402341533006
0.426604346028
0.534634419904
0.466223017101
0.387461700476
0.660231186655
0.445992103903
0.44444552891
0.25551772032
0.543921772633
0.397462053879
0.405140965744
0.347086225936
0.374630754878
0.372138905396
0.53800879546
0.306143672161
0.526151246943
0.562149559938
0.333297767671
0.189700502142
0.368932851759
0.386736495797
0.572238431058
0.334800929787
0.420968008998
0.243003597219
0.315333874925
0.347657214384
0.54824266452
0.480735855666
0.290492047303
0.469657460601
0.489730463462
0.324811513122
0.402162199616
0.589244115368
0.249571897738
0.278076226365
0.212891750158
0.285890730073
0.607118836876
0.436611772219
0.246625641296
0.137370445077
0.0551275311201
0.216997641882
0.327777704996
0.449550207767
0.324694122484
0.195372583787
0.506105056545
0.285221897361
0.0745471001304
0.207883201561
0.308832844789
0.0212834882746
0.532409636844
0.489548896448
0.198073250338
0.279709900491
0.641282394158
0.241782214802
0.0387084619833
0.429025916626
0.48360483035
0.330509733107
0.146121818752
0.473199376103
0.360435222153
0.390548243149
0.410049253422
0.228639743146
0.31472051563
0.471842280493
0.234375788765
0.298731933788
0.317715787194
0.333081034424
0.359328777848
0.672576475102
0.304165118197
0.392251350207
0.382767705277
0.811537544511
0.378148922571
0.303148327632
0.353738647194
0.275569506256
0.508412140296
0.318457571669
0.546003826811
0.264376997847
0.518971712636
0.28712224505
0.411271707134
0.276754089419
0.100237055863
0.314967091056
0.434816113041
0.16370559112
0.213533023387
0.175886363235
0.198831316106
0.378050537714
0.423473012813
0.344313856757
0.595369684316
0.345438400467
0.332155640318
0.463003284925
0.261154479948
0.218643735926
0.422909826109
0.440326067831
0.358203093092
0.486332851838
0.402081381011
0.399270557587
0.472253775878
0.36387217097
0.02279008883
0.120072168842
0.287247696387
0.147704770964
0.372496760607
0.530870230293
0.562190938851
0.0524666324833
0.333103617739
0.413653000659
0.292988179934
0.348425318131
0.463904944333
0.290408563429
0.233243500116
0.186817020153
0.424159094172
0.375498592894
0.234810499467
0.15145333848
0.211331997401
0.199440705928
0.179335674449
0.0631011761927
0.33433476641
0.137507593575
0.165989796671
0.259907453821
0.330520724099
0.505881344549
0.517596825583
0.207998679098
0.49920653829
0.530928540658
0.164005016156
0.6135801728
0.11421455971
0.447423721356
0.371545921174
0.393172482688
0.584738418518
0.450610959867
0.413387901466
0.209386868153
0.0570672197783
0.307750960218
0.467304890633
0.110571949317
0.365170560829
0.417412968409
0.425047599563
0.235002461149
0.401966913151
0.263883267325
0.0115497363462
0.466258321003
0.36624895087
0.372002659308
0.248488006315
0.170176510224
0.325484333745
0.370978297612
0.29629940888
0.287789943783
0.540400479286
0.277679176573
0.438621377004
0.294618626507
0.488782194628
0.303593222351
0.312784744903
0.42073158376
0.209999409864
0.591422355536
0.573046690424
0.420108894646
0.374591453375
0.201976994836
0.160955434034
0.284326187507
0.400562123722
0.428443813999
0.35874489706
0.172974974744
0.46356363263
0.466217931056
0.276625738462
0.329743413978
0.380718632082
0.260147119216
0.382511284334
0.399606015039
0.254615797872
0.237862975802
0.230369141878
0.492703181405
0.387485683821
0.308038311012
0.279220079689
0.480121769867
0.49818042346
0.329512658072
0.25928248624
0.200314020148
0.375225830499
0.50849582341
0.398055316694
0.438916873983
0.394107887947
0.527276296195
0.504944943371
0.19975575563
0.458323001761
0.323084238419
0.237053181301
0.552914769373
0.3790099335
0.081729344734
0.202170077425
0.389495244738
0.250050873901
0.461983128528
0.410256075789
0.228330524194
0.358101654544
0.484536523473
0.366237323825
0.237646054964
0.323527950506
-0.105849958545
0.166847298193
0.310468879424
0.322529235447
0.090119329609
0.35552794153
0.619588985873
0.283404926953
0.550436648557
0.523881212461
0.269783251726
0.235228918105
0.468591135338
0.315729324285
0.297180855339
0.217660058562
0.576166492475
0.307482133155
0.300240064549
0.112508007663
0.465447219159
0.0154108457087
0.574481080866
0.552010313535
0.246603226725
0.294193012826
0.172272539531
0.576051114214
0.105305109007
0.28766470403
0.321546285151
0.336295705781
0.122407863311
0.403291348197
0.412842611768
0.433837583341
0.383351428534
0.485915364289
0.391553012289
0.327574804234
0.320153280548
0.612804534307
0.286283400848
0.302507614498
0.613998609546
0.288933342577
0.100083810787
0.194684240591
0.387779599543
0.436113883521
0.258132317872
0.470933261564
0.187538848391
0.300134978291
0.175823257901
0.435098808025
0.238186193598
0.171064506713
0.137759867063
0.505517663622
0.454643829036
0.129853608193
0.265832137099
0.421830394806
0.285199923293
0.123387406114
0.18543397908
0.22326808629
0.102175735183
0.267964263184
0.500897115819
0.397861584966
0.238257366095
0.24590419096
0.340172921056
0.527981756105
0.45286168754
0.3977962998
0.266282443504
0.556951243737
0.449174122597
0.0545467584946
0.440141593128
0.217567725458
0.2229285499
0.25430229207
0.221976082614
0.424016865264
0.626112644436
0.0739260671075
0.36781912755
0.197657486591
0.263360517219
0.402345320066
0.241480238703
0.442220905894
0.451509391916
0.521193406148
0.397327819498
0.40962733392
0.431284633462
0.445508889932
0.346956149849
0.305068667861
0.218790956303
0.435674114145
0.368948457053
0.330111899191
0.357350775115
0.218747220482
0.189259909632
0.372428556972
0.168824963335
0.221689888911
0.326708299116
0.389618280773
0.328777486036
0.446334323318
0.373933359912
0.534856173243
0.239608723355
0.360011660568
0.663285534863
0.436463334625
0.256787844162
0.247318600528
0.356286235091
0.18810731017
0.320642387038
0.281673454146
0.51724531148
0.168710825081
0.389634817032
0.225088120283
0.27305960697
0.423960142629
0.332028549568
0.148206580698
0.412470689002
0.37153865598
0.352836699329
0.312521311813
0.359299475659
0.441292528805
0.227046370897
0.258275274598
0.131040119664
0.443575764575
0.288833511576
0.295229064189
0.420910606436
0.273113575648
0.387448192293
0.272922577759
0.216752927884
0.437901612849
0.258400468123
0.286387561244
0.120551086542
0.49826375681
0.258019181151
0.289458488688
0.198725680184
0.498492762123
0.0604041200587
0.472312186885
0.141069918048
0.188956754924
0.203686047615
0.410950529586
0.473807031521
0.192650776097
0.492823753521
0.2968745348
-0.0215532914296
0.126034547832
0.404364703587
0.0699097989472
0.39119870626
0.386541768705
0.293981673422
0.559734530574
0.220101464259
0.375547864112
0.187829880122
0.321260745789
0.448985731282
0.396799268925
0.404245382253
0.258922411816
0.28519932145
0.0582282626733
0.385558105388
0.191958330379
0.450104605789
0.165567222069
0.46203812888
0.39322204843
0.282035244853
0.001885322349
0.334391148969
0.229963479759
0.372961470201
0.467358139776
0.402824345988
0.174002115183
0.431380369974
0.407543893909
0.261619617676
0.36362787527
0.272229058586
0.411556316554
0.356682557836
0.0625419666745
0.362481262842
0.436561966911
0.219003964578
0.149686640389
0.359540938966
0.253090558472
0.190241275339
0.0891866263289
0.140465231527
0.327067892105
0.310610185817
0.393548325629
0.164253476878
0.484432552778
0.299103783883
0.425121602079
0.329915571278
0.258630451094
0.359479988849
0.163688317048
0.284716114799
-0.0354986446042
0.256284966577
0.209876151958
0.31325323926
0.168027267855
0.270912357594
0.491262369505
0.339262760596
-0.0512414089964
0.37658531682
0.378230165185
0.183849582899
0.598325855626
0.34407939935
0.384692091729
0.357865341017
0.296301607288
0.258203321107
0.241106556082
0.163198846388
0.2558183829
0.196351994111
0.0414642902397
0.313854387847
0.220446138133
0.40856131892
0.153657365344
0.252479845764
0.303411162624
0.430799293539
0.329861024756
0.543489026603
0.458878568478
0.275407521563
0.439665304068
0.448588636227
0.185387610416
0.456106035403
0.0984878367803
0.357809098396
0.531199293141
0.285597065417
0.514109425146
0.108239899464
0.290276855551
0.128874777313
0.182911577038
0.287964581315
0.173580613451
0.297338739536
0.437991048987
0.134893221279
0.12183517883
0.0908437022446
0.364533733843
0.29242178052
0.257694955355
0.290695446879
0.322994234009
0.263693841087
0.137609492133
0.174620741826
0.119399736447
0.388437803125
0.332998026643
0.396824249941
0.426888042989
0.458802677115
0.166209973094
0.595670624121
0.0664986594314
0.313625725531
0.295467293203
0.371659630918
0.427264151152
0.257950880975
0.149294724369
0.0985901653583
0.377496105836
0.258179688769
0.0471613571854
0.0834251021678
0.440807056375
0.0941792575923
0.231105787907
0.188884199316
0.117243229363
0.688851026568
0.614118136678
0.222773800751
0.481774383914
0.323492616363
0.245770917528
0.336037676406
0.404022703824
0.17367097698
0.414329691285
0.0534622884898
0.250459236066
0.237648135946
0.570305503123
0.139868394606
0.27845426982
0.356071394467
0.243931058108
0.500998847448
0.34999365422
0.290323468294
0.0242159695321
0.227681043735
0.155741665434
0.287867330584
0.238943105717
0.165535890925
0.45173405527
0.329649061262
0.369707363257
0.0972780618408
0.247983729145
0.316681853977
0.0894685499321
0.239228277755
0.211514014567
0.21126265002
0.27811993275
0.233352161378
0.355701345828
0.288400572419
0.367821379751
0.416426094697
0.319769772011
0.0934526542005
0.451611908107
0.219538753279
0.100459752047
0.333759340549
0.46522870216
0.339462009813
0.222881821279
0.297153616579
0.195703051142
0.189112449352
0.293140755316
0.312614561272
0.272917246467
0.35967999076
-0.036348548575
0.0117643188512
0.478174812815
0.469311220943
0.323873521872
0.0519896973442
0.346689213359
0.35592185751
0.220580107838
0.168621890917
0.184576238975
0.0739043602899
0.456787013101
0.329860894454
0.415695950848
-0.0307093054949
0.436261229387
0.290220943238
0.264736239608
0.485718846986
0.515792632397
0.0669537013688
0.16693471153
0.277128783372
0.38602331855
0.296317817033
0.231291675559
0.147094294572
0.402811621727
0.379785974554
0.190152997704
0.244076336983
0.343285828497
0.18115553162
0.294863856093
0.448638005092
0.248219113742
0.435085511064
0.449139206694
0.300569784597
0.23250916332
0.195390296123
0.415046547445
0.179741105163
0.301568484269
0.456169496932
0.432388514772
0.40216076404
0.114196144685
0.0567590371891
0.351712323616
0.351009212444
0.10467960157
0.175415803967
0.417962919598
0.338776906877
0.271435707795
0.246865642563
0.18794917165
0.463408614699
-0.0891192141695
0.0642589151076
0.315911266223
0.125303562977
-0.0952547206957
0.459366272985
0.154805577348
0.320064309298
0.176209541534
0.477249716255
0.321872363785
0.410472817795
0.130784964814
0.0903113105441
0.196874048321
0.0459073292157
0.0210652949164
0.244506829522
0.16080923641
0.273858462139
0.177185246908
0.299364987162
0.233345642444
0.173062360553
0.215639538512
-0.0925477853349
0.177884373582
0.109870954574
0.503585227209
0.221550263724
0.209341639176
0.396001307536
-0.0663406178943
0.173520751889
0.204217490969
0.230161711016
0.201293455303
-0.083403340633
0.191975336234
0.106637817059
0.207147260128
0.170138016808
0.0121509438791
0.331115660604
0.0351213171597
-0.0892748305022
0.267361835299
0.416159723305
0.440517795111
0.331874501626
0.53874203408
0.248662631135
0.525004265893
0.369593137616
0.0872928779287
0.448781282959
0.223239353082
0.394500259452
0.233198102534
0.454962030863
0.265142181451
0.00624024756797
0.155964923609
0.42431078886
0.188142391874
0.367462145399
0.0758344830573
0.187464158454
-0.125002412131
0.29736275923
0.184060837248
0.315426857978
0.281387555845
0.22991970546
0.305957289573
0.195762032734
0.296543314968
0.36446256196
0.353895907981
0.284826828566
0.328419747417
0.215249313204
0.187408788215
0.144384908823
0.189327700454
0.364854812251
0.130925548759
0.0569040507882
0.280708862116
0.381205148307
0.333926720738
0.490104051778
0.25726372016
0.355050556862
0.421334217669
0.1202536962
0.136352744506
0.239921449686
0.0680535779374
0.168944085618
0.15964917889
0.445648994807
0.241973572949
0.479579822827
0.381494973569
0.42372734018
0.20741012763
0.239015983614
0.248425005907
0.367991861679
0.0946794044451
0.122101475777
0.211190593022
0.399253820445
0.218748351024
0.391301295923
0.312957087136
-0.0932844821677
0.0131882022577
0.423851280388
0.237775292301
0.443281899523
0.295608772642
0.136450718594
0.279379763907
0.235946938235
0.287173103144
0.258057814779
0.215167217433
0.269757002737
0.220552287669
0.488366040949
0.11699315491
0.286262624529
-0.137649804634
0.210300672377
0.309292282186
-0.00799889071516
0.124241473954
0.427319037595
0.266448603313
0.00524555869395
0.0546254566103
0.29931677488
0.0467654084659
-0.00171490611489
0.172712209596
0.113543316413
0.402416717244
0.224978232011
0.0406975806263
0.340129970811
0.128601679719
0.336922977721
0.489700322535
-0.113147898057
0.164365679345
-0.0839713367002
0.0920457806647
0.33768840353
0.141530003834
0.259286192533
0.244933078125
0.0519134481865
0.381717933378
0.192641647714
0.363040296581
-0.0896835871147
0.0243344975976
0.509057960498
0.26003944271
0.463097539872
-0.0683264391542
0.188200429595
-0.0203700993651
0.035887535782
0.3535023644
0.344431816267
-0.0118006112137
0.22558835228
0.445241409462
0.171874699051
0.398990814041
0.357460962296
0.285072727454
0.204576161104
0.232383081655
0.0816471853419
0.462900979384
0.210799172574
0.338421597374
0.185523311037
0.30330254752
0.10463619342
0.298020588663
0.49000735771
-0.0165888508916
0.200299020805
0.39043868992
0.229880316759
0.204682492315
0.0757747545324
0.398207635472
0.0121778003502
0.182842893984
0.196658874193
0.171790534751
0.413863644392
0.313056718285
0.136860209461
0.168080187155
-0.0200610014004
0.30808351302
0.0826279023526
0.271129991186
0.158151274234
-0.0806403037114
0.0524140740874
0.102023447632
0.154646766726
0.159070142399
0.118632788754
0.198475706899
0.137219323757
0.260349125706
0.029166028592
0.147887776957
0.386490254703
0.263219078874
0.433288747065
0.358706184984
-0.114769477341
0.17841596599
0.230540706666
0.266657146692
0.375629498072
0.190659101459
0.274980837781
0.0162846813968
0.296112366176
0.2680212319
0.361283001581
0.308405101825
0.342127007773
0.334585066399
0.273271924935
0.0615750987383
0.217990851832
0.191676327204
0.219671212729
0.31046057786
0.180952106626
0.295151604057
0.399858659217
0.243721039802
0.178363595022
0.25440597609
0.371186341268
0.152291283244
0.229927143684
0.298969209863
0.325352507132
0.099949993419
0.200341054325
0.467460661275
-0.00402534501767
0.132533736617
0.0665482078005
0.0182331156401
-0.12866573339
0.190631374983
0.218032217558
0.304089950794
0.103407311615
0.200968909916
0.142965775307
0.14476100611
0.199920046582
0.00727166077129
0.395700494106
0.314146659581
0.0758443671918
0.36112816048
0.0847969117948
0.0829130821623
0.374781736819
0.239017013885
0.122379646325
-0.0193048117005
0.239047804971
0.222581655276
0.390954442829
0.042577123815
0.214416502981
0.147358270318
-0.0887256180959
0.582412638271
0.346037116324
0.358952397655
0.441480775967
0.146394829988
0.295810522162
0.211865527275
0.280319926192
0.373892090007
0.269532833503
0.0768009945566
0.223223949631
0.18840499322
0.173378929831
0.124995468945
0.522795164866
0.347229724846
0.212012918338
-0.0143886400611
0.319394277278
0.225651971431
0.164750976779
0.0277245788209
0.352887337687
0.209460599286
0.319421385093
0.134974613846
0.321656494631
0.0928631378492
0.352447870406
0.218942723101
0.39372703052
0.0664872803575
0.392278367906
0.194517344225
0.369286432966
0.289083588087
0.12535867231
0.131163463313
0.128003691889
0.15748130301
0.318357124048
0.275973042967
0.302987259934
0.091991850607
0.0145207234697
0.534217097148
0.154237930282
0.124560136295
0.210562878697
0.0715723851831
0.393847686036
-0.0694982757783
0.237308656544
0.0255713076599
0.180804612843
0.289960575728
0.228758734808
0.312074146057
0.0812890325494
0.105015193968
0.338621750173
-0.061765309647
0.163512040469
0.21169367852
0.251800698207
0.0553682070114
0.370758572997
-0.104094889458
0.135259933917
0.154885429621
0.25798400642
0.64271597603
0.128714992918
0.193986507953
0.0131768796881
0.19357014724
0.119890756027
0.195266129282
-0.0240928253599
-0.00313447941787
0.19051477785
0.166470299492
0.192814781327
-0.0511201373347
0.265813607205
0.160818210502
0.0515069862767
0.383327938694
0.0501932969134
-0.00367417624859
0.126287831188
0.253175548225
0.240140672016
0.168974596891
-0.0132149625227
0.235008169093
0.13783442625
0.140826936188
0.496860780441
0.247899079508
0.200242183748
0.0793907180848
0.119592492442
0.240968554981
0.0506055298417
0.20801216639
0.155926211881
0.399800890563
-0.0280729275012
0.184264988187
0.123047149088
0.221378338204
0.0167242395418
0.0350309665807
0.16578289571
-0.124063476091
0.101673742838
0.00439875879601
0.127025593601
0.115022036909
0.362065269673
0.0713210881557
0.0299726905181
0.145566032972
0.1760565942
0.282033046891
0.1013485945
0.0498662701013
0.00256172042056
0.0722151612029
0.206162959292
0.285348810862
0.0846994783451
0.221393207883
0.34001604996
-0.0100452908301
0.197776645455
0.530413149525
0.0326084416407
0.159120478239
0.382901085967
-0.0019833932545
0.322703049354
0.140647173171
0.255183915273
0.138187597007
0.205438350781
0.0694111279994
-0.0329869982718
0.146199674413
0.0362819663424
-0.0597457086141
0.547232446894
0.00376927226693
0.0243853577593
0.0698240227515
0.158549705034
0.44662388894
0.0679883730697
0.294929461983
0.247507158077
0.118818207345
0.176859480339
0.338458326726
0.150680245415
0.247091871334
0.0766700692478
0.171811418721
0.0783159800751
-0.0801484048673
0.0318804968073
0.196633831162
-0.0737584800074
0.113934728271
0.118046516647
0.177392699066
0.111564640331
0.492790284729
0.259798562176
0.182988610744
0.369022204604
0.0445550927879
0.0143484989576
-0.0756246938505
0.100071226291
0.385929640429
0.130454881427
0.119087902545
0.181896331376
0.109157329412
-0.0937680129509
0.397543677892
0.442274089001
0.319086064545
0.208418448174
0.0740470893364
0.0246490147614
0.154641059739
0.144143069864
0.418919829579
0.328585599367
0.0720264096029
0.0765825718941
0.214011263874
0.254887910691
0.0721089506794
0.103452676645
0.281588127403
0.372219773605
0.0902545004233
0.0574000161501
0.0237051523716
0.445062292332
0.149784710028
0.219541780793
0.119129300887
-0.0165786808709
0.167880430894
0.366035638358
0.025726371537
0.179816021728
0.0713112284905
0.0393903997301
0.10419314208
0.191910302133
0.165559629727
0.176531952753
0.305336216406
0.231376068487
0.346417126938
0.0319140479885
0.0755240541393
0.251772810816
0.0447511880135
0.265773050572
0.0909402769806
0.103361448344
-0.0703090782301
-0.0682596507096
-0.0591309300828
0.140390966387
0.350170659486
0.21105907095
0.0521880157148
0.0174936789396
0.110392992799
-0.0175545422548
0.0276387240105
0.244791285962
0.241691119058
0.170135725356
0.312744300705
0.351772354691
-0.0742739404611
0.296150285329
-0.108429453365
0.056765334359
0.120683382937
0.140661040162
-0.0742769264611
-0.0481134736869
0.0233107796587
0.129836024716
0.150517178761
0.0962838078407
0.169679800688
0.104807883224
0.0966442866685
0.000395673775836
0.374415761051
0.174743713643
0.0554406195475
0.0310485766776
0.273675899053
0.221029361423
0.149007061965
0.0574437771474
0.148273828162
-0.0695744233143
-0.00684067018945
0.111161021303
0.384185488692
-0.0217480447794
0.163617528575
0.123851913947
0.154328391299
0.306586873628
-0.0682808126424
0.257585844942
0.0465530987416
-0.184710707518
0.162835647789
0.0758342497747
0.359083137977
-0.0320775274541
0.132054586321
0.196447019168
0.00409209903324
0.00669398027112
0.18444175806
0.179573927188
0.176022283798
0.254953722291
0.101336269613
0.103973442318
0.0847786212802
0.149445967869
0.0783877507334
0.154657342483
0.212728434547
-0.0707244486848
0.193066757749
0.274243961041
0.0920150572686
0.0569695474835
-0.0999782170131
0.0879989752813
0.12737977604
0.0715752032566
0.26885166596
-0.0227089407214
-0.101053430565
0.114329619173
0.0842491314505
-0.149704564446
-0.0637533243559
-0.199036476632
-0.0713504425085
0.0866495570505
0.0923956618124
0.0398933057251
0.223442919493
0.282213876478
0.316773197393
0.0659896004057
0.118202778955
0.0287345290908
0.060063041826
0.0570200900227
0.187933373108
0.0629264686829
-0.0981540845294
0.301526556328
0.0643368930359
-0.00676120170966
-0.0328733126682
0.278981992489
0.178438139981
0.303053773607
0.150935721928
0.0515406859223
0.00964415965046
0.132114061937
0.167396737794
0.0358940014872
-0.0214961596521
0.00361789511834
0.312929650455
0.0817910568663
0.239194409473
0.0884824925539
0.150909375726
0.242498157473
0.0871545111975
0.0516496671608
0.252812095769
0.225436638045
0.274715726123
-0.145389031454
0.199933744975
0.148367821937
0.300149447829
0.0947829425498
0.297263895197
0.0717199767948
0.136299570326
0.0113373764614
0.00450072922942
-0.0710644136037
-0.131419971624
0.11272587496
0.0675635830667
0.293024300693
0.202113951437
0.0270733870157
-0.0339902683114
0.159771771158
-0.0814842708793
0.225184492311
0.300722953432
-0.0449873592924
0.0952651002936
0.128818480549
0.15550482545
0.253472711623
0.298114496006
0.07834145514
0.0587772761708
0.229478319017
0.168756134829
0.186063661595
0.178516752381
0.0494680303813
-0.000912851835621
0.188584148743
0.0661178052036
0.134932008293
0.0863602438763
0.173586944869
-0.0559287880909
0.118203162191
0.0832593980904
-0.0130164574169
0.361815359027
0.0212296930143
-0.197323260409
0.0481677652799
0.25580127674
0.106241385101
0.186369993187
0.170406457948
0.234891820856
0.0505124035038
0.229082910979
0.00582672209442
0.0529703058577
0.159493722766
0.104371681215
0.00163049835642
0.0324707548194
0.463189899243
0.126203555411
0.0257796778602
0.0875220202857
0.0837640192428
0.187805415685
0.364040417288
-0.0995012826347
0.261718178448
0.226703245255
0.00696792207963
0.182422904823
0.0975337167381
0.110425699024
0.34782766365
0.235775858961
0.117086965889
0.113350272013
0.148947538316
0.114361071838
0.00420216616961
-0.102910676356
-0.0605351753933
0.182180618339
0.315098257592
0.146683296907
0.0894077291467
-0.0286481313217
0.0946871482745
0.0778812462383
0.241833912561
-0.0299886229705
0.102387684534
0.107389458957
-0.11701946809
0.195113304881
0.155560546486
0.0892842432795
0.0598539579795
0.0632610166694
0.097324195617
0.138822929081
0.128459597512
0.276603201459
0.161013833249
0.01930823183
0.179195591703
0.172902596332
-0.0359143991175
0.112537856548
0.0547843895027
0.262271300871
0.12248403287
0.153664544448
0.0688681352115
0.128307914106
0.116075278604
0.247317428128
0.195707162559
0.0294361288169
0.0342428430661
0.14285769848
-0.143522822508
-0.0397375234296
0.057883433351
-0.0783841232433
-0.0615582821831
0.14739670481
0.172622405204
0.0284866018453
0.0743082304066
0.115958256852
0.0248182863045
-0.0183265811295
-0.0363765464317
-0.0744333957561
0.132519235159
0.107519927292
-0.0789166661291
0.314492591193
0.11381276907
0.21783555047
0.065182812983
-0.0393176880551
0.0867040949358
0.0810723133095
-0.00533095871933
0.10623682845
0.0574054198247
0.18275832185
-0.0477772036945
0.16118793874
-0.0804264617564
0.127460812367
0.0431964476337
0.0708386217298
-0.0159991932658
0.123536317804
0.188345463024
0.156800072141
0.132769875312
0.12455482843
0.0912779452598
0.180701901249
-0.0144901643307
0.14182925714
-0.0359981321462
0.226537021662
0.0784797881364
0.00189971227078
-0.0462826833414
0.088663234646
0.25066172226
0.0153906100661
0.00894235405117
-0.011203771511
0.0346622601611
0.417197615287
-0.139054102139
-0.0322817998129
0.29340307233
-0.14549842091
-0.0066286781488
-0.00983307710152
0.375336099454
0.233818133278
0.147064831475
0.0946858530895
0.182289313818
0.251459099327
0.233341383967
0.125359471215
-0.042920691211
0.323906964497
-0.0830949718148
-0.116738058925
-0.00694344557992
0.124942411007
0.145196673829
0.141096110454
0.206101437688
0.402923904005
0.223473322758
0.233093519162
0.15783584333
0.139433630519
0.401161785506
0.288611648513
-0.0407765461438
0.0378382693709
-0.0495497642117
0.0999164824105
0.0892111481462
0.0360177633619
0.462970965447
0.0956480498287
0.0774528777143
-0.0705868497542
0.0785275819992
0.00338358218803
0.0762502300647
0.0273779147221
0.0410341528221
0.0505000678032
0.0230082630807
-0.180436398914
0.119623499336
-0.0687670075134
-0.108857836251
0.076007581557
-0.00801784580204
0.0201527722161
0.0772939450486
0.0411630495459
0.286878588479
-0.0724377292129
0.259185492441
0.104962105311
0.214325745869
0.100015359044
-0.0321740624857
0.1501835344
0.138669957381
0.0395527204055
0.0503779957033
0.0373252848874
0.146060306353
0.123902342695
0.195362965025
0.128742797491
0.117683308317
0.040739974615
-0.0311428651315
0.0996043220842
0.184412685918
0.18292241727
-0.0810454802127
0.268073314468
0.0563002633935
0.206747774189
0.0461545758789
0.0603789357667
0.0252597222248
0.020213093201
0.0183972437587
0.205827093491
0.0523948864062
0.170880154671
-0.0213229237625
0.107778260186
0.11549869426
-0.0408373970038
0.256382835817
0.262628048525
0.187366449846
0.0441816265479
0.00351450194218
0.338245371292
0.0837038799775
0.0511326204378
0.0595643723675
0.138231197277
0.133892754385
0.0493275456317
-0.0456665894129
0.0762875564221
0.158961956315
0.0369878451664
0.10951225892
0.188146970138
0.0653569051054
0.0366823052417
0.0964465480736
0.0265798651303
-0.11481523463
-0.0191521411037
0.117402830715
0.0290920701716
-0.0876154004824
-0.0922368340663
0.290097387825
0.1159456013
-0.0697166540778
0.181851157029
0.00820040937595
0.0126797919714
0.0858801537271
0.116881504848
0.0776663004486
-0.0265880947098
0.0176984120641
0.0548480911975
0.0166791231972
0.126858834441
0.0812870286482
-0.0805386696222
0.0117241307921
0.0863440903941
0.0602048115182
-0.0547466958028
0.141289993293
-0.0795163651374
0.0266422158129
-0.0374257946433
0.203596794194
-0.00653855145379
0.128551446238
0.105764121013
0.0909204538371
0.165799277189
-0.0466929737749
0.0653214242675
-0.00240936182094
0.289106727859
0.132740404626
-0.108003394967
0.269348622263
0.105484478765
0.319360220318
0.0493438230949
0.0527044801941
-0.000356015751326
0.0562398883663
0.177597843949
0.245633112277
0.0960517043186
0.0529543354276
0.110169390313
0.133779569215
0.0744727744392
0.13372019757
0.0713773390303
-0.107091396926
0.230611876491
-0.156573932363
0.392280408514
0.0733945915384
0.195162898912
0.0459630182792
0.102002258779
-0.0290046236879
0.154284395231
0.187117010346
0.109067167634
0.0403413990111
-0.03976353516
0.141290620187
0.0759587030737
0.0659418635561
0.0774035330901
-0.0850898304885
0.100040626906
0.123673209609
-0.0154822680207
0.0636355669574
0.098154659263
0.0279571118558
0.0312597185716
0.0356760945303
-0.03398521951
0.101229086972
-0.0179800915465
0.128085013897
0.173073535057
0.113779510318
0.0185793899297
-0.0294690014057
0.12722438179
0.0557910483198
-0.0610623940884
0.169945405653
0.00676071464602
0.20832299226
0.190736315323
0.13769732917
0.204432632966
0.0568441959505
0.187927865462
-0.117921353841
0.213517075689
0.142125360576
0.123274745654
0.0320236690849
0.153082936911
0.0014455730983
-0.0405880320418
0.188408023883
-0.126146309431
-0.0526844905391
0.0732057928826
0.0985071633881
0.240156022109
0.0753036842892
-0.0116301766434
0.0229907793608
0.356508858071
0.181714341733
0.01804413714
0.0362745635924
0.0689401302938
-0.0386800962571
0.0518349571038
0.146522654533
0.224867564901
0.120683269009
0.0659718035511
-0.00556421226276
0.0746634738615
0.148383877577
0.003153211173
0.12632795065
0.031793803518
0.0293515761496
0.0726359942306
0.0553251999013
3.26208496381e-05
-0.0898547060806
0.0745025553505
0.115697571723
-0.0824890805627
0.0165651795965
0.255038189032
-0.0357321048455
0.0529510416624
0.163298216223
-0.0442724945659
0.1957270974
0.0693340888236
0.0191959847986
0.00540146542388
0.112684024267
-0.0534374033957
0.0564465873923
0.30320631534
0.117051988856
0.140000344389
0.208628674237
-0.0284466507402
0.029470033887
0.201715715448
-0.00943682870883
0.235276141775
0.0819550104315
-0.0596389352002
-0.0516525468132
0.0354624124406
0.139251253305
0.224048353398
-0.0446142968906
0.192595137979
-0.0244919974782
0.180774847622
0.191375814519
0.0475545633322
0.0196825813239
0.156578077331
0.0866017069211
-0.128533307208
0.253125281666
0.0748115081896
0.171765102989
0.208141347361
-0.0239760513533
0.191921969403
0.183454269169
0.164492428585
-0.163419583462
0.00266453331605
0.132693275616
-0.00187592379615
0.121149438529
0.00266946278147
0.0817908189776
0.224566721433
0.17502045201
-0.0765959809976
0.146843628285
0.0358271787926
0.111513978133
0.128113031406
0.0376655056329
0.100625591012
-0.13384416899
0.0652243221425
0.00134275025832
0.00129258263437
0.01811422954
0.0427311132466
-0.0383478003403
0.122852883793
0.0799324430928
0.0862972505057
-3.31113417596e-05
-0.163299494551
0.0381101685936
0.0675670762511
0.060043269417
0.0830876882609
-0.0962675279601
-0.0174598543445
0.0133082585044
-0.0817185252878
0.144835964597
0.117643683513
0.0483100592453
-0.0205770384888
-0.0220633924905
0.182067773601
-0.0425848405524
0.105950220752
0.112882896033
-0.0152308231343
-0.0223088674562
0.0783613131817
-0.0603470025208
0.0936163371982
0.116908748252
0.132080144834
0.198165687451
0.00127775859686
0.205065706937
-0.137342673591
0.0832912824067
0.096792954231
0.0141040072548
0.0696833518164
0.0569161813044
0.0793325897168
-0.0273347630265
-0.0451404528382
-0.0933362648593
0.0254539777063
-0.0540566148612
-0.00506269648835
-0.00887932917398
-0.0160568547811
-0.00530811409653
0.0650782352016
0.115559437803
-0.00622980204099
0.16021030719
0.124711307846
0.0892901363757
0.0325948446469
-0.0437730726882
0.021402493229
-0.0269405742084
-0.0998082427478
-0.0569900785674
0.151323617999
-0.0560986580222
0.0234127426128
-0.0176537749194
0.0527909248292
-0.0395152903148
0.146853036156
0.0605208111443
0.194247104267
-0.00995658994043
0.0617584890128
0.00490642698244
0.0736222209484
0.0517868794832
0.241178551761
0.200576306743
0.231546810683
0.171688900375
0.0806456483867
-0.0457720333125
0.176101369558
0.118710744766
0.134812468772
0.0893653790386
-0.0392130999045
0.00823438186614
-0.0285216664654
-0.0540968506169
-0.0865066700783
0.170258432289
0.165426782446
0.188401965241
-0.0765957457216
0.105172584614
0.137819955717
0.0597123383635
-0.0495001154071
0.0367199078511
0.0924902062468
-0.0481393236542
0.0810425714719
0.0797856859006
0.0818399645273
0.071240602804
-0.0297821569893
0.0569506420633
-0.124260868386
0.210797944891
0.0522021507921
0.101819200171
-0.0598731248537
0.0861899337811
0.103730033499
-0.0020373966438
0.137906614064
0.0542764395036
-0.0234648608107
0.137051366917
0.0533193398367
-0.0420988563357
-0.0719611606209
0.0147677353075
0.0617136344379
0.144615460899
-0.159453158962
0.0893249420421
0.144984473473
-0.168699202011
0.132323091297
0.0457487577456
0.0757136068461
-0.0292269300324
0.17960794385
0.0551922694314
0.127560261154
0.0643109570847
0.125075356352
0.0145170339554
-0.0357959431339
0.0163374671613
0.144201649064
0.109485280574
0.0552332402707
-0.0901014499715
0.0418944550743
-0.039933411202
0.095156013215
0.133101078164
0.0278142734757
-0.0792042875159
0.109276092364
0.128689910033
0.123177699928
0.205401002735
0.145337224984
0.0686790177186
0.0721962410072
-0.11531576969
0.0338905900093
-0.0220251477896
-0.121964924751
0.046690213731
-0.000298037874144
-0.0419841215033
-0.0560569867287
-0.0937349331455
0.159512854422
0.136725634246
-0.0505073765815
-0.00218427533896
0.155886322258
-0.158280732655
-0.00259768428637
0.0130790241465
-0.0319296030883
-0.00661835466899
0.130109272749
0.034778901686
