0.164883752403
0.139395226777
0.188107578906
0.417062005658
0.322390062011
0.273937012008
0.553660718997
0.343126667089
0.457470949188
0.203777325548
0.352913673579
0.393598066407
0.34933558726
0.567947371056
0.265669824151
0.137742311529
0.169897013618
0.394348389609
0.813845360088
0.392553276653
0.760532655206
0.366759804006
0.306945678642
0.236839151933
1.0
0.565054022296
1.0
0.301504004716
0.138480758764
1.0
0.369216383905
0.333916970005
0.457668730391
0.682914404225
0.330664790308
0.328436752089
0.220297506365
0.191769383484
0.326280181761
0.200973189073
0.788380909161
0.197529034396
0.778587603756
0.210012198584
0.327104089236
0.270694164978
0.393151875934
0.316147828317
0.33657314936
0.311758381302
0.653933663809
0.204824367216
0.25419002897
0.196753322558
0.526852143234
0.292490529482
0.367585856296
0.393304615263
0.429376419346
0.269082823107
0.606388481596
0.359860704931
0.830544083718
0.203798308586
0.361859953665
0.218424518974
0.496150250076
0.261204733132
0.700459791709
0.345812206503
0.416841244533
0.297483169495
0.154468804291
0.255871748451
0.240075961678
1.0
0.346657836163
0.220278592444
0.273457360597
0.133417621939
0.187345929266
0.292359108616
0.46221821583
1.0
1.0
0.220745555795
0.64590207646
0.308396272009
0.321822697748
0.416054039737
1.0
0.204355732315
0.108697454528
0.298191859955
0.267517853742
0.210569569528
0.423333279775
0.28410082802
0.189878310156
1.0
0.316002742015
0.264089826911
0.425594593521
0.206545043974
0.162364674208
0.608532767157
0.662220283643
0.434961142057
0.252906536409
0.283069892557
0.289274087815
0.30480376838
0.345249054249
0.780529310673
0.408397081188
0.203805037487
0.317446994127
0.0605330413599
0.372266949362
0.242874203493
0.327111227692
0.326240059184
0.789355921728
0.207843868011
0.673661406162
0.803796323174
0.159508029678
0.260458568462
0.728411989292
0.206368753089
0.25557877288
0.398013910737
0.254247581309
0.232444203813
0.22471728181
0.355075884339
0.214887180145
0.769769770969
0.224668414939
0.404319116673
0.289118777744
0.181140663454
1.0
0.434960895401
0.382742501826
0.303663821126
0.0813765683344
0.301676923719
0.671639344548
0.391376465194
0.456341196231
0.324193494261
0.712828566076
0.278394971386
0.716806683972
0.386368879899
0.246848377872
1.0
0.193558146843
0.224239545854
0.142701695797
0.234610835516
0.264500827805
0.224052728374
0.265005997013
0.2058858523
0.243982351759
1.0
0.128003196831
0.159806174486
0.339358744207
0.271142072558
0.306947464205
0.261420608667
0.412021508095
0.21648053602
0.197135930365
0.227493654303
0.757439162305
0.347756197662
0.354943096506
0.228195992007
0.245439643506
0.277001964329
0.285567279293
0.133335844418
0.212589222576
0.428237000496
0.327110645174
0.483782000724
0.211578196068
0.255807413433
0.396134331191
0.475187142722
0.202761289389
0.401733370244
0.256279520823
0.285599169676
0.311371823858
0.370168461046
0.262608138137
0.24322720478
0.393305960413
0.786543521882
0.159871739935
0.144879388567
0.849913998153
0.280198662528
1.0
0.380173337617
0.313334151624
0.332928865787
0.410395841633
0.263883555939
0.433365277461
0.722176885058
0.238316449113
0.262819904098
0.366097484995
0.160266440456
0.187013249766
0.840670353306
0.734717286748
0.31178128794
0.19330980218
0.186558430551
0.452099791743
0.431807532161
1.0
0.304980694402
0.341070964589
0.296718692225
0.813004866029
0.257487621821
0.312901008664
0.285621163573
0.5651227379
0.755419659005
0.215980702136
0.294492061977
0.323014727868
0.225913064144
0.473315382113
0.250489180684
0.344945003058
0.349331184754
0.266125251902
0.66932475832
0.256430511823
0.102169056522
0.236517005317
0.252783808381
0.190670672917
0.164673953972
0.283305007514
0.378205231574
0.320634765042
0.293864332808
0.409043756355
0.670023092643
0.25331901604
0.331971109946
0.2285351587
0.326838111823
0.790383887219
0.261102359677
0.232814806303
0.232814806303
0.254898154419
0.684786368924
0.269823287658
0.274244477424
0.427273529741
0.510838633268
0.525431980662
0.242636659568
1.0
0.286347985998
0.173821457831
0.3418900737
1.0
0.277859478921
0.36753687262
0.306698448827
0.308338072267
0.32214378746
0.797302838181
0.25702285426
0.366698953871
0.116124558575
0.765991866374
0.267899224123
0.170625459369
0.375135712076
0.290721630127
0.411510205825
0.737826730852
0.331018037239
0.162583700506
0.343475350666
0.204879610965
0.222207439308
0.32982150511
0.201983195553
0.394639171108
0.286388662394
0.393886280208
0.113361109385
0.225165347394
0.704645385771
0.105333697969
0.481490571389
0.384982223744
0.119147106525
0.23089638072
0.219949475821
0.511588345284
0.511588345284
0.427529373113
0.807157687387
0.332318322007
0.105185627078
0.548072224497
0.147080087471
1.0
0.395697020142
0.191957088123
0.232985120939
0.336183070657
0.161746527468
0.274057471358
0.267235791143
0.186116448666
0.152562548636
0.733446822818
0.307978170428
0.304940822779
0.16675750205
0.253037671137
0.190418938569
0.179506604329
0.260353625089
0.342722299967
0.357444893702
0.392980817935
0.209519665345
0.224466404247
0.572743659916
0.19931095085
0.328950949401
0.315690156106
0.486722019242
1.0
0.468077121899
1.0
0.187156185714
0.37945920219
0.223189895153
0.175521453334
0.177114373219
0.267875019329
0.30109699463
0.447876642442
0.70010654577
0.158033457294
0.246414885702
0.289402748129
0.0953160899461
0.252893789199
0.280791838496
0.335284783792
0.594690146973
0.285137349869
0.223393723121
0.391422077118
0.128003196831
0.355820036622
0.736827634437
0.252046587299
0.654080232223
0.334179284508
0.747601849644
0.555909954422
0.689391456984
0.285610226881
0.291008922564
0.33703761554
0.772606428013
0.247337111693
0.322681241218
0.21998471336
0.282325513991
0.43763562807
0.290105078449
0.477239014382
0.322144915506
0.250445858499
0.324001252244
0.617386666242
0.268234663368
0.744829761352
0.255588062298
0.363470581329
0.126802324171
0.294294970889
0.376606020425
0.0688782857578
0.205806606025
0.330802705329
0.147785594535
0.240218521604
0.234811170698
0.151659308167
0.271750367223
0.324993468518
0.271504640224
0.39742455374
0.277625359779
0.198950368225
0.303506463605
0.2986824646
0.298320280407
0.201886787565
0.31677169817
0.331755392741
0.255254720043
0.188586707038
0.385108716915
0.141244772154
0.20784674901
0.31964307171
0.430105908877
0.171276129307
0.187511495201
0.448884977229
0.43767394156
0.19122197835
0.488436927456
0.329378267738
0.282095838672
0.271975831361
0.15094837169
1.0
0.35312152412
0.279257188998
0.818910069995
0.305024196685
0.293195934998
0.243265387569
0.112112967053
0.37126957446
0.307572797347
0.370532864034
0.765395489121
0.409387327585
0.437773621859
0.64167441935
0.246363112507
0.261274595295
0.519026774529
0.227996672227
1.0
0.223528360953
1.0
0.402963576578
0.200865239136
0.339044442406
0.441985015093
0.188878876899
1.0
0.284943097246
0.378368873852
0.268012222207
0.19144869294
0.267671589853
0.380175111714
0.19297360478
0.755517995251
0.352182800502
0.292883718677
0.808972540813
0.269729219748
0.275467429059
0.792429554748
0.240548444272
0.261602728389
0.226404530033
0.427259060352
0.29107562469
0.261590364086
0.186363897966
0.193865897681
0.193055755331
0.108999278585
0.280185757517
0.415253044053
0.199343860023
0.159292929378
0.251242666919
0.29043429569
0.508805162446
0.1215289669
0.239747206901
0.340769636967
0.232509139853
0.252102613398
0.7856330476
0.221338352591
0.332737476318
0.332737476318
0.206941799048
0.206941799048
0.740811796302
0.149866388007
0.164294408173
0.307396226807
0.545560651771
0.774947089851
0.314227964517
0.263311167422
0.32123129098
0.24213510714
0.463149408081
0.614915041745
0.281720652299
0.883798198081
0.20289682507
0.576327788602
0.300000872174
0.348062840121
0.257900216555
0.235900053751
0.763831544636
0.305108773536
0.217411587299
0.3927515364
0.55804403478
0.42739122893
0.763506559567
0.255824927934
1.0
0.410203911627
0.260312585806
0.193426824979
0.307811720103
0.319069165238
0.354009024108
0.100425606257
0.490249108434
1.0
0.389544616514
1.0
0.124546330477
0.753587522981
0.280594918367
0.356547029919
0.295062821615
0.234607484316
1.0
0.218685941574
0.134129133322
0.567303821784
0.112416836904
0.250094846664
1.0
0.319862669799
0.398499229633
0.189828081005
0.301134915631
0.162043047933
0.352647656209
0.285503460358
0.371340072828
0.328950880636
0.22428508922
0.203099669078
0.273496313937
0.232540574676
0.259814146549
1.0
0.601368239307
0.264081063785
0.264081063785
0.300405947858
0.302898570648
0.257198576803
0.18673259933
0.341677100064
0.771591902556
0.252181154518
0.354086407686
0.339227044974
0.51289841108
0.736113013975
0.31221969722
0.363522351515
0.452862587271
0.347167098551
0.458632008886
1.0
0.413272085273
0.230641876521
0.139760877562
0.214908029433
0.154031484835
0.140893219096
0.16981798132
0.527969189332
1.0
0.296704160549
0.287327769088
0.422730612851
0.227642476045
0.227642476045
0.526625690346
0.280938576718
0.187266213102
0.633064151437
0.852997404481
0.388348698209
0.457944156491
0.323405276299
0.535683389956
0.279910197105
0.560377286497
0.232415973925
0.31334021657
0.120070946574
0.306008466888
0.402589793475
0.842454223344
0.294706353903
1.0
0.754632113258
0.207536073475
0.250853942328
0.182795015407
0.187337517567
0.359365621975
0.303511912284
0.253842227208
0.167465435573
0.384632025023
0.638612504671
0.205589297898
0.209685523277
0.775648934491
0.239507643336
0.367416059368
0.232368657914
0.287125465351
0.836919847615
0.416699337421
0.168142666554
0.262252682806
0.280258342167
0.209136112728
0.266554150291
0.758273530068
0.386454507946
0.314509146384
0.330428604693
0.208313850592
0.870097229452
0.271188414366
0.285696183141
0.71314593626
0.36201594097
0.158567825554
0.270544724156
0.377055414846
0.159036114676
0.641136678382
0.711493055478
0.711493055478
0.494687199284
0.237419082107
0.657339525579
0.667747129094
0.366086480721
0.179278653591
0.125811922324
0.307505484734
0.424640316168
0.180806880062
0.306822409466
0.259029783959
0.203953904825
0.629680234545
0.157562669533
0.128756219471
0.297828496995
0.266990468445
0.30567817071
0.288196536173
0.245901942517
0.283103196373
0.313889212621
0.408771726742
0.303327883264
0.303327883264
0.492035483756
0.140782177886
0.263193637608
0.204995961837
0.372350876157
0.333486283197
0.435758497488
0.176549465438
0.198010561575
0.303891471781
0.753806848039
0.309037882862
0.489401706976
0.221564253737
0.282855452399
0.34948681733
0.222279577971
0.41000050152
0.271913518545
0.269737141747
0.276909282498
0.300783580034
0.77706339531
0.269257701956
0.249840184742
0.311207651561
0.32812414287
0.330514703985
0.462351126181
0.153364541483
0.757205408759
0.177596257979
0.268630441129
0.412833095337
0.154173891958
0.20898065954
0.324458222248
0.194511613186
0.193728667924
0.241114712975
0.449671858716
0.496437451388
0.260763267875
0.233579150063
0.210903946825
0.770415002991
0.212656843016
0.13048673432
0.222853990972
0.476707834262
0.196434373935
1.0
0.327833540994
0.329282807852
0.0946037995637
0.149148637292
0.0969503480218
0.288882851533
0.585171551216
0.357867936797
0.380249831236
0.279651903189
0.213011092992
0.208694532978
0.453321092995
0.212293469624
0.242477789292
0.342627523708
0.473310292561
0.145424748184
0.235754646718
0.323704896296
0.185638443854
0.0689318963334
0.368233396973
0.306142691469
0.614109717778
0.310147918265
0.44022430383
0.26574487282
0.834955680475
0.225999759717
0.180614295931
0.252099167591
0.180341172446
0.341080115895
0.788216983985
0.273286251561
0.0
0.0
0.699741633859
0.362083120568
0.299175162081
0.754221340509
0.23006034862
0.319113816392
0.576533721772
0.31780683946
0.22972396481
0.350952388957
0.541114095092
0.19837006476
0.287665251169
0.443543436911
0.337238441543
0.260077799426
0.147637346907
0.0637300831688
0.418989003348
0.39094300986
0.319769122316
0.227756672659
0.38127189695
0.214331497351
0.184802140143
0.30255026366
0.468291241086
0.305069318188
0.271622916687
0.176411206732
0.27400550074
0.292516437875
0.352143713369
0.358489731195
0.211597456728
0.171174823787
0.399915355644
0.378694585366
1.0
0.300959979846
0.277489387173
0.163248248973
0.3056273909
0.112520827101
0.122283350678
0.146692339987
0.686269024834
0.200049519154
0.415268780637
0.386160504801
0.328841989171
0.26443373817
0.729342764865
0.3188286065
0.189010683401
0.325243935144
0.205107596143
0.377427464117
0.224561643883
0.343350523943
0.348772254364
0.223692490254
0.308816338217
0.51554702828
0.295735295362
0.522644699689
0.741931631268
0.242016304764
0.0946236575819
0.340748190242
0.225913064144
0.265681804738
0.23253955495
0.590054243628
0.590054243628
0.290876472674
0.13772817364
0.292987166328
0.500720601514
0.469131044377
0.767832687825
0.338692890031
0.387496163538
1.0
0.280008737712
0.446343415676
0.562134796606
0.267863263056
0.201685865296
0.22468310776
0.38141362025
0.244769552021
0.18206323333
0.158704835908
0.363309648847
0.196164621381
0.0608468169001
0.545434532309
0.255160812264
0.223441338336
0.245818312458
0.424860713233
0.439957942466
0.694146101659
0.274653025619
0.275504347778
0.271702269668
0.312080718232
0.127518284
0.234773556418
0.178030259591
0.437052426068
0.258041396555
0.425204115769
0.363522351515
0.249192129746
1.0
0.277558614894
0.29091381584
0.241794017529
0.312518770284
0.409036048825
0.310530532143
0.415983117116
0.825454835664
0.241279924359
0.364642907649
0.652000997159
0.363687867971
0.333794473207
0.392858854364
0.793116522671
0.201073158329
0.174873687609
0.288835617012
0.718387285977
0.868877650689
0.236771846778
0.297064999036
0.390364116526
0.323745173191
0.239447434049
0.210735488908
0.149751629147
0.0891352000319
0.307113450369
0.22688743343
0.260674318986
0.275607769184
0.10706627752
0.329977753506
0.277313961046
0.413272085273
1.0
0.490549296713
0.225375382109
0.822501176621
0.274572254158
0.385465625014
1.0
0.29286023366
0.236230802272
0.350679327087
0.801123678808
0.256167505597
0.275263818301
0.267283095374
0.37896357665
0.46501647268
0.846045273282
0.199279343819
0.305094388345
0.342501054637
0.514153713906
0.366458949932
0.238835293139
0.135241312854
0.324661845873
0.392756181496
0.526938628628
0.51996877347
0.664424609305
0.834913254527
0.261180675158
0.698261591252
0.519348800446
0.214064142054
0.0914517949784
0.423974354757
0.133270223001
0.186861586375
0.260793845013
0.113840703382
0.218103550537
0.341245781912
0.366468119423
0.760737569151
0.16627830944
0.427638364762
0.254444513934
0.394498776941
0.342149400232
0.209318310583
0.202977266919
0.349706078037
0.722386405701
0.201245462751
0.204341103887
0.193264487926
1.0
0.301608545372
0.274175646112
0.151349081481
0.447117298684
0.4133129567
0.798700254458
0.261880002228
0.150473310216
0.171903148229
0.33802147009
0.367941421743
0.341999523696
0.0
0.891905134354
0.245818824728
0.697263258771
0.167017366262
0.202580484855
0.719728860246
0.149612235359
0.839324390619
0.319312303145
0.758526164376
0.365405683727
0.198873079681
0.219248815382
0.405962405325
0.235101946645
0.218184391546
0.199819309202
0.199969051202
0.143831051524
0.228422711763
0.249909093099
0.241073454184
0.222640377708
0.302924633239
0.275021897383
0.226466248604
0.234001610313
0.3436415123
0.309549142066
0.408397081188
0.537777045629
0.263486808633
0.33739196072
0.431753231942
0.359318112882
0.174748173638
0.234997259927
0.216826050163
0.328204660742
0.391981931637
0.217586269144
0.358818482289
0.127742671643
0.233961439379
0.158066235299
0.552039715504
0.190616696215
0.366051839159
0.212469820518
0.578492141793
0.311369385739
0.670987324299
0.141809909439
0.362264629402
0.237853291701
0.785614794479
0.491619257337
0.141360166399
0.170637695684
0.325049604027
0.411481938175
0.517779013267
0.463674377908
0.778635229791
0.523668343596
0.190825105113
0.266609335329
0.371091831025
0.427675508279
0.445529092871
0.0857277078148
0.738192724467
0.492538979509
0.215004011227
0.359066912085
0.199297499934
0.414786277821
0.237306751515
0.241688691265
0.619695755166
0.215387798086
0.244279628467
0.124188467929
0.127744107196
0.267337860623
0.371359880568
0.236111515475
0.264063874928
0.271315157648
0.754283600499
0.32629343863
0.32629343863
0.15571897345
0.452892309416
0.365998361328
0.25496856292
0.590911187355
0.589451112928
0.157449497891
0.195565171306
0.552471197138
0.745452666867
0.186998950899
0.275575066875
0.219334474008
0.250483781837
0.297082177066
0.174605446739
0.182634383317
0.484028394041
0.32815126993
0.364403110065
0.364403110065
0.263813975916
0.768872728886
0.799780738916
0.724996222203
0.205704102816
0.214876066257
0.157314109899
0.458325612752
0.242788936112
0.405180308249
1.0
0.437354556658
0.278599528247
0.384429256589
0.242093798483
0.365076577336
0.401553117632
0.314863558132
0.703965358802
0.253306280529
0.602474667535
0.166594673475
0.263623092678
0.569684689785
0.243058637691
0.185250458866
0.680128198773
0.339215828037
0.233590102826
0.291881613466
0.27846278154
0.223250580191
0.629084752165
0.332775773692
0.352337244367
0.775044499441
0.317371214098
0.205485576596
0.23969254898
0.293306765011
0.732391951539
0.415404323815
0.218030783273
0.153541769696
0.215426586805
0.272159121888
0.268642628841
0.26633455956
0.183031327208
0.217269814215
0.32197327987
0.399085636671
0.333786251007
0.219374219179
0.590934370026
0.292783855964
0.407910576256
0.184749769506
0.751308672641
0.192430520393
0.336164135164
0.152519989389
0.332939448485
0.577459950434
0.193231112523
0.34865765503
0.320494437344
0.268691735025
0.196352331108
0.375106166308
0.437660665926
0.396907179698
0.119377985171
0.388591701161
0.194207599689
0.425812119868
0.287902510301
0.197430578447
0.26886166429
0.23256592232
0.776652574833
0.367685007284
0.386088484086
0.245684889387
0.410424447857
0.292597821882
0.347734354371
0.799934742433
0.0
0.0895306386658
0.732520865698
0.248163163909
0.426326368984
0.282761422216
0.355358099466
0.240057009964
0.371382763496
0.383223618905
0.199818970018
1.0
0.518704096978
0.216963756535
0.329244480276
0.668034369567
0.148506128918
0.409281198966
0.820783549666
0.528063788111
0.253666982213
0.198474009077
0.107607800944
0.133726831907
0.261332673771
0.063386798491
0.13072483705
0.340505578978
0.508945301266
0.255856273354
0.153165404639
0.198088278763
0.241442574242
0.192900558333
0.211978433488
0.201327770475
1.0
0.226615235556
0.32408993814
0.540837630426
0.206361607428
0.793379496382
0.20509458002
1.0
0.173685139669
0.252945583487
0.739226233106
0.230464782444
0.187640438555
0.371426762793
0.702331181748
0.297079135836
0.217853737508
0.300079064182
1.0
0.377175642161
0.419201487546
0.123382546983
0.226394189109
0.32058574823
0.140380639918
0.534667142869
0.370740421654
0.2158225975
0.222549509354
0.340326834116
0.307622640009
1.0
0.175112987242
0.741075441455
0.438344405178
0.278062934001
0.380017770149
0.494741831584
0.560679243509
0.810201634013
0.361093154826
0.541422171084
0.525066446565
0.641498935537
0.258030379757
0.185190230364
0.51216847624
0.258092469205
0.257150879285
0.16117959296
0.141526242622
0.250461151962
0.207318879045
0.493231726045
0.493231726045
0.447502197379
0.18830866069
0.147879073183
0.826094773963
0.144728852129
0.252944756497
0.231701440184
0.157721703335
0.665653864895
0.267806617332
0.196230054759
0.428279480729
0.54711978368
0.277607477383
0.430995416192
0.461190969766
0.480612257525
0.567052437801
0.839284422551
0.309133615086
0.475941022995
0.407177920054
0.292500150144
0.777271174397
0.259235826943
0.226231675182
0.444069864182
1.0
0.425171402578
0.145458496147
0.246199404241
0.598562556451
0.272439002242
0.254232990387
0.446660951496
0.268844295867
0.29417518461
0.125702743552
0.296730915645
0.134515945155
0.734597396905
1.0
0.48563682916
0.441424075725
0.129920538615
0.270027465497
0.0894623581986
0.250669197073
0.44549181351
0.274180795578
1.0
0.355452723838
0.139754617975
0.282074187364
0.167515234377
1.0
1.0
0.250403735211
0.188285351677
1.0
0.241806305289
0.217113854604
0.239649382825
0.608164548506
0.373366245345
0.331792058157
0.182843272766
0.222852596602
0.408839361475
0.27632258326
0.312668969485
0.312668969485
0.792141087339
1.0
0.169556602628
0.274261538174
0.135671464568
0.649786760667
0.240640853122
0.382623855483
0.505522361395
0.155235620962
0.48310149319
0.347166211289
0.630439768884
0.246702330359
0.295702325419
0.195716083167
0.611574011903
0.211037144938
0.195673662596
0.632091110945
0.302871263922
0.242806633522
0.272043941928
0.688347299607
0.178583476525
0.235674954134
0.267853738296
0.274168319431
0.227597328073
0.641024374503
0.286994367958
0.336452067502
0.513949715149
0.307750811914
0.763413324049
0.308269919096
0.371204384018
0.238583226689
0.287327459764
0.081116640208
0.142830358526
0.312807094663
0.232194110802
0.258268958341
0.368960703002
0.349767780102
0.248201108873
0.78476558901
0.227261421779
0.315083108138
0.2627802699
0.626939400853
0.316889657231
0.13034470288
0.248347233529
0.303339558745
0.30480376838
0.180567245947
0.254363396604
0.160720313157
0.52495796592
0.43542852894
0.301134915631
0.245516422067
0.341439472039
0.335135479348
0.334472765113
0.258065178406
0.713176978845
0.403167521217
0.528610789073
0.642935221984
0.28688673093
0.225002385647
0.119171744692
0.205092108902
0.172439806076
0.323610414309
0.327565700635
0.120532441356
0.257794893022
0.245583592565
0.441407852563
0.772120834138
0.274404722796
0.193248073558
0.712930752489
0.329944527761
0.291759912534
0.388035708469
0.807446295754
0.27717715384
0.766781923483
0.559973046652
0.292556261014
0.28478495074
0.206368753089
0.17317101981
0.145381068698
0.315797376285
0.158502046913
0.283975373175
0.245460162294
0.342694579123
0.362071030547
0.694016072157
0.24776564932
0.252193339376
0.229131220627
0.714953125684
0.207055572822
0.253797338936
0.0444880960703
0.273254793242
0.225479053598
0.369272290911
0.233901616342
0.373996362509
0.172339726923
0.308473599423
0.783219804365
0.193517581039
0.202251166854
0.460477968132
0.182852101496
0.165512417696
0.248057967321
0.182885595867
0.171607036638
0.332722766265
0.182260566025
0.822006750893
0.555654279887
0.555654279887
0.530598178061
0.204527562255
0.307274451555
0.328948066961
0.366351138123
0.215278550951
0.269525398383
0.345196168936
0.331324022662
0.209823000893
0.364606441043
0.370892260404
0.28316577703
0.300382817657
0.401898987993
0.248164201283
0.201358753378
0.360212629741
0.195022774273
0.652749118187
0.280886589026
0.222048044761
0.0921260676589
0.315701852005
0.289255876632
0.263453905546
0.244986004573
0.252531063896
0.192802489093
0.239522585411
0.157795319379
0.78088334647
0.247919202381
0.518139412413
0.535051404754
0.264886855317
0.244098270504
0.172942353082
0.367581369262
0.385955122296
0.272610229167
0.659625545762
0.23569092521
0.195755889438
0.200561725691
0.204641965147
0.251166662183
0.602491633133
0.218025761305
0.281437074075
0.264215978095
0.179063811864
0.753627822921
0.646997628639
0.840927286294
0.482930382711
0.352912857183
0.33546839748
0.790895567091
0.401108957664
0.39406037739
0.230427044328
0.358060258168
0.295947594601
0.368437586069
0.201714381683
0.239774843295
0.225669442965
0.332852823041
0.313921471023
0.175814803252
0.757574113636
0.601106990845
0.474877851275
0.608532767157
0.260811070093
0.172475943979
0.255877244598
0.219831017104
0.380540754662
0.207858250657
0.483207535035
0.333837364023
0.343740591888
0.354166360412
0.760454756808
0.22742728715
0.244979804338
0.749958710838
0.413921445345
0.394907131124
0.395575982436
0.397152432275
0.7502610495
0.201321263767
0.193014898042
0.34489187188
0.149905256667
0.234938642576
0.251491901902
1.0
0.306237103016
0.328715723566
0.369434967153
0.585642456303
0.830381889355
0.144583709952
0.47183218912
0.199637788139
0.311770464167
0.152862128392
0.249745151788
0.232494393508
0.1664069169
0.825512600048
0.204610829914
0.331963791354
0.345081852494
0.363061993594
1.0
0.312355744549
0.55082407891
0.265085104162
0.265085104162
0.162713978921
0.490732486956
0.30948768475
0.578290219169
0.207680028299
0.449644269513
0.481815108806
0.269980831592
0.383335320331
0.344856715965
0.150990031088
0.250624553699
0.26643209774
0.697473200246
0.187064927531
0.307721802726
0.471397639084
0.25611522712
0.231912851307
0.193666447444
0.311447562739
0.526977550807
0.538228462477
1.0
1.0
0.460542388442
0.391140774199
0.293717348412
0.349383562937
0.710362398279
0.266346621087
0.209915009434
0.228635163396
0.237730243559
0.261568628003
0.116047493491
0.157694775513
1.0
0.360587350046
0.266918700098
0.264486098709
0.227870014028
0.346695038466
0.287416035242
0.616729129867
0.365144833907
0.290643764262
0.239871568864
0.239871568864
0.176760501457
0.277990014515
0.218394724366
0.193703270643
0.840899757803
0.298220490669
0.25841153014
0.294300935667
0.294300935667
0.763602600935
0.343902577187
0.674341725106
0.22120902753
0.215852427842
0.313967217043
0.76083777493
0.325727721324
0.362826434333
0.366871335021
0.215224044525
0.541255572753
0.28032060256
0.25749438822
0.226863007101
0.313139621121
0.894310960194
0.258765173103
0.296655115062
0.625825047784
0.1765941038
0.28004584351
0.360732024008
0.76325943569
0.262760936821
0.351487149599
0.320718758445
0.297972229611
0.304145342015
0.127131549955
0.235856362737
0.661495887389
0.27054396364
0.402579399423
0.435982253757
0.231380291552
0.423153943904
0.77053025182
0.374244344392
0.370605710609
0.532398251263
0.720277985391
0.247005670069
0.169195664878
0.173825050239
1.0
0.264460702115
0.360203448634
1.0
0.16724442709
0.245728978641
0.277186769516
0.363948608129
0.460644072768
0.27275314676
0.187234084408
0.57582468645
0.504260766643
0.524678805848
0.332383936593
0.199011447944
0.416520069745
0.34205375108
0.286306291161
0.275768497884
0.211172004525
0.317837996614
0.51554702828
0.136964081645
0.572800909337
1.0
0.195086356396
0.311363606947
0.170392778619
0.714903484848
0.188820081949
0.387476082857
0.287706307601
0.363324610079
0.358622734419
0.27144969952
0.165733280612
0.339671242969
0.457494395994
0.254088310217
0.363309648847
0.184825370452
0.46425099319
0.338296682192
0.367436373599
0.496616687938
0.238980308839
0.8135772712
0.417477367178
0.0794222285149
1.0
0.268180378668
0.408305916095
0.236850800248
0.881383119234
0.454463343434
0.405529432812
0.226756778567
0.295412664524
0.300874924361
0.391104764604
0.43375220427
0.363415460759
0.521619341394
0.490493907846
0.306184611055
0.338320895067
0.687106416102
0.209973884432
0.199474143482
0.0767866586393
0.275950037572
0.253260647003
1.0
0.442380338202
0.341764874394
0.087469479998
0.192353041188
0.160272221488
0.192030050565
0.33177362188
0.763992094991
0.216792800684
0.32147447823
0.373822095115
1.0
0.154561267366
0.265706485733
0.215242368145
0.312554489541
0.221598278334
0.262740482165
0.409881190414
0.439356343403
0.320145594988
0.155407100063
0.236222375839
0.213430518927
0.167604530003
0.679082349776
0.309023201577
0.0712653815346
0.232271702656
0.348549394356
0.112632361606
0.216866011583
0.2206201667
0.15401514366
0.0878742431623
0.0687221904141
0.121076922846
0.386849973233
0.153466804751
0.142782655059
0.194824295058
0.20511235471
0.19963580747
0.195821006752
0.159322602158
0.178833765507
0.228150148195
0.200244913808
0.222904621518
0.266246156787
0.110385525648
0.272048409063
0.290070713716
0.209723294629
0.157206687136
0.124125313132
0.066588701082
0.0700020082728
0.265386071745
0.240600581738
0.171318333645
0.114721919455
0.0869576071204
0.166578594744
0.0640795861357
0.0323529264295
0.223079604535
0.375263237468
0.0768853346516
0.175448234575
0.186124120242
0.107782011343
0.287518991963
0.131941553451
0.109229883031
0.216306482005
0.0301551468605
0.00591389364219
0.166426447411
0.141315156376
0.255860642733
0.214960139872
0.0536958603522
0.134363079092
0.202286185645
0.149885506038
0.396816239212
0.211985254381
0.19883322642
0.204968771157
0.164779828935
0.141761587835
0.0992790559956
0.0843267624752
0.242323311008
0.168153465832
0.124799657175
0.227811518958
0.229131591879
0.247904033082
0.153963463567
0.226533037875
0.190591821047
0.178025876295
0.146361870817
0.185525879871
0.0844197894502
0.212216993766
0.155432743124
0.094809014849
0.114761213619
0.186630069528
0.161585719303
0.169112535077
0.106261195095
0.161501059705
0.159240279287
0.153293773138
0.255900652339
0.199436692922
0.06211546469
0.072349850618
0.154209689058
0.181259256108
0.197831545913
0.132052828124
0.196666441973
0.271396806238
0.204261323938
0.0855035304981
0.0710991558984
0.228151427132
0.240392221645
0.243983643106
0.210060342441
0.149795621661
0.201068469627
0.0931515959444
0.123225531651
0.0620205378108
0.180862248618
0.153495712426
0.181534795816
0.23482052592
0.233768078128
0.190313881182
0.151054355935
0.18195189215
0.130180789336
0.133563901862
0.221277926162
0.127130672128
0.347202716987
0.190354968016
0.252002861194
0.277146511915
0.0630621955739
0.114714987613
0.204784445548
0.149306708732
0.17987833333
0.172273956305
0.169233122673
0.10786287723
0.151553786852
0.287391938764
0.128026784978
-0.00807759811997
0.149094178283
0.192192196686
0.0900773325189
0.230799919664
0.28481171723
0.1557204584
0.285683672643
0.082683189058
0.142331803306
0.159769105229
0.336432645486
0.235368617106
0.0616245356057
0.13801340012
0.280642701003
0.229370961301
0.226809979768
0.162587597818
0.146114368254
0.412350056624
0.398877977966
0.326344420479
