0.552044583603
0.650318984419
0.78236407066
0.611189894704
0.641299567251
0.621668649134
0.868027246947
0.720287355808
0.824346772668
0.755448036323
0.596972622528
0.670696582511
0.683041842064
0.658197251354
0.444492021196
0.605282439264
0.799811635617
0.463705198177
0.738074379427
0.675341829444
0.591607106687
0.529826199465
0.700955278654
0.706006968238
0.88418983814
0.74567518189
0.523770288713
0.656377807983
0.688279418949
0.438357576654
0.779628350274
0.871393303361
0.306318913851
0.252307662642
0.69288823299
0.538855489539
0.635118476691
0.734430296469
0.591731541436
0.697984483566
0.575528679453
0.500677862618
0.681307833902
0.245653149412
0.633059005495
0.369999196796
0.500366685564
0.497267938223
0.391074222953
0.505823084673
0.50397846297
0.476852470635
0.619347395848
0.475005829062
0.502707189518
0.465307027215
0.543339035959
0.479697952244
0.744873185155
0.860863765342
0.423510842985
0.719893698878
0.896738333045
0.5725301704
0.639129039848
0.46264534408
0.463133969578
0.312601556764
0.523916010711
0.506876690558
0.38694649422
0.696269406566
0.45170387974
0.463896915391
0.586314178174
0.299992181945
0.54213144786
0.333222847266
0.530704836064
0.619904360557
0.418231553993
0.32754163508
0.283605039382
0.405566670362
0.577914733231
0.727156138318
0.496038956305
0.658241253848
0.413191531304
0.732010137788
0.549031134097
0.514335763296
0.740256483103
0.583107243918
0.634686603398
0.440212731874
0.517825384163
0.710263281288
0.474909532463
0.507749900666
0.45481136151
0.400340736039
0.400340736039
0.30459751539
0.442793064753
0.466095294043
0.317221168636
0.351228284312
0.326726395967
0.374200909735
0.325078656816
0.859553272785
0.643668087801
0.708996071543
0.740842166184
0.754898622455
0.540324795387
0.729140821239
0.432897525149
0.711749270693
0.575248477921
0.736181543593
0.666942461057
0.635665429752
0.608015680833
0.686925648952
0.51978706293
0.660960995055
0.929599793079
0.869656278921
0.493646927483
0.514852528776
0.442169687239
0.716875052075
0.803020932301
0.614118025506
0.495782557789
0.528674880033
0.710222899068
0.586855306486
0.729390965355
0.561308393788
0.727997597031
0.87417832688
0.432781192699
0.622014790162
0.863132511407
0.664828860553
0.567442670824
0.555221964998
0.69405230705
0.343653226549
0.540821936039
0.556938063681
0.503419516808
0.729387924889
0.567881005144
0.967121229675
0.52040425963
0.593795169081
0.424918023146
0.711959398225
0.464307729193
0.794389671091
0.453422526954
0.376573800768
0.41118200529
0.569176959868
0.484027788191
0.696094978069
0.67784350615
0.675209751191
0.553111053581
0.409537305298
0.59595962671
0.606859905332
0.396428749334
0.528107530795
0.551729010607
0.512066526416
0.246778641262
0.245212803788
0.783829938585
0.474458328815
0.479584268133
0.378998375585
0.911219221868
0.35681004592
0.908593980556
0.579940530715
0.60529630862
0.535730639089
0.5216587072
0.418031365269
0.785386085625
0.614145533326
0.602771621329
0.605645169372
0.357896173693
0.529343169502
0.555583976906
0.547464827652
0.542297801979
0.566626297961
0.544570622009
0.650548065255
0.743446736728
0.419551692382
0.46650470029
0.66212063491
0.396447219064
0.593272767059
0.540441814992
0.334051245176
0.436798493191
0.333073662179
0.699523123233
0.52277166084
0.314517955112
0.3688169825
0.515423920683
0.524927397809
0.530151771503
0.219785035783
0.43982056222
0.414254907904
0.409233473588
0.450821550075
0.722878600431
0.284779903641
0.726468751517
0.866911759209
0.355404365832
0.453359248157
0.964636048534
0.570437034754
0.604675557349
0.482316847744
0.642228817944
0.417975558952
0.530105420527
0.289811376842
0.443433938715
0.843624966788
0.57323438428
0.679031259347
0.398070312666
0.584777615042
0.375330540145
0.613497096972
0.498596750607
0.593187102483
0.437073443563
0.372792109766
0.580032665308
0.544694539359
0.657656785078
0.523766667343
0.601668245037
0.755526448209
0.292116447037
0.524410292134
0.391742175143
0.565405804786
0.397629454711
0.495453932928
0.380139341565
0.494830617694
0.483197498424
0.450092990528
0.49975262975
0.749890314346
0.365790949913
0.484080157822
0.522457422279
0.614433813559
0.380968510554
0.498703452961
0.669391264385
0.500729986207
0.396316635077
0.346340143807
0.454758307652
0.460858424556
0.697147440012
0.651881233803
0.354279263516
0.363556599153
0.588172199556
0.4564336833
0.671637862661
0.666283331697
0.204469346705
0.489798011118
0.616471023067
0.603616357843
0.57660227304
0.669054703389
0.567595226217
0.483205046863
0.452185607461
0.425059274644
0.472998813531
0.55095794368
0.273921147878
0.45654307786
0.367796059264
0.450925016607
0.36382115021
0.348797914946
0.629038409527
0.370482614205
0.492183189835
0.424626470025
0.395950067164
0.493910517221
0.415324504354
0.576145766068
0.400793842817
0.43894721618
0.347339707374
0.716993533246
0.415944545283
0.407988874227
0.46269309028
0.538862165983
0.478368260791
0.747337640377
0.393059174767
0.292761232218
0.609832624342
0.48482378632
0.463939752901
0.569596509257
0.665047153264
0.676105126105
0.636392108828
0.798148272212
0.748375731583
0.33174997681
0.502612584458
0.334718746626
0.576424754979
0.540937437312
0.599469593389
0.475575140194
0.635595793936
0.669791380436
0.595183903509
0.622919559128
0.765802978077
0.651417827214
0.70654579155
0.520778327979
0.435212185034
0.479741329699
0.310742200375
0.550539344069
0.483336733699
0.701216459451
0.525842363752
0.420949890468
0.354070440948
0.520247584551
0.391785434476
0.608642095441
0.507323598796
0.549614198689
0.375644737897
0.486099249484
0.832475043302
0.464922477839
0.61721060873
0.493414169187
0.356517752263
0.433713756887
0.645883810213
0.419779087013
0.606073029366
0.466491134252
0.56611984459
0.619105194612
0.248876396773
0.392542264449
0.360792338467
0.468911266969
0.315935187539
0.46671810752
0.44720177303
0.296978550429
0.360430340806
0.352744753542
0.417927800916
0.467860150224
0.634921854958
0.368726106432
0.345899081184
0.572740387899
0.682457740471
0.562558343847
0.516852075626
0.43227858017
0.286536644203
0.601085282788
0.49638304395
0.370319312997
0.525535139232
0.589237382799
0.586449840075
0.292740376359
0.723318489694
0.689725991217
0.615489337084
0.423962011744
0.536045384509
0.367295242991
0.244490475068
0.570727441903
0.478122073775
0.363844179984
0.661631351795
0.376124728688
0.392591801919
0.658585749634
0.603507950468
0.716620905077
0.31090057879
0.478391519267
0.415692788761
0.543393112651
0.761269616682
0.51952844071
0.363192358729
0.416445360398
0.376375480154
0.506772614188
0.580241019457
0.331939232412
0.36232264283
0.360812717713
0.223697031815
0.478050320852
0.813109512124
0.341302125363
0.737814347343
0.741250625961
0.388987866751
0.478476250891
0.496744923359
0.380932492795
0.339954127107
0.423036871352
0.319223340468
0.498358785366
0.431339611629
0.460007191043
0.495209086986
0.452659237403
0.736332181816
0.338143787496
0.564747231467
0.358383451529
0.469119164123
0.69552713832
0.514691142204
0.244462488546
0.406018571965
0.576788702985
0.336599218367
0.529637744576
0.529870852823
0.618046937858
0.36856910117
0.600708650168
0.370104701806
0.549444006157
0.418094835033
0.556775573164
0.530771602341
0.363840763205
0.391588130478
0.421720624129
0.27797895908
0.436198267901
0.343564183998
0.605591660205
0.414924742513
0.385336363289
0.294582302522
0.436764079671
0.552622136401
0.607672733814
0.111571802702
0.543222581661
0.601469362334
0.524814438418
0.489880864899
0.507709442518
0.468308498232
0.654215493509
0.428772096359
0.727132274649
0.536789485656
0.4039158577
0.36435978578
0.513312045641
0.374914956041
0.485254062966
0.53844538358
0.291724339919
0.341453713621
0.398447368765
0.516468297705
0.301049779799
0.414799398569
0.357720790158
0.495855350319
0.433111767311
0.431925729017
0.418377365113
0.413367847167
0.275210491167
0.553153961433
0.526477852051
0.595720139229
0.436302505587
0.583653199454
0.499925262436
0.513278308754
0.590279794373
0.46947288385
0.476903982778
0.449465394942
0.459005450996
0.520757032846
0.547133554782
0.41954979929
0.538041168041
0.540756736574
0.656511746425
0.491671291218
0.553985631148
0.572354937366
0.44872235385
0.583461902507
0.561300615289
0.365665109917
0.767734926886
0.355438099091
0.482059440244
0.155835741865
0.186106293653
0.411760369416
0.625642453014
0.435335162822
0.433084536267
0.314446554327
0.392164665825
0.273432279455
0.279069602018
0.321986777682
0.301286719219
0.525067428641
0.557853489632
0.347918289409
0.726316771374
0.501437636111
0.499826487076
0.393667622909
0.490921051259
0.31898236348
0.411160661684
0.474424455386
0.584196395654
0.562597860151
0.733091124408
0.507534780191
0.44367051106
0.515239569206
0.807578772074
0.479746804438
0.329793560337
0.510389168398
0.417925578759
0.410345516614
0.56498604039
0.502458233431
0.585617328129
0.55966942796
0.346675191282
0.262237740501
0.487981459066
0.705565436177
0.473589429863
0.533199383079
0.54735566396
0.455180650977
0.600469116404
0.559511974446
0.312219111753
0.283054299521
0.445851860792
0.38196915417
0.288645906171
0.24578420898
0.281353655389
0.684322639116
0.595311345575
0.32279530762
0.464219142717
0.669056613896
0.354739425454
0.45412463766
0.243461016464
0.343895923239
0.411381927415
0.565380679213
0.373679610435
0.42860346906
0.590870801634
0.539689095365
0.523574663804
0.265081756844
0.375073925685
0.410655065049
0.331125797202
0.434247244474
0.595720336508
0.671053670624
0.615850593594
0.473969501335
0.437612268976
0.434807980304
0.67121531175
0.266231173377
0.544247227452
0.476026904
0.253900074516
0.598022315284
0.351981918527
0.762669422599
0.429474687884
0.62916022167
0.378535842412
0.571991245898
0.300377386671
0.513700733091
0.300140648705
0.519087516656
0.700205223935
0.584071238136
0.554674152741
0.351431893945
0.463862514605
0.442317122048
0.46233556535
0.376821320114
0.40466139585
0.519481286864
0.352522610121
0.7932462761
0.346693168933
0.408676226089
0.446724996754
0.585324005477
0.388850220896
0.462399185273
0.825793204298
0.544413302157
0.303697376876
0.558162908963
0.504290869884
0.611145293484
0.465565873105
0.271791448971
0.658598144308
0.39928164707
0.649507107965
0.315189838677
0.720914372113
0.494297552834
0.577884761205
0.433682428055
0.475204975035
0.52097377446
0.488060005989
0.617450746224
0.507776358314
0.427837674872
0.490386675037
0.465288874051
0.649430799931
0.671169614383
0.403320539598
0.63049376971
0.605086128878
0.406130567228
0.691897269111
0.30821271439
0.325170608413
0.423049412729
0.698881870501
0.449707113754
0.480905138713
0.522859973115
0.565931787548
0.253983287943
0.462457478305
0.564641835814
0.355760128716
0.329670627228
0.285577581644
0.236181084433
0.255237351931
0.204616418494
0.264116290702
0.364934795957
0.148128077512
0.216115092125
0.29373561796
0.215308908685
0.186424675147
0.279618820217
0.243072453275
0.164879898272
0.23813253264
0.232591893538
0.238210982058
0.278459857913
0.172943413803
0.37778296919
0.19338438011
0.190529772675
0.170492107328
0.158923164952
0.135768839937
0.142201917319
0.0391902826945
0.300008388379
0.203984561899
0.129721234776
0.209663110941
0.115061416867
0.304946335156
0.116128491906
0.173053095827
0.203180593814
0.231637527409
0.100916000734
0.222971601533
0.264469959057
0.236103523932
0.305068837781
0.177726122442
0.227412874674
0.243611076279
0.0626744030387
0.249122078137
0.434932287487
0.272418985452
0.222441589708
0.159834623187
0.294034272134
0.133160510624
0.233948298013
0.384490281185
0.190517408522
0.238429565977
0.221964419459
0.206147778586
0.217713767154
0.223999379819
0.191794578202
0.298019591124
0.229768337228
0.156478063522
0.353860745388
0.806103340565
0.467214713157
0.867292310508
0.505713441662
0.792948924931
0.897355780661
0.536215155701
0.477958203933
0.422428089288
0.619933762941
0.715753782988
0.745754386167
0.727863281745
0.574714820115
0.662800858643
0.56607552854
0.637877274337
0.651042321293
0.629306693857
0.858580653488
0.525554735894
0.418632518162
0.756172623697
0.695487451691
0.416286075956
0.609115480216
0.74178256957
0.519520770895
0.745645283469
0.572514280158
0.581149386154
0.676057854381
0.559158367732
0.439127944341
0.457669196069
0.662023062984
0.758920811696
0.618803966022
0.748342848553
0.676100193411
0.654900326186
0.49622659544
0.776956404714
0.626450649911
0.578586765439
0.679255249079
0.58052731639
0.779258268026
0.577044394255
0.593385006422
0.623658860686
0.378121791107
0.566105394147
0.641157961782
0.57366207387
0.674268745827
0.802132995354
0.615332395639
0.687827948881
0.4522537381
0.344179646458
0.537445035262
0.572163739704
0.684100990313
0.6374907917
0.593108112675
0.658977718696
0.562342343393
0.638623242103
0.419720023661
0.516899001306
0.613860185498
0.567038304023
0.736915275667
0.752700086137
0.526856981294
0.57109711634
0.598971283874
0.467943903128
0.530638296293
0.563096541944
0.607324474636
0.415988034783
0.726534711856
0.731732100285
0.492703066166
0.755728509079
0.47587357619
0.672429435378
0.523432220371
0.521846750671
0.506650500799
0.691791780443
0.733802551978
0.471418005986
0.580376359572
0.713193815741
0.370482186809
0.430140704137
0.563614541042
0.478116772091
0.517532784876
0.563637245768
0.472235330332
0.443859835348
0.382612354145
0.420186473265
0.758501411077
0.674697030618
0.615040527696
0.664482497565
0.553312792561
0.691701913639
0.604003681987
0.276996973243
0.667563843884
0.313413522575
0.403432611599
0.533885543727
0.504052601377
0.488424084388
0.518762143288
0.619162770298
0.681034577909
0.479667251874
0.63355591313
0.669807618222
0.61171274907
0.638165159861
0.540723814328
0.515822128516
0.629878577518
0.638224682318
0.418604591848
0.536856887258
0.685750088967
0.40364542941
0.689581108244
0.513114322012
0.664503934057
0.41564303574
0.516272418009
0.539287161095
0.516672739794
0.537282533932
0.481492376567
0.375843331541
0.489929573355
0.728936523425
0.610923438326
0.404730308876
0.646674430389
0.531742244977
0.521528572557
0.473772197948
0.597669087523
0.60547807658
0.504137109065
0.607372095673
0.517475434974
0.502533863355
0.613244351631
0.624510305323
0.503505372323
0.536818723817
0.604456678257
0.62233598646
0.505772108072
0.594109122276
0.546220907068
0.461111086027
0.722493472561
0.50840728627
0.489675632985
0.706866650779
0.647451231184
0.678261505712
0.593617868681
0.501142972987
0.504864980193
0.456593384407
0.637814850288
0.68925325695
0.604814859533
0.450144720297
0.556093477345
0.486185082326
0.435904536885
0.478547997336
0.573884417759
0.432901050727
0.476460363583
0.365768103431
0.472217894203
0.562141993644
0.404122528679
0.576644720557
0.523282665319
0.303012650402
0.508980004764
0.424989043756
0.473244576252
0.453109926877
0.344277587157
0.437014053988
0.645993890322
0.508683561681
0.557657694784
0.497930465164
0.480964232306
0.528567237873
0.306523743492
0.443828492618
0.208778356321
0.251903795446
0.37287910701
0.434207692947
0.466806310068
0.577883677397
0.528716440898
0.380082492311
0.563809698727
