0.308455473395
0.632714272253
0.585785518671
0.55067246704
0.217276717883
0.542963820273
0.364196311112
0.234912054178
0.415072982241
0.345181920423
0.220162406687
0.470999429836
0.408856560724
0.575413102217
0.381132286926
0.150505661582
0.246956712244
0.41988443923
0.443405256862
0.176659630091
0.240456951974
0.285424683906
0.240019074918
0.229698804828
0.267902236829
0.241000891663
0.367658187273
0.0370134662963
0.155265145379
0.192207577672
0.256051338653
0.15504443846
0.196865483291
0.210252337399
0.0839676419502
0.152725986764
0.279371663031
0.224664124438
0.361212520157
0.128433433172
0.168863548659
0.265098066115
0.182778449932
0.144156800291
0.113885866398
0.0725971715991
0.161926113981
0.281536583718
0.183987569979
0.126555593453
0.0868521987339
0.0957102972332
0.340683020868
0.144063640411
0.222420109111
0.0896717928963
0.05975693005
0.0272102228997
0.225327510234
0.0698652333112
0.0998368455134
0.149409873674
0.0651340158288
0.112482976266
0.11598518406
