0.290234757354
0.584104486157
0.560641188663
0.509895156816
0.203768677068
0.502806864445
0.329793987741
0.207989555721
0.37301026111
0.307130643971
0.200704866205
0.42938260269
0.336317323776
0.529723280088
0.342101603654
0.126092088775
0.205556989483
0.373808391377
0.400328389764
0.15088006936
0.21365877635
0.280874519196
0.220729387694
0.204099003038
0.222010443081
0.191219459496
0.317913806465
0.0288201181787
0.148326403165
0.160967388573
0.220219203024
0.140356153746
0.157683629856
0.169144972903
0.0632701184985
0.129344912432
0.243181588767
0.207340306592
0.324910233693
0.115268703305
0.152811374374
0.231413350526
0.174378598895
0.136018217002
0.0911352522002
0.0750829695189
0.145887906732
0.2377952565
0.169430581264
0.114675710793
0.0995390241645
0.0624405886445
0.299412919347
0.146747892363
0.178456191389
0.0826887057323
0.0685416395244
0.0334908612833
0.20590420061
0.047913320226
0.0781624520933
0.121421000624
0.0528833342345
0.104710916994
0.124521554563
