0.65915300711
0.816426528652
0.380744542787
0.734829823483
0.73407463679
0.289292326233
0.351628938534
0.639377350164
0.358220282582
0.430860932161
0.649554443536
0.656146357971
0.218161352373
0.3619865188
0.314860457089
0.37983876927
0.434585471422
0.389721091095
0.89919567266
0.481323512857
0.53259261579
0.333414822476
0.352036261522
0.353538769101
0.287942348296
0.51143207916
0.229297190404
0.437273685608
0.343215937638
0.366231755023
0.35871211673
0.965770217301
0.445805850061
0.641854667312
0.405009935134
0.332605484504
0.364730544182
0.509043640058
0.357685778776
0.422317849235
0.327382990265
0.69673406337
0.359681062684
0.435915389412
0.37751501031
0.641112093347
0.349442240261
0.275294360416
0.505318891726
0.488165816071
0.462286526228
0.528145825647
0.422295517872
0.200461687825
0.269570069028
0.728847205995
0.418394613358
0.192015424644
0.410566129813
0.455247863347
0.552335351597
0.405419417244
0.335293360168
0.28791905551
0.399103285482
0.653516445359
0.328401246209
0.178065838277
0.468175428689
0.599064478566
0.562255807208
0.355257031934
0.1363163568
0.402403050299
0.306169994994
0.609835346035
0.452428590613
0.247343500034
0.259499326595
0.262967223232
0.509713728256
0.333913713298
0.266465670623
0.319969301202
0.336086116868
0.702135923736
-0.00143349142539
0.326010037535
0.287847236105
0.275957013375
0.327183464379
0.373232628886
0.507475619261
0.40222543941
0.245329932183
0.28760604819
0.316177164547
0.436476805805
0.202818527082
0.459625600781
0.0920066587836
0.320936888501
0.65054649186
0.15326851697
0.330069420714
0.311020282598
0.250725314098
0.471605059215
0.284359506315
0.452577861908
0.190264225476
0.332288885929
0.788269583618
0.179667513858
0.416506553242
0.260756623975
0.357830619619
0.353235492844
0.207390433142
0.481342925699
0.345551343235
0.165936718492
0.287365355159
0.3301460662
0.456448934796
0.338081065048
0.353721580193
0.525403631728
0.344855515476
0.480737120629
0.428435027815
0.293962422847
0.369774532376
0.501115773988
0.299614084805
0.407629872937
0.400675001985
0.219274787736
0.305075536579
0.346323746032
0.224139126045
0.297772327505
0.349414816997
0.18632055812
0.450475873477
0.411195933087
0.209303893752
0.365959239307
0.218132747866
0.372535829471
0.462678217812
0.229306875098
0.319320604667
0.516578865299
0.240552118593
0.258566114936
0.426606133004
0.321206553194
0.472824614191
0.765338238084
0.521755311162
0.467603092536
0.239346966668
0.253669216601
0.226435380594
0.380063799709
0.413179932168
0.626118497178
0.531507863632
0.366108942151
0.376256135731
0.347404271505
0.32968206984
0.414368331619
0.368213208754
0.272805041205
0.447330377377
0.462996118962
0.613484451432
0.412448017863
0.561775973965
0.562829899733
0.301870369281
0.484124676093
0.367312239247
0.273415824964
0.37064147123
0.354455691339
0.260067876532
0.250275527918
0.259854353595
0.0384222189208
0.388500226815
0.666726947378
0.485631317507
0.579392962155
0.183380946878
0.360004341641
0.276435363957
0.0255055776711
0.759143945568
0.133853712209
0.562275609863
0.358247181368
0.330631679883
0.480969991163
0.529651906842
0.373925473579
0.25840908141
0.305080075257
0.238501824512
0.666316717418
0.26678257762
0.360848677375
0.405940494714
0.119295248266
0.295103178209
0.31217841327
0.407548773386
0.185260782731
0.245973665504
0.257190917829
0.320568656596
0.38920029363
0.363351480563
0.341257459282
0.237060373324
0.373079007947
0.380335880502
0.538873869377
0.160065738564
0.316683872376
0.245002346529
0.413811325079
0.720490761692
0.454998346744
0.308065935882
0.378652248918
0.62613303056
0.265011561388
0.3307935759
0.435525467725
0.12927174404
0.423203725329
0.41245403246
0.279538265905
0.286439995016
0.781813833209
0.523737192029
0.553575103185
0.581378923983
0.164542146682
0.435758557766
0.315039682013
0.43181676183
0.47557673773
0.422786812905
0.400900989406
0.208335661126
0.241642486065
0.433279912134
0.410220793467
0.309751693826
0.44133066533
0.404689553217
0.319473005049
0.282203240282
0.538349361962
0.252614085113
0.144904712989
0.396513786178
0.353078414277
0.335843488849
0.220625797226
0.246699763274
0.300231286108
0.472090157672
0.433914354203
0.281144082089
0.433613636118
0.700805895841
0.316307070544
0.374394483417
0.324096811292
0.415133396728
0.329483674071
0.833241859065
0.333944817867
0.631076942559
0.688293139707
0.346078474407
0.480560371464
0.271485582713
0.235711548535
0.238362341334
0.398264687833
0.543085808599
0.411108773193
0.299999636288
0.257259247301
0.125744477736
0.561499483847
0.482247202384
0.301982666288
0.410745963128
0.37451299448
0.344521686371
0.426238138895
0.309767731017
0.202781348354
0.193398605107
0.323577419614
0.203912510365
0.525782665943
0.246362446883
0.243548865595
0.355760141871
0.431453808635
0.326187795185
0.324773527238
0.350919478153
0.598082953851
0.310142971769
0.398877839378
0.560443998677
0.274403884283
0.478463227272
0.0797179100703
0.496315005363
0.420328541708
0.209930299947
0.279338236142
0.544180329714
0.361708685946
0.479399703302
0.250439391997
0.207383279001
0.363501272591
0.45153786899
0.526759140279
0.605108273207
0.430051151177
0.531240403829
0.330888600361
0.382740634955
0.452815825228
0.293273030755
0.211460262517
0.521548476586
0.318287527214
0.330854193458
0.32175687383
0.279485886787
0.193986557422
0.173501610666
0.384597941587
0.36321938782
0.325938903145
0.255429801034
0.48394344753
0.436106025624
0.473457036901
0.314687225773
0.431257573558
0.306369841345
0.312490578347
0.405127824062
0.525317160788
0.590588314065
0.346115331715
0.524444986713
0.197176084
0.515318446567
0.424691821525
0.421891322378
0.302785232707
0.304989440281
0.319950871796
0.44780051192
0.671206180388
0.513204065995
0.645081328511
0.401561984411
0.399605721653
0.536358993693
0.393651888864
0.249574987799
0.243970932083
0.321024261171
0.380840316152
0.339686331827
0.386936553958
0.307871056211
0.43433460853
0.0807501021257
0.230248993682
0.153073338489
0.230347130901
0.178496966621
0.353842526957
0.609663684416
0.396402411148
0.352608485101
0.353142674809
0.162388798725
0.333170318321
0.443336519442
0.376149333265
0.372684287785
0.220689824509
0.295832316255
0.310881811958
0.373290723069
0.26500516701
0.237657325993
0.216916625564
0.405280667028
0.436220142989
0.264174947619
0.38910401569
0.246850649779
0.39673265915
0.264876022402
0.356776189851
0.603481816029
0.605036529942
0.0430023892503
0.340826594376
0.528925817901
0.13043530823
0.507196717457
0.325735797821
0.545168029053
0.269437184843
0.294159195676
0.330999199422
0.289304237814
0.608173698843
0.397298912018
0.407643002189
0.267503502122
0.250709004699
0.356294334602
0.396728728324
0.501454040158
0.344153389814
0.386821240537
0.27588470109
0.529148926418
0.45473279545
0.270863241964
0.340356116997
0.260083531501
0.310661656377
0.343556606705
0.430351493956
0.50946657615
0.237886950251
0.258894345533
0.391831099014
0.333292032665
0.273387858365
0.351594841042
0.250038298303
0.41145715882
0.504500076152
0.425292131749
0.357588394995
0.352671324573
0.267342236262
0.158090317309
0.290376726979
0.577795398842
0.430884865222
0.269529031931
0.139190616012
0.496061533313
0.52943282197
0.342370607445
0.61618697798
0.481958415135
0.257424540386
0.378211295178
0.384865175107
0.208011587131
0.258147885067
0.432963429339
0.549731729112
0.300007338621
0.470476955142
0.549170608486
0.256856019233
0.401982756368
0.179652306334
0.44848085662
0.443003249366
0.543804399842
0.314334330895
0.276067457233
0.439044638325
0.291725402436
0.693702945157
0.4586379417
0.405601334825
0.294653216343
0.101760818844
0.185823852164
0.164015488511
0.345641195971
0.31749646686
0.24370073261
0.51767288452
0.286862907122
0.200914691517
0.43853978344
0.387183312953
0.298770766552
0.163481373335
0.356585101916
0.459206018365
0.327426148333
0.366068926195
0.359433672725
0.41163258947
0.267216231034
0.344998506492
0.322754868244
0.245529109826
0.348463971004
0.120109612911
0.148331524022
0.390287632845
0.303229587683
0.562194399874
0.222915762411
0.402996739958
0.456545304114
0.320705003745
0.57721812519
0.435921355488
0.484540614225
0.337137584112
0.451112540787
0.264214805992
0.548587497165
0.366535114485
0.376988833474
0.26061457034
0.225590041084
0.336725481435
0.263350732542
0.437422026076
0.2866776219
0.350851488682
0.270391337162
0.159079216066
0.375959128458
0.214630874444
0.75117881378
0.347777343973
0.346839188987
0.317174736299
0.278120067995
0.160575966369
0.360098207729
0.334904527837
0.23772805808
0.384338020924
0.507989471439
0.173864299601
0.673987243178
0.330799586087
0.372149963612
0.365046373638
0.389668954563
0.414766680585
0.231136323559
0.197967134004
0.250021343014
0.371767656159
0.439027103278
0.292886550482
0.344734635066
0.401706445926
0.40943820885
0.250794101072
0.317815764361
0.143392788853
0.33209872557
0.266330226217
0.429484841621
0.202057677426
0.343437076708
0.405491268326
0.450368591548
0.224569093046
0.261991951846
0.195414724194
0.40208420764
0.303230146298
0.231701894372
0.546630136069
0.679744394018
0.134233607883
0.554295372029
0.671541033271
0.245053165067
0.358568891793
0.5175662787
0.440245839824
0.53325951018
0.0876847890247
0.144879118515
0.29007941094
0.534285176379
0.378754136006
0.628683839533
0.496739377757
0.462493558928
0.395277890858
0.288369647249
-0.00413577527817
0.346223426739
0.358773714537
0.297762084473
0.42237853804
0.43870542839
0.434583242761
0.318473154009
0.536448994832
0.00121136005732
0.349628934346
0.395125632819
0.468833488006
0.305027614911
0.326093328003
0.342442380021
0.27731804062
0.538573334569
0.50088170272
0.434289274504
0.360936853309
0.286355298005
0.471263406321
0.175303444235
0.542678059847
0.187565213089
0.23721483439
0.168111523382
0.0589876794343
0.186628276963
0.422262573683
0.604370148524
0.295804641669
0.284504598176
0.632291056842
0.585954144214
0.585252527853
0.299604310301
0.168670285045
0.491737081379
0.248990976155
0.388896642086
0.223042329141
0.219298839196
0.413869894375
0.12379486489
0.369139775517
0.270919871833
0.345468394044
0.303137517145
0.606379594323
0.343558960746
0.280156501049
0.496524485421
0.368778989008
0.252129552606
0.299157839808
0.374076479301
0.255528910596
0.151015133055
0.342080429431
0.174443194056
0.31279561422
0.383502828622
0.233578956911
0.42653960531
0.246783775011
0.276276114823
0.26094583202
0.288164053091
0.297612929172
0.266342710864
0.66903329458
0.38178772014
0.29873288876
0.224794684917
0.240027462415
0.151627114595
0.240887895891
0.153977446522
0.587407189367
0.255103604478
0.187078228049
0.160697772457
0.224160687392
0.363476690165
0.397766869978
0.308649749114
0.351629334261
0.253514240387
0.180645501021
0.377720707688
0.613916850262
0.299440299236
0.400611625136
0.543139220356
0.3718324548
0.303201466622
0.308413687659
0.282242608085
0.487888546004
0.463388487024
0.158176905138
0.243786157558
0.477020577635
0.323017549092
0.214290474695
0.350842632314
0.354075225711
0.254449356181
0.403914503585
0.380612989196
0.238528330199
0.298264654398
0.325164350492
0.237245398298
0.363985263327
0.531123516433
0.371613160239
0.260443145817
0.503803158492
0.243208122775
0.651918078226
0.26585782497
0.129546374139
0.204287079414
0.186355127513
0.448871644506
0.25677866594
0.351855342116
0.446712800351
0.502991991733
0.281825894667
0.350938483664
0.252577723564
0.362983678479
0.255821175175
0.182149455377
0.487008261667
0.18734461484
0.290203857565
0.258756900667
0.293374672342
0.275502284845
0.292924494776
0.148486811201
0.380406608815
0.350973266596
0.373524207111
0.406166950923
0.445431654834
0.190273908184
0.336766706461
0.193928337629
0.260176641304
0.196632763501
0.230919048629
0.456449093744
0.230529101059
0.416697960673
0.442181127849
0.384869481273
0.203473197799
0.303235780175
0.317141021785
0.440578825337
0.114348208591
0.342654526596
0.35526851921
0.408644615793
0.309208485669
0.113681698413
0.403359098905
0.255402115932
0.333127864066
0.870398049406
0.520028755651
0.352928577092
0.402352981772
0.246692363751
0.615823650088
0.327256747353
0.243314753876
0.342516083117
0.231419579558
0.466217887554
0.427614850154
0.287071769067
0.223201813058
0.221010656073
0.18703084345
0.391572717385
0.363619949032
0.301622210664
0.186271639915
0.317417474409
0.287765932609
0.276612035629
0.402388548995
0.210340106139
0.396910093651
0.297067972679
0.258249427009
0.376912283253
0.170326072836
0.174157132869
0.211124814811
0.18899303793
0.253282548634
0.357675772205
0.304255207004
0.413915628197
0.271391235144
0.333748710709
0.236194203292
0.281737015097
0.305497550501
-0.00961231654511
0.123107534012
0.30828253974
0.361172640358
0.394397764515
0.52696659069
0.147371498902
0.146982013606
0.212041099373
0.461020211939
0.344144787774
0.219551367343
0.143951737218
0.2808168047
0.284803235957
0.0843543158641
0.32196444015
0.182131962851
0.127170768671
0.45053515823
0.322910689639
0.434372989075
0.486509136812
0.858071343981
0.210619009956
0.185320922263
0.32400719941
0.463624525761
0.29921863224
0.350512291802
0.507620850699
0.26758004801
0.358053201251
0.222604755039
0.4178311816
0.216660835235
0.397663064515
0.168488746691
0.148357507553
0.264680357244
0.194242689412
0.24774502084
0.224563232651
0.278825577411
0.376331281233
0.338925817968
0.312392482211
0.265172577698
0.455146699275
0.179941016228
0.473347022485
0.418044177182
0.175017357792
0.233029689432
0.205783962397
0.418308411578
0.205918061468
0.334149441434
0.438325886742
0.183138766042
0.122096947267
0.488914915666
0.127020998383
0.129778780294
0.230553678532
0.219783458074
0.211429821472
0.375263106603
0.214438451171
0.256502243827
0.427104664375
0.231473630414
0.359021781441
0.293079634844
0.294376755446
0.147286437313
0.392458770747
0.249650851897
0.301119364215
0.218223824933
0.3539657111
0.214949058867
0.351582919369
0.537133725314
0.19742433581
0.347609624821
0.260216786769
0.342369574356
0.160957537977
0.291823184483
0.332751188716
0.436532160038
0.408154424157
0.564965355662
0.547459560251
0.224620882748
0.313012437406
0.312227216119
0.505252402326
0.455862810312
0.442708503008
0.241050894644
0.195088868469
0.223744645411
0.491452510427
0.205494597107
0.293399151727
0.310266661442
0.241997692918
0.330870488675
0.378407958386
0.433442138668
0.396367978067
0.501927702398
0.267800959527
0.253567944929
0.269823306432
0.173949777348
0.30082775734
0.369084437338
0.503442033128
0.338413000708
0.501470961195
0.357179636096
0.302182901121
0.174629824734
0.561000613593
0.29474964705
0.423390526054
0.278922678055
0.169058313467
0.363323438034
0.573809069189
0.283661497994
0.344485193594
0.323024365859
0.122277305917
0.128675857912
0.241887443066
0.347628928603
0.38550435646
0.286908270339
0.349067213295
0.203028062355
0.218909708744
0.302337611201
0.234785104439
0.274955800385
0.231441099647
0.296407580927
0.54359165128
0.163909652134
0.417001556878
0.474045745005
0.363023022641
0.305024063854
0.236832341761
0.227249860885
0.383885839423
0.423759220556
0.479068319622
0.0931313736553
0.2549491035
0.243607180692
0.295166547016
0.218908881891
0.172568678735
0.25019417431
0.267511590027
0.330952418179
0.0365609295699
0.123141539829
0.26061811295
0.0789620035767
0.403740345519
0.42706818765
0.206127930274
0.240832173515
0.641899580005
0.231023926754
0.0538591089522
0.2626944658
0.360875212792
0.290391658211
0.110854919557
0.334200169491
0.395207930392
0.279471856834
0.300797865526
0.211532756753
0.312545609653
0.367602125599
0.16082328421
0.192699463074
0.344118330264
0.308301586634
0.25688952645
0.432074330858
0.214986959421
0.307346160132
0.346800089443
0.529414870712
0.173165466881
0.350231078367
0.303758434605
0.318437988427
0.275357953149
0.293233241423
0.531361516177
0.17234515912
0.198364775726
0.352768251595
0.407627159807
0.301007824955
0.131742493786
0.344426976048
0.228752065173
0.129576658735
0.151430461406
0.324905298844
0.230101844665
0.313085366516
0.29381438476
0.353483735584
0.564902022735
0.217707811358
0.55094932242
0.472025294117
0.302939925117
0.245799048409
0.361754593941
0.38230159442
0.257530643209
0.492695343027
0.318325028801
0.415899749792
0.340805983028
0.351492401159
0.0461705294159
0.070787070752
0.289276567129
0.0937778363064
0.300332594911
0.365168351768
0.581455280481
0.04617946134
0.252864831117
0.325549158186
0.226255338813
0.481340530396
0.441398401883
0.198802125016
0.200202321271
0.113675990861
0.263822378905
0.375865295483
0.18442404406
0.140261078218
0.221997746967
0.227195448417
0.128543349221
0.095895418761
0.336680278013
0.176623637251
0.123423335124
0.308482994607
0.324968294057
0.405808698881
0.303392995536
0.164530590901
0.477480974986
0.433199193928
0.166110259052
0.47522499501
0.331585613483
0.386035554208
0.375210532891
0.423964198699
0.595089693611
0.356969272497
0.389638102393
0.0497790760089
0.164101708381
0.260544427982
0.357804580659
0.20691852445
0.330976919714
0.342835192719
0.39025598052
0.265967543252
0.193469069112
0.218746709595
0.00498622618599
0.290298554545
0.343376239159
0.34023538434
0.313412297264
0.151960704172
0.271527725369
0.355607402835
0.114919593857
0.235719972928
0.432849565566
0.205612088521
0.305984912692
0.221772253045
0.386275818335
0.245020382594
0.30676382435
0.402649232545
0.196936461494
0.569246547435
0.429889163874
0.23713265935
0.253674323417
0.138316673098
0.124808601831
0.154779347865
0.258369010416
0.271554062472
0.416163246288
0.189046916609
0.576525430998
0.447609692553
0.283105804281
0.160238400317
0.427951925981
0.233858810429
0.192147649287
0.3009296606
0.249237680702
0.141412356787
0.161618744608
0.491230029283
0.442140758898
0.1886848336
0.224313324242
0.367778754463
0.389494034599
0.234159045663
0.210749568681
0.18856943101
0.283860927154
0.528171314623
0.297463090965
0.47916514598
0.363644498273
0.531855519459
0.414066173665
0.230649477821
0.318782322436
0.228511927937
0.222101015348
0.356060658915
0.382830762154
0.110354767189
0.126365855169
0.298236607258
0.200250483965
0.306731155012
0.305279229356
0.320587026002
0.411968583869
0.378616215236
0.226220365802
0.248293064633
0.284513772276
-0.0853361524916
0.188955395841
0.233273793843
0.206967809928
0.0561765604951
0.254359425052
0.618520754344
0.125884764757
0.472607788225
0.300768109289
0.244844840391
0.212741740968
0.3518198163
0.290675390103
0.263443053587
0.158297469103
0.468300630948
0.193360295374
0.309100208184
0.115175772859
0.330771638339
0.0295190664912
0.414033400295
0.434554152187
0.171564672077
0.345407241445
0.21489553658
0.658655624773
0.148701352209
0.166014321692
0.269292470441
0.363192500768
0.218744825385
0.297539444661
0.383329385949
0.378840397739
0.283675016512
0.52217997817
0.363631232158
0.337371792459
0.171826748118
0.451541417168
0.227961988427
0.0475544287487
0.620368769025
0.290366783909
0.198642379259
0.1602961225
0.368317309074
0.264796150252
0.121835270037
0.391853196252
0.108231589174
0.209256422149
0.1692257211
0.327186399043
0.175107138678
0.137458279254
0.15925185846
0.512829553324
0.332306918307
0.0849041821337
0.174292026997
0.203874293225
0.302276498546
0.171317569
0.258741453609
0.13816430303
0.0820840532445
0.201753060328
0.382504236205
0.33868632831
0.25077568825
0.178483698533
0.317858785333
0.311573499982
0.291536823888
0.309847544147
0.345528685649
0.365177254602
0.352559109406
0.0391170016383
0.262773071951
0.236430006489
0.234737144962
0.255420234856
0.234302490491
0.230420077763
0.518921939038
0.0590601814647
0.383329320209
0.234185398096
0.196240852059
0.268976865205
0.197062086121
0.349212104276
0.253364309186
0.485424769852
0.247328261112
0.330220001651
0.359970786409
0.32631877092
0.281840737202
0.376512740409
0.174206410377
0.237801891121
0.250762675761
0.325266689549
0.2820729255
0.224057177812
0.171846896511
0.397941535755
0.240310345382
0.223608040335
0.313808623043
0.243802816909
0.213349482043
0.472820042875
0.345984598554
0.527904891216
0.226818693934
0.246249270205
0.675529249983
0.344528090157
0.156475826541
0.103709760712
0.246752053424
0.255927228989
0.298076442771
0.266943187272
0.438283592381
0.0862751261307
0.279340336789
0.14698326892
0.184028135845
0.273555683406
0.211817365145
0.182243661658
0.206174270447
0.442597459182
0.246125046659
0.342759508797
0.173966562132
0.264791840618
0.185390940518
0.284627567724
0.198005970663
0.407742915445
0.393785758124
0.322669214325
0.327444516347
0.243835950482
0.399905918958
0.271745762832
0.146302210736
0.470356903374
0.181323590044
0.223658741731
0.0566582655966
0.349723254576
0.160858799373
0.252847125876
0.178520126903
0.508533713933
0.112733553928
0.486112892173
0.15722162804
0.220072442326
0.182768337578
0.310024513195
0.426796191906
0.111469214615
0.504452681508
0.158563488505
-0.0449115006819
0.165687024291
0.265709900623
0.0529134992923
0.489177960302
0.316593846052
0.314163356382
0.574284591452
0.167407751387
0.243288050728
0.104150526084
0.312188819558
0.419810609128
0.539985048414
0.452123838916
0.149991601171
0.281346571498
0.0654016911124
0.314270058998
0.127258713087
0.381392142371
0.12767890029
0.332738930128
0.182420705426
0.182695560485
0.0890289555348
0.255494653853
0.241162803936
0.318715460489
0.327889682477
0.2750452526
0.130502955227
0.310727716982
0.289084244626
0.074766200193
0.328911447399
0.210097215144
0.381288213669
0.196626333767
0.12402191508
0.154272193188
0.341622536713
0.207916737316
0.141902190733
0.209439785641
0.19972097898
0.146493118331
0.000701739140468
0.0711872436669
0.240931224528
0.336752698484
0.353039653689
0.0597402485954
0.380050057004
0.237269327643
0.443382296482
0.401649253754
0.101928042638
0.220776465525
0.20746221577
0.286233596559
-0.0452872234965
0.145604242363
0.193397536535
0.162234350343
0.114648422705
0.272853115339
0.353711696509
0.297292663811
-0.0221700684411
0.305496584981
0.191159354926
0.191819558526
0.476372945244
0.207931936996
0.352507216017
0.303757687406
0.348620441437
0.222374349871
0.218332234591
0.104097533716
0.216018029927
0.127247162133
0.0976425557503
0.174783386686
0.216487592356
0.269785040376
0.128229871576
0.219117962854
0.327466268651
0.332057063197
0.223976528464
0.404116501126
0.388356660411
0.224395648196
0.412885042901
0.381611211352
0.183241359759
0.236833045608
0.0387034730877
0.381254327487
0.504613190681
0.20655936257
0.368641041228
0.0560168230601
0.291397319031
0.0706733680302
0.143487250261
0.181075743422
0.139160170969
0.236515273263
0.235394770249
0.120785757324
0.121260842301
0.0758623442032
0.244711113447
0.192096430291
0.200037075828
0.289983046947
0.256159680033
0.231283512674
0.135775300456
0.171929743914
0.119553495132
0.302389808481
0.290730659932
0.310912562246
0.304652499072
0.549612388934
0.11222120784
0.377408688227
0.123447189335
0.201175100449
0.305411524281
0.343294565321
0.180290660361
0.204479717555
0.131682000696
0.0989162704678
0.269444490665
0.281702485666
0.111141230054
0.0947636571092
0.505232763458
0.0968671556805
0.256869663695
0.217347140562
0.136471817804
0.695119988838
0.581975437732
0.171674907798
0.331275402845
0.412540435259
0.18733367508
0.222198757314
0.310428335482
0.0351139146186
0.287301191599
0.076751936408
0.170433889469
0.156371966816
0.577438300056
0.109404403378
0.216926667137
0.319941216137
0.165732253809
0.41994156074
0.290917957679
0.218588208751
0.024240237415
0.183698077329
0.0956297798424
0.295854613344
0.208462637033
0.163711603366
0.279692018753
0.246177627918
0.234679802328
0.149293458784
0.23568878795
0.348208295947
0.0258166114717
0.16550194097
0.156539267697
0.141756357227
0.190334307808
0.150113567327
0.278758438404
0.214379646371
0.211231497371
0.379315920285
0.354723873522
0.0832790468832
0.43834355458
0.0551171552519
0.115399663004
0.280612404595
0.293065600948
0.201273021874
0.176588208805
0.204362081361
0.191038046575
0.141457535831
0.325078687787
0.293358463276
0.249694319556
0.302095837409
0.046353484321
-0.0601080661411
0.39592189744
0.324838846586
0.260696202078
0.0237032223741
0.273824559657
0.298126023129
0.244401624155
0.200187356822
0.18326333599
0.03938587364
0.415145574039
0.301215284407
0.436218399623
0.000535370758538
0.493846648605
0.226099233703
0.141383082484
0.424762662311
0.419874174057
0.0851120924969
0.124107251403
0.144997483384
0.431164798175
0.206755750635
0.22117013481
0.111283046643
0.261746391346
0.404580751147
0.158013139932
0.179258161021
0.229650309453
0.14394945825
0.210194873831
0.397191885302
0.274035383229
0.367870010762
0.420462098168
0.21383094403
0.151459005699
0.136070944857
0.49996177566
0.106226112128
0.185906594073
0.393048525335
0.322033118252
0.252207528618
0.130735098777
0.0192714371784
0.243174537945
0.337937932935
0.0862723800816
0.142661095259
0.255405560729
0.273335378257
0.164130018835
0.224584898727
0.151722278006
0.279353778672
-0.0755695904302
0.0622845859325
0.383006622077
0.0796863267415
-0.0212528224356
0.349614801382
0.199634244238
0.298710239246
0.245576126292
0.33110516806
0.219867772323
0.400267175653
0.118398729688
0.103831954442
0.209933638836
-0.00449857804981
0.0434107394879
0.297973921134
0.22165200985
0.269403671252
0.170550692305
0.251192528892
0.197462966388
0.18716655105
0.0932618421899
-0.00573098826584
0.112883047894
0.0686685568945
0.425402572693
0.154626902057
0.12501759458
0.256000206048
0.0791078304563
0.226920967382
0.205836618979
0.244812870253
0.200146202239
-0.0555307626439
0.224886053631
0.051861178031
0.123255751117
0.159846477591
-0.0131023979573
0.30912605308
0.0533909141729
-0.0479089726154
0.221442159989
0.374270103368
0.33506408409
0.310466288464
0.337180822705
0.253817886056
0.393105845603
0.397303275778
0.0235816927119
0.445623688157
0.146300490535
0.317709444211
0.238937689424
0.299407856534
0.244978130253
0.0252918909423
0.100964081568
0.317126750925
0.208807441416
0.204212930862
0.0976984798269
0.27582144881
-0.116778422336
0.146348507866
0.122939620907
0.259893635266
0.230268673197
0.212379466067
0.25517974203
0.186583497492
0.29912337846
0.338381808538
0.29885491217
0.259440524789
0.413439958484
0.2256884541
0.200076130325
0.171900105139
0.209548463629
0.20258220412
0.0213830678852
0.060696566686
0.381200304903
0.260718401601
0.2599198209
0.415221558057
0.214675888155
0.356950008118
0.432265401063
0.105018778463
0.111147019168
0.229915752164
0.01863025121
0.147432946139
0.0902718857937
0.326426537568
0.202229072906
0.309123664478
0.405961450028
0.271289768886
0.192464502219
0.218309163428
0.209784758866
0.316935166365
0.115975894954
0.103423804313
0.140233721727
0.284319652997
0.218840248026
0.313414169109
0.32807874079
-0.00734838548574
0.0180609887727
0.440220849537
0.137757316671
0.390225350374
0.216976664566
0.184589490207
0.339057180919
0.163898975808
0.367303143141
0.294414846833
0.178731639368
0.214210964667
0.130679995921
0.445434273748
0.0779763245236
0.15661991146
-0.0596770933044
0.240685895792
0.270066748833
-0.0436185937389
0.088670963644
0.311128836075
0.236556371866
0.041247374066
0.131971386018
0.254975849063
0.1139379643
-0.0237668891209
0.0958598924104
0.0475833634165
0.342752284183
0.19521519391
0.0485536840916
0.195022179576
0.0788935941911
0.183343703105
0.542875361515
-0.00654826443758
0.162161682635
-0.0115150066394
0.132613161085
0.27221107753
0.0977468109355
0.232198952559
0.286367157309
0.0413264713838
0.439593833358
0.199014217033
0.253586065654
-0.0748855512843
0.0250433250796
0.201232875581
0.181821778723
0.38613535947
-0.0778117392719
0.2489750512
-0.0205609748233
0.115656412041
0.137220434097
0.270008813561
0.0155311228844
0.216809655898
0.255036236979
0.155300329504
0.361108284425
0.249495453872
0.260638136968
0.136890028463
0.237134551741
0.0728555939462
0.489540806372
0.163955389842
0.327524031893
0.0583964577585
0.143562407725
0.020635678338
0.293615937121
0.536778047006
0.0450845630897
0.13648846306
0.373383091102
0.180718145782
0.173117666417
0.0785007367778
0.362104237921
-0.0385635843634
0.158979602116
0.186359286815
0.104551281611
0.28996766979
0.267361958593
0.148992323722
0.160689058755
0.0233590831108
0.264864914437
0.106137661602
0.177567847085
0.118316911596
0.00599409921601
0.048644547062
0.0596482581975
0.106085741424
0.205405533544
8.10278842434e-05
0.217353109803
0.0662957289215
0.155306306795
0.0585477449302
0.160511099526
0.27926342746
0.267759787651
0.376462471924
0.204489608479
-0.0277197329065
0.185227861362
0.183063327038
0.262583476602
0.279458704952
0.195534894056
0.0704133848433
-0.0350167711664
0.222307216565
0.286097251324
0.263140094216
0.247349537559
0.285114659486
0.21038786393
0.181454692924
0.125895989924
0.228575529636
0.15166710785
0.184054430659
0.21436340556
0.169765116681
0.152152761194
0.331885013446
0.266960949546
0.140831017
0.237701642834
0.298835549606
0.172595334919
0.191096464752
0.164363196039
0.249607031306
0.0872594196904
0.121640072511
0.480883707867
0.0277049193402
0.111709018133
0.0575208105912
0.00275591988377
0.0553635212913
0.042492416743
0.235275462187
0.245639035069
0.0889503838933
0.236521593536
0.125214941413
0.151548334998
0.181865840735
-0.0210504552454
0.306124561999
0.272642431086
0.032486307926
0.369087469679
0.0681764855431
0.0848195952572
0.260421923718
0.11475959533
0.0911066776761
-0.073230567981
0.143764211125
0.280447694502
0.289002228259
0.0961460291846
0.23825587842
0.124878851767
-0.118395954877
0.484737882936
0.336516579343
0.240389830789
0.440393415534
0.293518054833
0.122487327818
0.14592117587
0.172608963637
0.349928937163
0.277328993778
0.0198493806915
0.214030709966
0.179826554482
0.138612725826
0.0685611120792
0.316604881245
0.225380152446
0.168301376627
0.020722864708
0.188140370934
0.289056883659
0.168606454343
0.0531966632383
0.4085687277
0.19095135842
0.208985255383
0.107976415581
0.162080817654
0.0663672039072
0.169671017921
0.179080637203
0.342244157059
0.0487774184209
0.364051940981
0.192451619848
0.284877327347
0.274364669769
0.0516799566271
0.129308687472
0.172219918952
0.0958009084101
0.299765936093
0.200544215948
0.133667964444
0.0231515489671
-0.0218452765583
0.551332991465
0.190194024841
0.113412114656
0.110053830622
0.120620481581
0.328755396287
0.0160042493441
0.236397394445
0.070688434922
0.169939352743
0.131704821467
0.145715079237
0.298206826843
0.054327637761
0.13923275618
0.284384188417
-0.0336801475075
0.123182659174
0.175977352574
0.169710062698
0.0444382774213
0.221266387932
0.00813214779551
0.14961019991
0.161489080618
0.207813294534
0.624154236469
0.107726017224
0.188620214048
0.0704403402768
0.121659562636
0.0826250280569
0.197883444377
-0.00234772611261
0.0095084123762
0.200740006745
0.179810393246
0.139073826925
-0.0254448127129
0.241582614311
0.146509614664
0.0341834678062
0.154003338526
0.065450298601
0.00137648439002
0.082102111178
0.209772452529
0.0935211014508
0.199547817775
-0.014407706882
0.174877415089
0.170973039285
0.0927338222149
0.338745633144
0.116971107319
0.150583762276
0.0370281086609
0.0823423416043
0.117052240388
0.0897300125486
0.155702671914
0.152722634428
0.33669207206
-0.0419574843527
0.166727551404
0.0932295849955
0.101200063807
0.0302094249528
0.084925136986
0.147490796199
-0.0059189396935
0.167311471885
0.0351263505533
0.129304014194
0.129235613795
0.376792282063
0.0311932723054
0.0226031978239
0.0519761197296
0.185056765039
0.392769522256
0.104228168985
0.0457844792765
-0.0313385993313
0.0824826306188
0.213915059891
0.159332226444
0.121341100101
0.0743962980108
0.307048271858
0.0308510603075
0.0838096146721
0.461829014585
0.0721866599842
0.116847877829
0.264430442739
0.0778226660877
0.320139664606
0.131528259677
0.334003816768
0.122610955097
0.213855507533
0.0555168576664
-0.00779160708976
0.156968160078
0.0705164824131
0.00127122583569
0.504630583543
0.164844192871
-0.0018295452075
0.109191512319
0.00953952038294
0.353858656376
0.107044538469
0.161010220752
0.257979979372
0.112305973058
0.0441407451107
0.323227510732
0.204543564692
0.28275253946
0.0442358457707
0.240738944726
-0.0344239471457
-0.0633881732872
0.0457369279197
0.213017804365
-0.0509172761303
0.080805996077
0.150210697741
0.188736383695
0.0649086425984
0.36176860669
0.325999340456
0.137317325404
0.334878072524
0.00379071384642
0.0424996558558
-0.0804837186558
0.0452248230809
0.297575172226
0.116399843531
0.120435816224
0.26121403447
0.110465277225
-0.0678365488683
0.231308221287
0.418514297458
0.22128960291
0.11665920475
0.0357129476037
0.048241537792
0.101304796352
0.112534378627
0.412736030011
0.24815099689
0.195752721384
0.0554295699463
0.09356556845
0.288733173201
0.125364877538
0.101819454704
0.152639651576
0.36148916483
0.0964372572657
0.0552219986986
0.030419058076
0.319339130773
0.0493425310849
0.208948966567
0.085123265429
-0.0120549434195
0.143191452133
0.222784197189
0.00803352364208
0.121443954211
0.042245333439
0.095140060761
0.028273445888
0.0736530121666
0.223066912651
0.186782766904
0.153153132889
0.193613091311
0.19804040785
0.0388585467909
0.0247025313193
0.104033383319
0.0290385060055
0.267080441344
0.080288866686
0.0601819834842
-0.0320340168804
-0.0483311607349
-0.00099967311587
0.133368459327
0.154589901379
0.233925317389
0.0195471930084
-0.000931461908005
0.0781713568365
-0.0525874237426
0.0768637250704
0.18402322348
0.243672920265
0.0622722615305
0.167776665782
0.332756834696
-0.0303563885918
0.233973843783
-0.10854330546
0.019264441382
0.126252785293
0.134710380654
-0.0843794772641
-0.04275679162
0.0536534956119
0.0667967105434
0.109849211302
0.125111389246
0.169107790867
0.105766178904
0.117892789131
0.00512270190224
0.293847636702
0.108081042563
0.0504802845164
0.0888183364287
0.334996599883
0.283043732921
0.152105988028
0.0989790711016
0.0879900612287
-0.063029254589
0.0252586763852
0.108154950931
0.335618091776
0.0102424240864
0.155607809283
0.170121875767
0.184035186355
0.235519242323
-0.0956359235029
0.315650329952
0.0535441120507
-0.104074845828
0.122276874722
0.124401410747
0.272624519023
-0.0186111802171
0.120361748411
0.227541992419
0.0754648978071
0.0408196634234
0.161321385067
0.173044251797
0.13119629555
0.185420684573
0.0944550760531
0.0981828431015
0.0229541620024
0.142746172485
0.0747295483186
0.119920862141
0.177940173718
-0.0537775895694
0.119906030343
0.237044705536
0.0725840484876
0.00454704419882
-0.0416731540337
0.0311378688459
0.112175428922
0.0281044565809
0.165035923836
-0.00056697499115
-0.05335382908
0.166993425904
0.134767482827
-0.151610316821
-0.0516759649924
-0.120966687623
-0.106940363667
0.151300675015
0.0292153265705
0.0431378303602
0.13986030539
0.2071998205
0.220074351724
0.106216639743
0.15557381368
0.0406387101289
0.0652408465875
0.115430659178
0.0789413865245
0.0465117490862
-0.0376694373121
0.199290306118
-0.0163812369638
0.0311383895586
0.0252907616155
0.0770220599317
0.233743302422
0.194576165577
0.118732091092
0.0650031499553
0.0408243795548
0.130081867648
0.159359215664
0.0534831924054
0.0730188107858
0.0360251551628
0.231708744475
0.128059757929
0.0867531753286
0.0730008150828
0.202668728387
0.105825526102
0.0769061332257
0.0630015499231
0.299127326525
0.167001237904
0.257204672721
-0.102023398807
0.23181267915
0.156204635474
0.0970444196651
0.0227146510952
0.185276838635
0.10086904142
0.0508799390895
0.0779271814251
0.00973895486312
-0.0471312852591
-0.0879683435005
0.122301371851
0.0190926609116
0.215905216985
0.167227522978
0.00222273508938
-0.0151196778334
0.104279696951
-0.0897496528062
0.179081678148
0.199105956143
-0.0485295586295
0.0236637710451
0.100963847869
0.0637963909378
0.206061984235
0.331009218518
0.0572688278683
0.0533632904188
0.307155500913
0.165270031946
0.0513372765255
0.140531945437
-0.00561399630279
0.00924767007668
0.176021324165
0.0807557737025
0.11097212047
0.0374757468264
0.300641282959
-0.038393028505
0.123472865111
0.0531271534857
0.0140630505359
0.216593460418
0.00338304791363
-0.0198024702351
-0.00226751332076
0.130456992357
0.119229060542
0.195875346488
0.107950710536
0.173801886481
0.136452850199
0.231357294101
0.142149307799
0.0628889108908
0.14805122145
0.102340504644
-0.00433003711413
0.0687350618741
0.37392501707
0.10916359344
0.00203109744019
0.0193822849265
0.0350932304228
0.147379111664
0.272881177805
-0.0693872172328
0.228912622456
0.137699739179
0.103915716393
0.113448170682
0.0522694677489
0.0939094725259
0.27447095781
0.100173186489
0.209332983749
0.124404336891
0.156717082043
0.0779815379496
0.0244559675873
-0.038169655624
-0.0919619034211
0.135992855769
0.329869206471
0.15247020668
0.0841848047866
-0.0326724685482
0.0811086275337
0.076709512618
0.202055200341
0.044182131417
0.100891635417
0.108201386577
-0.0603123370915
0.171367802611
0.193532862372
0.0667250026438
0.0334128017886
0.0598959122892
0.0819566168498
0.110018273789
0.0158406735366
0.276211045965
0.067980668856
-0.000269142959728
0.152796116864
0.118848637728
0.0132161877172
0.190385557364
0.0744548555639
0.291495664771
0.151674373042
0.170708010772
0.108747446836
0.13462589565
0.140129396588
0.280436427165
0.176422333895
-0.0118675205272
-0.0298613345861
0.122311548921
-0.0985414263588
-0.0533306582757
0.117993956677
0.0674906468875
-0.0533562914748
0.104470850777
0.239280572244
0.0424736196371
0.0972625392288
0.106682952606
-0.0014720341176
0.0017270726935
-0.0308810434326
-0.0725760640746
0.132690652059
0.0477728621039
-0.0761960676963
0.135546753335
0.0666448049698
0.180864400855
0.0431192503087
-0.105412491001
0.0205311033215
0.139043941898
0.0124728988616
0.0756305015983
0.057873078899
0.173557980287
0.00382154441996
0.113199880473
-0.0718906283225
0.110747653122
0.0178058635187
0.0914389624563
0.0096389843879
0.102654925253
0.239929650705
0.0312829408832
0.104667739775
0.103464227717
0.0884044347633
0.104281403839
0.0961789743549
0.13122369336
-0.0195919378828
0.179050137656
0.0127923562057
-0.000494783881906
-0.0511047731776
0.152068749847
0.246982771884
0.00837474421438
-4.48445267598e-05
0.0154137052811
0.0747791170843
0.213586429221
-0.0788481131742
-0.0550110847414
0.186771964766
-0.0842822299412
-0.00664171513829
0.0220286319423
0.239376990535
0.266027382877
0.129058195268
0.0935277876764
0.141134070381
0.203909980542
0.173469706345
0.115258702205
0.0157486668524
0.378640487534
0.00132755207254
-0.0639612836187
-0.0867068778213
0.0796925176289
0.102102947814
0.0799457149256
0.198700904906
0.149981220496
0.151504842927
0.111665053223
0.207827355922
0.036565669214
0.285539899073
0.166745156962
-0.0369159825816
0.0577348134393
-0.0495105835413
0.0818302819639
0.0825473521732
-0.0140694530554
0.294388159342
0.0338101090836
0.162825444857
-0.106130393287
0.128512384859
0.0442022168205
0.0463519967544
-0.054573623813
-0.0373223122016
0.0439558147869
0.0507471112951
-0.0388522156411
0.0684722013441
-0.0713063910267
0.0203368227916
0.0659825133465
0.00258284304784
0.0168982194646
0.0977992134862
0.0790547940413
0.181124834979
-0.00417129518305
0.260294168079
0.0717799587499
0.221440833131
0.0425694786773
0.0251943466807
0.196501151546
0.184480170475
0.00399006196709
0.0566961943289
0.0216631991864
0.147495225293
0.117832787406
0.190069614523
0.113906895788
0.137409421126
0.0313353547574
-0.0473544541917
0.119707759282
0.0925186064407
0.130464591353
-0.0733036047803
0.115955099362
0.0520823337496
0.196390456215
0.0280367696024
0.0456485653416
0.0483465143527
-0.000893473550864
0.073300560758
0.203700102919
0.022816725096
0.181310406613
-0.013121809837
0.0730312595359
0.014295275116
0.0301378673111
0.250856491665
0.151358634646
0.0918987720452
0.0700045943763
0.0302682033031
0.135748470093
0.0585460305566
0.0619816003443
0.102325680498
0.122244180294
0.0148422875611
0.0212828952175
-0.043126494021
0.108318960687
0.158148328426
0.0363324006557
0.160119807927
0.174375441486
0.0879670342297
-0.00744040080168
0.19410215583
-0.0122998036085
0.0393685232759
-0.0680508918856
0.182912337666
0.0441544028889
-0.115252305315
-0.0194845710917
0.208937754292
0.0688855145928
0.0403001904274
0.169603725559
0.06070099902
-0.0310182273371
0.120279472884
0.115070073295
0.0297983375332
-0.0134538421131
0.0267159273751
0.0343015853939
0.144892269155
0.133717213549
-0.00205218747643
-0.00759929174988
-0.0301385655191
0.117053716508
-0.0143557489367
-0.0189080494174
0.0784260315629
-0.0237485213755
0.0153314808381
-0.0553351853332
0.137332571122
-0.00655511345386
0.112911700803
0.103241675937
0.0924597287013
0.0895884709801
-0.00432660137778
0.0594493390263
-0.0128378961799
0.159658384655
0.0530642580082
-0.0284439358311
0.119568417537
0.0805614178233
0.281177946269
0.075342175715
-0.0205396422533
0.0119562975419
0.119359579453
0.0703968853193
0.234878210796
0.10778706108
0.0339241334765
0.108148021765
0.120147657615
0.0686259321963
0.155123360352
0.0247789784958
-0.0751452045609
0.202925565019
-0.0819473879071
0.22040847221
0.0544351572287
0.107991688322
0.0534372971733
0.0813921044775
0.00569941331954
0.0733514485626
0.122257549665
0.144613400804
0.0734754005034
-0.0417653340416
0.106392711339
0.0494640985208
0.0529563402849
0.0583398892493
-0.0916880425844
0.127304230961
0.115119533474
0.0156973431553
0.111389928671
0.174631741945
0.000825561953333
0.0436772073272
0.0227365152184
-0.00791361663609
0.133712718943
-0.0236419327987
0.131625831494
0.14210578151
0.0984002673329
0.019521911542
0.0159267758433
0.115869498529
0.117718233156
-0.0389233440283
0.171736268273
-0.0184002673669
0.185564584903
0.191527107327
0.19429654854
0.174023072031
0.0618973674713
0.170501457891
-0.0243501860761
0.204782237819
0.0915996152853
0.0494494517009
0.0531017264836
0.0755198925861
-0.0299503699126
0.01222820225
0.173397696109
-0.152649884014
-0.0566874210161
0.00831570243283
0.0782142511957
0.0877074821877
0.140961948239
0.00501485110888
-0.00514773789387
0.252625899306
0.186873556454
0.0271840145529
0.119808262634
0.0155711305661
-0.0977698004186
0.0639764712827
0.0984233600341
0.0984757138737
0.11552554279
0.0756668991235
-0.00790510745759
0.104768827289
0.122187853251
-0.00523376515293
-0.0455611943941
0.0361951368229
0.0216809680523
0.0480307399679
0.0914895352356
-0.00272254249022
-0.175860803907
0.0620272068417
0.00989659948608
-0.0448897958205
-0.00469119486583
0.191412420999
-0.0469083383737
0.083387058959
0.175434858891
-0.0323135518081
0.160474247163
0.0499573425066
0.101728841814
0.00815816425648
0.160492319599
-0.0528556046299
0.106455015264
0.293091779101
0.0466524309056
0.141363378823
0.228992840858
-0.000374900094275
0.108635730599
0.0909463939957
0.00398629483086
0.148644322551
0.0978276081075
-0.0566381243758
-0.00375493194897
0.00165876619631
0.0753279347016
0.155650261437
0.00484572506274
0.183000000926
-0.0608779442309
0.130275375668
0.198276400598
0.0521566015128
0.0352661701416
0.211493546575
0.0893320087457
-0.110782760624
0.214960272607
0.135680992661
0.093233761121
0.054779742186
0.0072618673335
0.131506309717
0.23701133883
0.182878767113
-0.12027292667
-0.000641565080886
0.14944414508
0.0640511254565
0.125452405855
-0.0106198788102
0.0241124337529
0.195447885887
0.0734217253497
-0.0769172124248
0.131960975621
0.0180317950111
0.0732295150562
0.169752249259
0.0113290054682
-0.0338154567208
-0.200770194214
0.100814917833
-0.057099512821
0.0182285604011
0.0259581309583
0.0683304172672
-0.0315378135542
0.111299129296
0.13807893869
0.0502184765875
-0.00123738034431
-0.0474402254955
0.147130930394
0.052128435492
0.0498412402506
0.0887290183361
-0.0693727175744
0.016673854324
0.0116165437394
0.0296223953554
0.0701273758444
0.0735125502026
0.0362093413046
0.0142857917864
0.0212348099122
0.202573226094
-0.0599017666618
0.0311043281265
0.0940163952054
0.0444782203119
-0.0389845337827
0.0779540277902
-0.0122570754775
0.0829056321899
0.104983521028
0.113470966973
0.200562656462
-0.0163038421452
0.0922446381414
-0.0762973555428
0.0339539005335
0.104764135946
0.0295908819733
0.0389130858408
0.11029929498
0.0636578581139
0.00653594155418
-0.0659483355208
-0.0458128745356
0.0374162258495
0.000434831960291
-0.0190352584568
0.00580033669771
-0.0353393720011
0.0212049164426
0.086573778803
-0.00147339749368
-0.0127142495788
0.132510308836
0.10636567782
0.0850990460109
0.0260241842292
-0.0240110123541
0.0672944834218
-0.0235463220961
-0.0476838116659
-0.0149746874073
0.1688355215
-0.107634782807
0.0123663461483
0.0172738340919
0.0607787798669
-0.0619508978705
0.1323134957
0.0280077552104
0.20473147028
-0.0392154406598
0.0106114302389
0.0142086149915
0.104519617118
0.0750263444278
0.167183258354
0.140593135297
0.102349603888
0.142706495702
0.066910926108
-0.0350616438348
0.1087467337
0.142886729544
0.114837616277
0.107318214491
-0.00464554465076
0.0328562805378
-0.0550419372924
-0.081537191766
-0.0570304399104
0.157353852043
0.140639069426
0.125211055467
-0.0837111791569
0.0507208814602
0.193686601104
0.11464872521
-0.0415755905255
0.0599335714996
0.100064400909
-0.0245566679699
0.0902528091114
0.0793360797388
0.0535880276282
0.0591830193019
-0.0154502684488
0.11681671018
-0.137294169457
0.163665472413
0.0880612272152
0.0458889415288
-0.0470439019999
0.0762357315884
0.0828196507709
0.0230330210996
0.180581036205
0.0266220684989
-0.00728628515496
0.117738871859
0.0921231773798
-0.0670408034604
-0.0474991011978
0.0075210464059
0.00286195394552
0.10222120921
-0.066084172537
0.106375205177
0.184988091765
-0.143043983743
0.0970463773571
0.022275222069
0.0619816593016
-0.0146795014972
0.164466624847
0.0925454543325
0.13145138074
0.0849740996169
0.0634564975801
0.0922161564769
-0.0154324345142
0.0110809334204
0.116423528474
0.0675984909713
0.141980299097
-0.108814594563
-0.0576934505622
0.0119309721996
0.108985992354
0.119297310797
0.174278594529
-0.0755433161002
0.0925197958076
0.134599066522
0.110375175435
0.157555893062
0.10167825284
0.0396242208062
0.0425821204221
-0.0243058301375
0.0634431575654
-0.0232941948004
-0.128759820982
0.0428375641456
0.0309599501923
0.0162156091186
-0.07337469109
-0.0692724738609
0.0975298209378
0.125170366006
-0.0798714177603
0.073547446744
0.136947655621
-0.136030485262
-0.011237245879
0.059914783707
0.0336440165684
-0.00156846539714
0.160280252405
0.0729266978501
