0.246680954704
0.146769887182
0.148593527182
0.777223229554
0.613650749427
0.315583533401
0.781091339759
0.441843770407
0.67712081383
0.303385355264
0.537809402521
0.552629079699
0.397342865883
0.645221722255
0.341295203573
0.215594793007
0.307358258353
0.371354983926
1.0
0.432119366692
1.0
0.650530228189
0.41624015472
0.46332016524
1.0
0.62310823461
1.0
0.39001849777
0.21649864644
1.0
0.412589887793
0.286796855477
0.574251151522
1.0
0.387994338021
0.516054431223
0.306478950919
0.231971680251
0.506296591505
0.223864131722
1.0
0.337439494718
1.0
0.264581361205
0.536074517789
0.338840381101
0.581188191927
0.455414158422
0.44687538641
0.417608097823
0.63263862769
0.222526758736
0.244111703793
0.224439123946
0.722878600431
0.43724187916
0.414991137863
0.423235334204
0.505379685003
0.214993412356
0.585108101384
0.434154096395
1.0
0.299096293046
0.378721595929
0.463095923078
0.537231757789
0.500347913353
1.0
0.465175834176
0.432523059479
0.417326377604
0.248843142285
0.260156057534
0.358570548899
1.0
0.516129067389
0.281286891529
0.349091887436
0.201399930003
0.261847289701
0.471239966212
0.474721937739
1.0
1.0
0.161270078652
0.63547147793
0.259052054408
0.318837007634
0.49370389051
1.0
0.293612920428
0.208294622306
0.456652068576
0.320157217142
0.356957666855
0.509838755332
0.514586404795
0.301404541198
1.0
0.367717528606
0.371936300982
0.547743617046
0.25685010681
0.204842434784
0.684319058917
1.0
0.732493972696
0.379030927511
0.272355315623
0.652000468189
0.548087404597
0.579987368568
1.0
0.476593947569
0.197803931753
0.410287983386
0.0984564765086
0.54074927919
0.475684034353
0.419068393233
0.274204020414
1.0
0.313983172956
0.786361396266
1.0
0.307982676113
0.364629041961
1.0
0.28345246462
0.473483676777
0.548865673882
0.325811844722
0.246601645945
0.298509410402
0.428493358842
0.275670069352
1.0
0.305713378949
0.526635615767
0.322761320894
0.286580462866
1.0
0.599407678899
0.41227848818
0.335132513043
0.19837154309
0.24198612746
1.0
0.447927829197
0.519601468371
0.380763213596
1.0
0.36511842753
1.0
0.297449688438
0.358259495237
1.0
0.143535799747
0.335677097979
0.271587413729
0.330308252826
0.44792915641
0.552300573255
0.388262508411
0.179532701552
0.299258663134
1.0
0.13575648293
0.213264929089
0.435416800177
0.41802151109
0.355721929183
0.299107030879
0.56480103105
0.383913422282
0.296179495784
0.26672199356
1.0
0.46745070198
0.433613831554
0.23577275352
0.317406915073
0.313163434446
0.335156780727
0.312248404126
0.353886985468
0.446962417937
0.418411334392
0.682016115729
0.280117758306
0.393422269747
0.493550210431
0.536266471303
0.260427121619
0.60657038749
0.292961178188
0.370996481082
0.295863888839
0.540039644716
0.440542430156
0.375854840036
0.55766787035
1.0
0.256612064171
0.176810673038
1.0
0.279061120259
1.0
0.550544161782
0.514249523133
0.351083402392
0.564607439854
0.317971932175
0.500951459836
1.0
0.32602097214
0.269192077303
0.397720695122
0.310762887033
0.317888205346
0.863325436554
1.0
0.335529629087
0.252072656592
0.369385039501
0.475459193092
0.419181826363
1.0
0.321856781059
0.41869625932
0.404405170283
1.0
0.333558684057
0.430660627455
0.455429511809
0.770994123938
1.0
0.326479423211
0.319864177671
0.359558648018
0.45876549561
0.651163539123
0.30124684522
0.387539108904
0.489388912602
0.361735397959
1.0
0.491473642123
0.222630819353
0.323823128148
0.272108285445
0.335230738259
0.17205741961
0.39683837768
0.445507985607
0.498001257296
0.49131198189
0.452798511049
0.701083633255
0.304116400401
0.596347118905
0.304048173404
0.417397897422
1.0
0.465729174054
0.329310310613
0.329310310613
0.396473292743
1.0
0.288059289152
0.293116348487
0.445982209404
0.511136411111
0.502071367109
0.332047471681
1.0
0.358341226544
0.288856216389
0.459761953329
1.0
0.327147196114
0.497658773372
0.317229577328
0.515713895858
0.39031881436
1.0
0.337948771388
0.577858282152
0.21165009556
1.0
0.294577435051
0.401569669294
0.528674880033
0.32184184861
0.541798991463
1.0
0.391300911209
0.314034588605
0.520475899261
0.272444323621
0.365728141958
0.470061351524
0.392347383558
0.651881233803
0.407439457673
0.491663219866
0.138126724063
0.285222742666
1.0
0.264359596027
0.49807230424
0.438150475367
0.188468936
0.344185442344
0.470306449644
0.655074755338
0.655074755338
0.533197351629
1.0
0.354268781312
0.160288106505
0.56514208877
0.321473190061
1.0
0.486545484874
0.302498250982
0.322599315602
0.392066562294
0.348549443462
0.397453492014
0.326120018776
0.363331227549
0.291404640191
1.0
0.48933505924
0.404248410712
0.270136388824
0.439088046249
0.327240029252
0.326434994678
0.311031796868
0.423792098406
0.52535865363
0.453689844211
0.371420613813
0.296066256818
0.634976260061
0.26001795181
0.310242144864
0.340356183571
0.598720959
1.0
0.528978176676
1.0
0.263298170475
0.408105854789
0.388658902344
0.22027546737
0.386513665988
0.320542596791
0.331713347102
0.580937009483
1.0
0.175254770304
0.332900820122
0.424777782018
0.172501803529
0.44429953834
0.359895431212
0.429532690516
1.0
0.403063746406
0.459033976022
0.56616424936
0.13575648293
0.34169483352
1.0
0.22466646666
0.70289018671
0.351906558356
1.0
0.768775252275
1.0
0.344163942319
0.346462271071
0.506342651296
1.0
0.40007373624
0.408577223493
0.209624792326
0.374155137708
0.491588329614
0.516466811999
0.588046643991
0.34272426478
0.34745313196
0.327638447989
0.637529776333
0.337717091605
1.0
0.36590357482
0.477097574281
0.176726945423
0.491441250717
0.54059742363
0.110142083079
0.278611550706
0.413078722836
0.210787567234
0.226332896122
0.279922203811
0.210273689922
0.16500939963
0.293136610078
0.266419698774
0.525562487987
0.417044709018
0.207058060813
0.33822885122
0.491763980334
0.428253226314
0.303107335324
0.343454246285
0.391340436896
0.334418803085
0.407632595008
0.403182546822
0.130713475042
0.31936433814
0.271742005709
0.575170280772
0.213767470833
0.165891220313
0.411398412949
0.483380359159
0.29135954572
0.54167992824
0.397971228003
0.391428094689
0.403155406105
0.220472583585
1.0
0.377444393686
0.373756484802
1.0
0.402964558189
0.261219342573
0.30541006653
0.137703419239
0.52396547064
0.444385698355
0.476945620828
1.0
0.513411724535
0.696884718726
0.735089558265
0.326685503886
0.307006745948
0.483913891783
0.314998343807
1.0
0.269254435571
1.0
0.264552710527
0.284362892492
0.438203576513
0.553872035409
0.302836861808
1.0
0.360692983304
0.365943335915
0.276330576501
0.312361978722
0.319669983959
0.439045476345
0.226740194269
1.0
0.574602770691
0.43404140627
0.745366180324
0.427758066234
0.322221487391
1.0
0.377212508135
0.404987390837
0.305921862148
0.451544052085
0.494157464409
0.472044960724
0.190637046768
0.212321869331
0.174936816099
0.119554206347
0.33087839331
0.567690077344
0.191202301502
0.20249599507
0.266339449978
0.3877213757
0.686299306714
0.0890332347469
0.267051305162
0.458850142126
0.326112444644
0.340849661687
1.0
0.212637966198
0.416699906576
0.416699906576
0.353167943284
0.353167943284
1.0
0.140629727037
0.101030547623
0.345477365267
0.767342068247
1.0
0.38654960043
0.309520551658
0.373604301552
0.37114168632
0.532750452558
0.72622912733
0.290898236604
1.0
0.262896123697
0.673397203211
0.442036879636
0.477920720764
0.310017991215
0.329885528881
1.0
0.360729767071
0.234768959527
0.481105608558
0.579262978552
0.508472728186
1.0
0.360832533939
1.0
0.561981206512
0.376598013016
0.296873723453
0.419189940567
0.424758140333
0.349895961362
0.127630236847
0.638260479193
1.0
0.456018962449
1.0
-0.00151832961641
1.0
0.266622659308
0.283416518856
0.383579890395
0.388706504232
1.0
0.413030005887
0.256884318224
0.490729262197
0.275038577303
0.286216076053
1.0
0.432583280054
0.515460755075
0.253100606822
0.288774414092
0.267382093512
0.350016919775
0.430220047215
0.403264536008
0.334375745802
0.244710301097
0.386273388307
0.155322408177
0.268235772497
0.308027916236
1.0
0.665361717056
0.48070259007
0.48070259007
0.422327265535
0.387754903135
0.357040800335
0.239136746228
0.552974099175
1.0
0.292128793519
0.473003293765
0.445396772869
0.723333051545
1.0
0.344476189541
0.538162461095
0.564444488881
0.468252469277
0.504755733601
1.0
0.495679452271
0.392350230191
0.248887822872
0.302382176134
0.30411706444
0.158105922489
0.349625529015
0.54638786017
1.0
0.324655665896
0.295802916602
0.501503828158
0.257127680036
0.257127680036
1.0
0.40171543397
0.371404680785
0.633565996756
1.0
0.49928934986
0.676732469785
0.400803800967
0.561597632289
0.268126770197
0.685601394874
0.337170785014
0.367882368843
0.283489954511
0.307369351481
0.478994190306
1.0
0.469294736852
1.0
1.0
0.372978172978
0.334207230259
0.291495985893
0.293965558979
0.456247045512
0.433906638956
0.416530913463
0.360072957868
0.502077354806
1.0
0.373190376733
0.340220319249
1.0
0.396628279289
0.436682971633
0.242251765629
0.314219382467
1.0
0.476705922573
0.217682949942
0.345951555739
0.420326137674
0.313077775553
0.371143101235
1.0
0.452868655688
0.376572359377
0.403960668673
0.306967187863
1.0
0.35182686627
0.383687921087
1.0
0.470732799448
0.268923058571
0.379729494812
0.353306159543
0.15644359135
0.676711827807
0.7547011179
0.7547011179
0.55288380902
0.355582283423
0.735866494261
0.6397589462
0.464277399027
0.235777705843
0.292255766932
0.616133662687
0.485422437427
0.444170057901
0.256405275234
0.497937057618
0.335955281182
1.0
0.441806908033
0.272137561998
0.351339404157
0.311855899603
0.369514802226
0.530344399899
0.402770921943
0.312517394426
0.372208421665
0.721991481045
0.423302102957
0.423302102957
1.0
0.342752744932
0.585723342669
0.25909867688
0.515423988371
0.466349062803
0.675286653836
0.208961824671
0.339836242609
0.420874826731
1.0
0.469871563409
0.674617572349
0.229460474185
0.327457796843
0.422091183081
0.28183871565
0.438977834297
0.451727022896
0.30864091738
0.405010766047
0.386665397074
1.0
0.380501755039
0.303963067143
0.384193308299
0.396552846894
0.431192857447
0.500993092463
0.122779751011
1.0
0.319413463025
0.330221504908
0.56587897427
0.156204660605
0.350102167282
0.380089263632
0.287750735682
0.359405615637
0.237998739442
0.430928430641
0.630232276639
0.266677564146
0.221377625396
0.279816034651
1.0
0.29592768383
0.168570432742
0.353734845706
0.595805716874
0.226981640582
1.0
0.422177968398
0.322722456019
0.207969095276
0.34001147728
0.129814037186
0.361405436367
1.0
0.54383364931
0.378178500733
0.378778742946
0.356412086887
0.288470076678
0.51502111164
0.278195115787
0.307565129952
0.358096563098
0.395454168208
0.219617843439
0.375921389609
0.41122587275
0.188904921099
0.0683790629612
0.547884044723
0.502665347838
0.651003393135
0.519913362168
0.453954752158
0.31588170309
1.0
0.352020260559
0.185701590849
0.295780255027
0.243936925153
0.378083817497
1.0
0.430541437606
0.461879280145
0.286319934028
0.705310218808
0.432398990567
0.467741891542
1.0
0.245663108217
0.438418862931
0.656960169628
0.303166519933
0.332332081915
0.593258114778
0.593197999663
0.178359750388
0.234763015875
0.606716315727
0.374294153845
0.480610440294
0.338106647407
0.191169422325
0.512100946982
0.394404796974
0.358414304821
0.237725663461
0.572554320679
0.54034964941
0.178795102536
0.378496937455
0.538126421148
0.408975436939
0.553029822963
0.221694279918
0.25862643998
0.451242961282
0.54520197981
0.434452420747
0.265671507168
0.389501806428
0.658859325967
0.443434420701
1.0
0.421853417721
0.372855347577
0.237569418688
0.383876947008
0.0958427911042
0.202753563235
0.202923902807
1.0
0.236234658896
0.414465024662
0.37811159989
0.324925009794
0.440287729124
1.0
0.45882674146
0.307931443884
0.420441250843
0.265279215422
0.408013787576
0.172614494554
0.381870357745
0.391627645257
0.283799715442
0.467076841623
0.65538985334
0.436753486396
0.72422387327
1.0
0.225430070437
0.146250860669
0.332608180791
0.45876549561
0.443949764282
0.178752354187
0.693010118158
0.693010118158
0.27699577754
0.206673603147
0.424492042054
0.605071600502
0.454219139937
1.0
0.469440864187
0.526007349071
1.0
0.278528006713
0.729831780305
1.0
0.700196004669
0.267567625568
0.380679088219
0.483203156772
0.404487941546
0.174069501185
0.140618239894
0.240415558315
0.200116965654
0.098030208348
0.549564612175
0.240927689067
0.436040076638
0.338363346311
0.55633914584
0.554895902261
1.0
0.243615483309
0.427587420793
0.363913664095
0.435316701648
0.145739443107
0.394531759305
0.303475836238
0.541169166652
0.245578898625
0.488364315651
0.538162461095
0.40547942968
1.0
0.37241970915
0.342977798886
0.306828126742
0.413100494467
0.534665008177
0.454167954542
0.55916008242
1.0
0.25733470885
0.469306046842
1.0
0.455920564213
0.457665375285
0.659585804724
1.0
0.24760095049
0.203006038147
0.295055815544
1.0
1.0
0.269638487678
0.364759384557
0.542347635364
0.513395105449
0.34071985676
0.367545608642
0.161028054573
0.130638649971
0.418290672546
0.431309347319
0.260265916684
0.562421655649
0.080194333714
0.360025874136
0.375116865976
0.495679452271
1.0
0.538593634877
0.285889037017
1.0
0.407580663044
0.364459400876
1.0
0.451561462585
0.344385430884
0.417499473562
1.0
0.397332117261
0.346080070134
0.38762188439
0.390228074931
0.50296246468
1.0
0.277809807624
0.400186507895
0.449303414523
0.592578634418
0.306459159272
0.32891590975
0.168831049631
0.295899789253
0.396114402061
0.505498721863
0.545438660487
0.696910143221
0.692727111798
0.293792609273
1.0
0.506402703063
0.429719023369
0.194157174147
0.686925648952
0.159255211347
0.169563004364
0.2515477789
0.176843922567
0.338100507437
0.40229700465
0.55077288024
1.0
0.192839864652
0.526080208258
0.327674825349
0.429755412754
0.47474333562
0.166855934574
0.361572236101
0.503633372478
1.0
0.199734161454
0.313873311707
0.237785695159
1.0
0.405696880796
0.322639957917
0.0988469025183
0.459728454148
0.576368566089
1.0
0.314618967772
0.33369321589
0.356368972681
0.413824562863
0.438528297061
0.548032351366
0.0
0.896715490667
0.499388158331
1.0
0.38089432426
0.416827394765
0.707931087105
0.164755832082
1.0
0.409940572663
1.0
0.489946756976
0.336052255045
0.259854654914
0.626151009234
0.383544112827
0.414028431069
0.258008395382
0.212981322011
0.262802476957
0.358100284722
0.289155582577
0.28941345153
0.297405929785
0.32487688853
0.260198464508
0.462066721278
0.283064401368
0.43863744596
0.375870253125
0.476593947569
0.623639297692
0.362088115673
0.36049571242
0.531002589549
0.351683416923
0.182863103623
0.289408598446
0.306267264199
0.347238573227
0.400831711939
0.25453738216
0.41000731556
0.215111071869
0.210544526255
0.131376413972
0.764981018068
0.240803648578
0.373384096127
0.22011537137
0.620368137995
0.370527595518
0.755617666787
0.199940129795
0.479703174043
0.437495817527
1.0
0.55709402472
0.248338671767
0.26252527635
0.423754787588
0.469712995818
0.64713552934
0.568132202256
1.0
0.731367354437
0.260121936073
0.259516825441
0.37911121301
0.487074830054
0.472992189496
0.151919049079
1.0
0.533050690518
0.309742208978
0.407771914389
0.268210115308
0.465251746051
0.427843770184
0.530472943858
1.0
0.399782257093
0.420308485836
0.255615208503
0.260304370179
0.421198641782
0.455095637387
0.298426981151
0.240061639992
0.447609978159
1.0
0.562005539836
0.562005539836
0.337897910094
0.502306149192
0.503280858819
0.319637670334
0.663763210859
0.677336778586
0.159933448104
0.519512913015
1.0
1.0
0.235007653445
0.367955680273
0.36533493937
0.45897397303
0.559998629926
0.199144146908
0.238523898044
0.529912756487
0.438381825379
0.471463347381
0.471463347381
0.384917958548
1.0
1.0
1.0
0.352324718728
0.427253392897
0.121738854019
0.492529810208
0.194073298073
0.486931108451
1.0
0.517076348862
0.158681499971
0.53294720035
0.407155901103
0.408250860842
0.496622131957
0.39360986733
1.0
0.334800517172
1.0
0.385831147933
0.387992688769
1.0
0.524744458329
0.24816783513
1.0
0.486664216438
0.329593145197
0.317141629892
0.428490351412
0.401322126293
1.0
0.461139563436
0.559174862018
1.0
0.389349816654
0.357474240725
0.303009726287
0.428776522355
0.727494818913
0.538477400362
0.301648079184
0.182915725684
0.305083732816
0.445169987056
0.243077793125
0.208263843671
0.387512923858
0.203311226291
0.325414070697
0.487359111914
0.531006539714
0.288177162585
0.721071368242
0.293233576627
0.550551613516
0.339014542448
1.0
0.17492120188
0.37019674289
0.193280239545
0.484184945018
1.0
0.28984330855
0.55366988143
0.422604826705
0.354331445948
0.309320108135
0.490893478342
0.446795838177
0.435903271873
0.0973035708797
0.450609641871
0.284115701915
0.442794257622
0.43469241058
0.181049842177
0.308233414678
0.211193528234
1.0
0.518963412072
0.390865125545
0.263777212978
0.256663362738
0.188609872136
0.380301406203
1.0
0.272251719582
0.148748192623
1.0
0.351015304691
0.538196363239
0.303911478538
0.468687731224
0.409398820943
0.420417386929
0.449176463899
0.200894114226
1.0
0.56456559324
0.19811102081
0.368374370144
1.0
0.282044382183
0.522186003326
1.0
0.598205765249
0.315872404836
0.295621918811
0.15441442693
0.201372534473
0.371906278167
0.188323815808
0.146635143445
0.458197928304
0.773232874257
0.324279982416
0.199800751674
0.341504901454
0.261876034618
0.300165277924
0.237552329047
0.287569969725
1.0
0.371096047588
0.411011678573
0.821211100539
0.229777090153
1.0
0.351156016103
1.0
0.207042303071
0.371472229826
1.0
0.400201673077
0.157351231884
0.541667067773
0.709010211393
0.296324651037
0.239062809868
0.471767461116
1.0
0.305135201349
0.474570195428
0.13048750077
0.248876396773
0.48103212717
0.310205172702
0.57956634196
0.426659999149
0.264858350351
0.222707016038
0.421616518859
0.211062286592
1.0
0.12340771792
1.0
0.44355931769
0.382397617363
0.499608835863
0.628215635371
0.583935262402
1.0
0.46302314441
0.592676556178
0.602174123516
0.666314971062
0.258988316064
0.263559091535
0.582360929699
0.256025947383
0.437953356394
0.169640313447
0.17069277178
0.387648808906
0.322778364295
0.570727441903
0.570727441903
0.483821916375
0.309073607904
0.177332054841
1.0
0.145878381969
0.26493050657
0.211807507777
0.183328097711
0.66842970585
0.309997304228
0.172015030444
0.499925262436
0.694317985636
0.28834577899
0.513975891524
0.577172219891
0.510787872572
0.684947768746
1.0
0.502659793587
0.662976868432
0.434190362394
0.557200516875
1.0
0.420296598446
0.2689423869
0.526414811179
1.0
0.465706387182
0.137283516301
0.497626638895
1.0
0.399961373968
0.468190593051
0.436455383685
0.198779737883
0.261413728534
0.059867208801
0.587300212883
0.215569974323
1.0
1.0
0.513559383256
0.463806704661
0.235382078751
0.360805134625
0.139963712591
0.305733251917
0.496039780604
0.43893368294
1.0
0.389275184644
0.220186159902
0.386533206148
0.221884088106
1.0
1.0
0.357464884159
0.299314405615
1.0
0.291732257565
0.265520414651
0.381735010122
1.0
0.489529119434
0.81075822768
0.310356570347
0.369733461293
0.540431323475
0.485893134493
0.331756389169
0.331756389169
1.0
1.0
0.176902047704
0.363128919996
0.137049740929
1.0
0.343800765125
0.495524827184
0.535745793022
0.142851672596
0.540508339363
0.403505195129
1.0
0.389058275044
0.381456120575
0.18672276885
1.0
0.272015015784
0.428944482254
1.0
0.416689334689
0.322764053096
0.383267628913
1.0
0.297438411255
0.33825648143
0.393133055872
0.333749290092
0.361367305484
1.0
0.318654114023
0.384196545799
0.564350057425
0.430793007106
1.0
0.36124961889
0.360326969537
0.464736894256
0.364359881183
0.0646302431834
0.261304759018
0.458949915148
0.371599880142
0.276817301748
0.491494030983
0.510940768329
0.415900532649
1.0
0.293997378315
0.291570394794
0.320565206226
0.622368837381
0.321017729217
0.221298242594
0.497103523998
0.354759292344
0.548087404597
0.366203937882
0.382304601377
0.370355623317
1.0
0.539317909043
0.288774414092
0.341723583733
0.395112223271
0.614947338848
0.174369112984
0.320344040773
1.0
0.457952742642
0.559721316082
1.0
0.326073843025
0.340944786796
0.0879095347159
0.347822815759
0.28800000783
0.345552061555
0.376842606536
0.367289517499
0.348777248227
0.293202947833
0.564118363214
1.0
0.512954643004
0.314855115956
1.0
0.466969066311
0.368500511616
0.499331495383
1.0
0.219443964689
1.0
0.742618150779
0.463928761755
0.322894247645
0.28345246462
0.314547651234
0.264357305824
0.489011100431
0.238510576239
0.287023199222
0.274075949456
0.434916650755
0.541165812134
1.0
0.313806041496
0.393055124433
0.331852863763
1.0
0.269033650261
0.447651603206
0.103206153115
0.453490277576
0.501508336614
0.391932795476
0.321343779253
0.302948210333
0.260876486929
0.36848325579
1.0
0.344324191696
0.34684282141
0.62447228623
0.294509103457
0.295387664786
0.372792109766
0.293500150682
0.235722421271
0.519842975572
0.266786010371
1.0
0.540540733228
0.540540733228
0.418018809783
0.254680723602
0.35641314682
0.308763656021
0.531588121276
0.417108927517
0.344837291265
0.42851420832
0.513836635784
0.255284410693
0.444598411061
0.487415346251
0.280652519607
0.316973508218
0.4122372334
0.311959235892
0.224533111195
0.350050621016
0.265967732966
1.0
0.36632797894
0.544836251217
0.214322357427
0.363702947584
0.471333620901
0.329365474333
0.33925677769
0.654607529741
0.275507999621
0.482538420005
0.426529358113
1.0
0.3652599858
0.425790093674
0.445304368695
0.357939135206
0.328874411012
0.21847567351
0.509567459247
0.369285224318
0.451312859469
1.0
0.389190935725
0.236064865127
0.365662358956
0.390748864669
0.329671596721
1.0
0.227495470224
0.308379330201
0.262728922013
0.259424626694
1.0
0.762296947161
1.0
0.637636503179
0.456178009464
0.454925415476
1.0
0.448160819981
0.443275968808
0.354567265533
0.526062404015
0.325639173296
0.568625992435
0.299533159448
0.320717593061
0.29349472309
0.51290157841
0.412236821236
0.132779334415
1.0
1.0
0.604515442709
0.684319058917
0.305574780618
0.162198121303
0.298159299358
0.352998218032
0.520451935055
0.295050504625
0.597723246755
0.288667544141
0.333662295758
0.500346091391
1.0
0.327698293116
0.374708220594
1.0
0.429474687884
0.547594966486
0.519247416529
0.561882564136
1.0
0.271643599649
0.256462308869
0.341285953299
0.366674319648
0.303044035615
0.447822208397
1.0
0.413244663142
0.380893723158
0.461070694111
0.725603747651
1.0
0.168985314052
0.611488396271
0.34431316538
0.372947661267
0.14381937869
0.312750156786
0.387400919521
0.175014871383
1.0
0.24759534649
0.379486890508
0.531585630679
0.457727122408
1.0
0.472890491191
0.520826117142
0.349583462417
0.349583462417
0.18435606088
0.637758884769
0.392964465317
0.699558582309
0.243319852768
0.523730615442
0.653623976178
0.460428202137
0.536133424802
0.504777115077
0.12097718347
0.356430568276
0.35201895225
1.0
0.251806955908
0.294753233061
0.667579181744
0.320097665427
0.315881991709
0.257473758362
0.372786735241
0.561835132594
0.433979620738
1.0
1.0
0.685918585519
0.59721539352
0.391236780096
0.511230666081
1.0
0.301688136001
0.307266418094
0.371839380901
0.302053832915
0.315961625124
0.143522454891
0.127574966883
1.0
0.385960480558
0.357569288441
0.506219832187
0.115892785473
0.254116847278
0.304552226175
1.0
0.487463356603
0.414634801224
0.27924067755
0.27924067755
0.148688057546
0.30258225486
0.316259419694
0.19751704261
1.0
0.399354815131
0.411896944455
0.462060001605
0.462060001605
1.0
0.448586032244
1.0
0.328465595641
0.243374287964
0.501513852683
1.0
0.440584991291
0.459283003606
0.457734891137
0.288608914754
0.583094817857
0.315379679062
0.20475024763
0.399803123314
0.267720556926
1.0
0.408778238035
0.430562149732
1.0
0.183709727214
0.244210225022
0.402368358602
1.0
0.336784894655
0.530634172005
0.660627674804
0.439052002045
0.421537096337
0.221266835309
0.456207816697
1.0
0.337454728087
0.469907880963
0.52626488512
0.446707950056
0.51122179944
1.0
0.560358071127
0.468217501463
0.687434505308
1.0
0.49539886373
0.361448522583
0.536028067334
1.0
0.366575016646
0.512893041507
1.0
0.373452652959
0.395668102453
0.34492966257
0.378982482802
0.634767818181
0.291095183351
0.313970951003
0.651168482889
0.742003176588
0.561772728327
0.492363274008
0.223227593881
0.552191579205
0.471874420041
0.324888100783
0.228253523148
0.215313969203
0.323877639999
0.65538985334
0.215564509871
0.65513082261
1.0
0.296484870989
0.462766132481
0.189985714135
1.0
0.347994514219
0.583417880673
0.417196347143
0.644459288005
0.445723229146
0.402783486015
0.258642373143
0.492326286814
0.58192819216
0.333728292483
0.240415558315
0.234174176144
0.479217858053
0.4811652813
0.42770266771
0.563880086145
0.428649035607
1.0
0.578288839945
0.178319393443
1.0
0.314574631482
0.466729526388
0.377620860103
1.0
0.49930185085
0.509256282216
0.387556891972
0.340290324076
0.362952932849
0.61785338261
0.593994830078
0.473991051047
0.790730166396
0.608173050257
0.344093352712
0.370171151757
1.0
0.425478077482
0.413389182352
0.0994298458964
0.356529984555
0.330704064825
1.0
0.580022679573
0.649302789792
0.169347094349
0.164403074624
0.203191547191
0.232052247017
0.436117736154
1.0
0.295396692232
0.342584333319
0.422422598053
1.0
0.152969328946
0.394460444012
0.427461884836
0.550885324385
0.356822764765
0.374676706973
0.564726976682
0.614759355259
0.380190895442
0.22415699724
0.396132012956
0.281461036176
0.261386094011
1.0
0.30197439754
0.126189793484
0.326531307321
0.378103422301
0.128960492021
0.257349711399
0.21278949749
0.134953906065
0.0965668195981
0.12450293088
0.157044651575
0.333693257535
0.273107864822
0.164406633977
0.198689206132
0.36698762775
0.182512381336
0.170262931666
0.193723085059
0.194547461816
0.307850947807
0.302202959333
0.319652126835
0.435623637615
0.0716278787346
0.452421040819
0.316509895447
0.337594491753
0.213909567728
0.121237214318
0.0424734313434
0.13722276645
0.318681997423
0.318287978556
0.298836025539
0.130857997027
0.0891015242338
0.163744615039
0.138897044349
0.00227226334956
0.25525733268
0.470214226583
0.248635012198
0.226837692581
0.153728753302
0.170204556468
0.319164124796
0.125938325515
0.0235393834961
0.184410946368
0.0798497798551
0.040435673455
0.184859344811
0.29335597194
0.374274280859
0.325144821042
0.10836097087
0.121143121935
0.242472996597
0.346324495522
0.407764673005
0.330801827834
0.35154828626
0.276709302606
0.29758968913
0.223883433765
0.170349459693
0.126405187622
0.392857616584
0.0586023911231
0.191605966818
0.297854753632
0.307125151125
0.337386663032
0.227099243871
0.302735265544
0.23005799302
0.178154071246
0.158098396272
0.233783697458
0.133143814261
0.297417000442
0.278672587116
0.12943262378
0.12150056015
0.13145053929
0.180662134776
0.160147440555
0.222827927054
0.236725873407
0.14890484483
0.289027925944
0.258173568778
0.28231993672
0.0870752947638
0.0740677170599
0.168487512036
0.313659584717
0.214522455387
0.150167290025
0.294595945708
0.308372652165
0.337849298302
0.181803676071
0.106990046413
0.234032765368
0.392246995424
0.293798790653
0.339682559105
0.113486779071
0.261610774161
0.103106316605
0.160046420852
0.166008563315
0.185503013376
0.175483918735
0.422349564226
0.324699882036
0.450861924571
0.239351795188
0.121438758372
0.265056067124
0.12714776728
0.23150650551
0.283513535418
0.0976488265962
0.409882997419
0.246709708492
0.410644478833
0.411571538783
0.115735086759
0.112846613799
0.251185094049
0.231414196201
0.201451389365
0.173198228471
0.116056015017
0.134275062586
0.223116851697
0.362417658195
0.173240673692
0.0364618479532
0.133549041725
0.20496936251
0.105368963531
0.20583710585
0.451104253843
0.202681922292
0.337937151333
0.180492409073
0.151525393318
0.301554464802
0.44866281171
0.360070801252
0.101009980322
0.153916840626
0.314044847326
0.227224124807
0.282685991153
0.129072547152
0.14629985087
0.361547942939
0.39817559455
0.369721280978
