0.221838700551
0.36392862024
0.42326435295
0.528485597025
0.349975732749
0.289283603362
0.456601041259
0.231099906056
0.71356787633
0.485505495509
0.282204899604
0.373303074111
0.483959638609
0.390524089182
0.201233052991
0.3090571095
0.498035449775
0.258647237812
0.4109805485
0.303335874133
0.184698884882
0.18436900488
0.301623197353
0.565166259883
0.695898764794
0.435239777083
0.413765147516
0.215332708058
0.423466443349
0.170198690352
0.642670332309
0.551256146971
0.301021904992
0.218659987498
0.441732212952
0.27842683777
0.428015588787
0.40553190093
0.324817376541
0.657797178629
0.444523424909
0.0969495781129
0.258351146992
0.206513198338
0.549809639858
0.118989569756
0.223415425711
0.429154935531
0.24849679708
0.380712231591
0.222113835509
0.23670499404
0.42916510485
0.214967196957
0.232783368346
0.218864005239
0.294004421363
0.262746532226
0.345347751261
0.442674593889
0.175368557305
0.370009920821
0.707677139249
0.473355513472
0.545861536161
0.27948694861
0.327052447024
0.121596911508
0.176118923702
0.196668887643
0.205639926429
0.526156727963
0.47173024099
0.135640659017
0.348161022139
0.0874962067086
0.222095583832
0.212101812406
0.234766491897
0.295126924276
0.380639876798
0.167427946805
0.112528345822
0.187951903352
0.334705914905
0.699787211033
0.406456317896
0.5058364858
0.239315164223
0.452695504132
0.506899602544
0.210178859151
0.509459423579
0.228640119467
0.405355292013
0.182952146558
0.246021101424
0.310993116536
0.148648472772
0.259360739282
0.149093010116
0.191077311332
0.191077311332
0.0800060118215
0.161869045111
0.175470947696
0.185873259303
0.0993346858651
0.188366645777
0.184983001367
0.132119615095
0.580969547462
0.220207824096
0.526947351936
0.457800585969
0.64910778461
0.372808644913
0.698503485666
0.405053887912
0.368422818429
0.379095202483
0.447813695508
0.306357516578
0.237848877418
0.411454807982
0.409631818155
0.415841210759
0.7051813633
0.493827334259
0.627305975375
0.246198807462
0.309395558044
0.313297552051
0.449886383423
0.616527107006
0.51933249308
0.203274503445
0.290448206425
0.595238170034
0.429533297822
0.488205636099
0.221653495326
0.472648418051
0.504447977569
0.28659646425
0.468276977851
0.384516420865
0.631279161969
0.258049377034
0.430716783299
0.397029291831
0.210490716093
0.44804736812
0.300103211949
0.262277686757
0.558995234923
0.295143577517
0.650207376509
0.190707952339
0.263283733899
0.167084822373
0.537570072802
0.460622329371
0.261740393517
0.270610996819
0.192459903692
0.353057156698
0.450598534042
0.478908144988
0.338500808255
0.415540004245
0.479677761111
0.270448899537
0.264593576053
0.327870650635
0.397909045743
0.161882510847
0.1684573628
0.414850017705
0.291654832621
0.152436602848
0.183403155398
0.733200832512
0.268480774202
0.224083277911
0.366569977638
0.609357916207
0.211428374493
0.449536982209
0.515178484874
0.372793216728
0.538984361051
0.199025405437
0.286054385669
0.241001013231
0.518004094191
0.283680600915
0.521308948181
0.198309506652
0.270938603144
0.334294162708
0.266320466565
0.321463748077
0.259759775209
0.349380711384
0.257565330896
0.55719803802
0.196022955603
0.176807963424
0.510470196505
0.411684062886
0.454228614642
0.261029054281
0.226853706248
0.256703017802
0.210153093969
0.382942885709
0.430784667859
0.226044418786
0.173470794611
0.20343217939
0.321131236217
0.301061448652
0.164021523942
0.390907984972
0.343379197607
0.238485152153
0.287100024047
0.503042072436
0.187730074694
0.352458946737
0.608778575843
0.258701083624
0.209467100368
0.732677591671
0.348065039831
0.335457437226
0.264790110324
0.576903597048
0.270161982005
0.215678882175
0.274810626935
0.193114119514
0.535983705352
0.519572784731
0.611365704284
0.178944721264
0.374551290153
0.182829095408
0.37754414591
0.240227141217
0.446923471574
0.289359259442
0.248071736333
0.334476315484
0.28356341968
0.485639123318
0.385314508057
0.331892317658
0.527642733548
0.10459761403
0.213984464118
0.266155007995
0.385276417289
0.277313924325
0.335909475718
0.294981786604
0.215771517445
0.239534005764
0.481817293112
0.409125501663
0.412643187253
0.189019959803
0.263898239802
0.180663749989
0.284917485347
0.236932372387
0.351134252128
0.546992319495
0.249775180238
0.296891415488
0.209121241736
0.294359219469
0.425871536625
0.27177833781
0.345181920423
0.228914081523
0.253565671078
0.283119587108
0.404691420158
0.372139181396
0.483169247743
0.108124012029
0.3165888992
0.355333152412
0.286581797431
0.446572024654
0.316723383176
0.332899673812
0.195463224559
0.324047256289
0.27654843925
0.380563927684
0.50670797438
0.0832802552638
0.455148748717
0.238538732903
0.227866555886
0.344454629537
0.283094285651
0.40821096153
0.245982264514
0.31591678432
0.282381524109
0.264893475514
0.216975628986
0.148698939765
0.581904160288
0.394463871049
0.281066718146
0.303301366097
0.69373716837
0.207107483405
0.408651149065
0.219837161957
0.491211672185
0.268684815639
0.634647938055
0.25188656903
0.129891435657
0.296677601608
0.317840886445
0.286614745368
0.219907561551
0.35153575583
0.257931405365
0.406280858812
0.733197675663
0.273644027005
0.250592737815
0.294897174338
0.158857236118
0.204045140163
0.425474787752
0.229859449379
0.307483044587
0.317843541734
0.567749200215
0.351959730929
0.395496784512
0.365050341505
0.382153585301
0.63379260412
0.359496513234
0.297018779144
0.237436320199
0.241407163673
0.509643359461
0.188796354016
0.716387372668
0.514424995424
0.384929907576
0.293492037219
0.461960896199
0.284284300536
0.385280266227
0.242893130718
0.626698909766
0.30388726611
0.19841069674
0.548900284722
0.42422447604
0.528004486297
0.318948716467
0.147604173279
0.427575929275
0.391217115355
0.186131598645
0.490871848498
0.18764498908
0.307170314944
0.431492616088
0.183589638083
0.146129866296
0.219716063103
0.359451364991
0.181489487658
0.287977057521
0.313933866828
0.169493614503
0.257400130645
0.246742780673
0.270892676354
0.434140569612
0.56782152677
0.277819406323
0.218754003547
0.454920213319
0.64680495007
0.248668052447
0.28102472995
0.350602007076
0.182549936807
0.248506992101
0.289629502515
0.232480096378
0.429630708026
0.267470016168
0.484966507075
0.206872431351
0.529760413518
0.523357584878
0.367538256665
0.127294374634
0.460136769642
0.246299799451
0.101899635644
0.477458433834
0.285030887213
0.159259893629
0.266611188363
0.33001578399
0.20694503861
0.462644059155
0.463307913374
0.553962473707
0.184017971557
0.360571973412
0.290243491145
0.412377869571
0.374200905227
0.358687395414
0.235776754598
0.206037074643
0.21311677956
0.21264957731
0.401403350406
0.148251494891
0.203792758265
0.282208705584
0.132766496745
0.246555424116
0.420840997687
0.242342772388
0.477199511942
0.621845780812
0.175316332739
0.282908542769
0.273271926887
0.190189685356
0.166389005032
0.323933052403
0.0911582523714
0.409541788371
0.356927888725
0.292575305383
0.440888654906
0.354931862763
0.333267957969
0.232227655328
0.311081708115
0.16835874187
0.144991333195
0.523039461993
0.352961737104
0.186875512465
0.159480370758
0.372780071572
0.112942497483
0.336709014587
0.205953891565
0.256332444141
0.193054168031
0.358086104204
0.253464037771
0.288984788384
0.25858935029
0.258175687302
0.329062817448
0.161496355194
0.22005539632
0.370069529577
0.0590194268858
0.296465029327
0.214837258135
0.455386486386
0.370435095138
0.178102975746
0.2015260349
0.278239978026
0.375632247636
0.440759499459
0.0771894182603
0.224338083298
0.287647836644
0.240334810682
0.235070009995
0.354452598943
0.239643870132
0.464369425792
0.204156120646
0.387587647573
0.356301240702
0.274545306187
0.280625511451
0.470662184066
0.280433218856
0.16922872997
0.33889776723
0.169279553469
0.0857747552137
0.214771390034
0.268513165505
0.190949639977
0.276033321568
0.177572148028
0.200104240273
0.437961604229
0.404176215918
0.395027302174
0.212984031919
0.0814982621408
0.498549895748
0.461718421486
0.546569402047
0.352500147138
0.422118140483
0.211745781388
0.242576480983
0.450933814281
0.230117974744
0.282805777549
0.224009464018
0.189571120511
0.219383939385
0.240270399277
0.171151364784
0.25592777166
0.305987176165
0.546768472891
0.43724115879
0.219420697696
0.246983772774
0.213286032042
0.437340732001
0.351731539085
0.156837499432
0.473832603082
0.175206133081
0.293888956853
0.114826489877
0.133200458957
0.269677086523
0.392618946598
0.271967942909
0.220527825231
0.166470260285
0.196081681189
0.153411172022
0.171333481457
0.230657144895
0.162207709344
0.406473239597
0.524061981161
0.293508432564
0.638640807027
0.297491758109
0.320874985137
0.210818095254
0.260161568131
0.178816085979
0.277564008605
0.24158054759
0.394410840181
0.332410030252
0.517396204572
0.415037973999
0.310610505787
0.323572303833
0.498246548621
0.356530669474
0.219438958666
0.531485478267
0.210527497364
0.223134542368
0.337065871781
0.396103060808
0.420656060896
0.376294683652
0.140653569178
0.172055295133
0.352591007084
0.318633902926
0.267768493705
0.308893198883
0.361046869413
0.144284254726
0.344694971873
0.422631990956
0.143313546774
0.0514866726136
0.150359116975
0.16599647134
0.197099866506
0.158738462502
0.190859872164
0.592753198345
0.296712311565
0.117783441682
0.26630283015
0.691023786292
0.138657278392
0.207060827573
0.166230229739
0.334227619394
0.345360852327
0.225650194293
0.245702795993
0.279443832297
0.438764966637
0.282902253835
0.397074938744
0.25224730371
0.213540578552
0.152897281674
0.154502570449
0.211081161003
0.27530827274
0.313955350373
0.570892593559
0.366396586704
0.354860267987
0.262364567267
0.318828078681
0.124287282749
0.268148188607
0.532726554511
0.226976078314
0.615478823911
0.166457425412
0.750902844795
0.333417447631
0.308936577406
0.249403799094
0.428695992569
0.183289939619
0.490896856391
0.155450486366
0.338616217694
0.450678029128
0.374473625408
0.230858287428
0.293578404711
0.137238188899
0.340071659443
0.195191801792
0.258497155891
0.244025082488
0.403121204336
0.173493898269
0.694776577794
0.271805516264
0.31055876838
0.366688505579
0.329968815656
0.162607080375
0.32671247286
0.368694068281
0.285495104225
0.192119034806
0.357333848115
0.299984042487
0.370994625111
0.271731554999
0.221159586175
0.435766788253
0.189740176267
0.442817567131
0.177811475045
0.56139123552
0.259317465143
0.278692610398
0.395209020729
0.232820211247
0.297698451869
0.222979142063
0.259849057601
0.231581624554
0.333825063001
0.337514507047
0.316964504645
0.424549043762
0.281023529197
0.358421568832
0.409730479116
0.535205737109
0.292751923468
0.367819935464
0.257870352104
0.182235525098
0.17301922343
0.363297179891
0.304357383065
0.305719590297
0.312828640634
0.380602723961
0.129392106042
0.168393910816
0.331738598202
0.223099567465
0.269867392678
0.134682878512
0.0657146036703
0.139880957589
0.147623282397
0.130006800362
0.281023202808
0.0755829096832
0.063257470018
0.225678493638
0.0642947118243
0.0478119666406
0.155918371589
0.118921360099
0.0733886721889
0.101325167795
0.133824598033
0.0873588428352
0.234333941104
0.123857244581
0.0660740936957
0.0351411144351
0.119126401206
0.101343673375
0.0671363968457
0.0676413896335
0.066160957731
0.0736336271139
0.0657795136423
0.104310383046
0.123110378298
0.101068632078
0.0412080785396
0.102773191638
0.0807699065998
0.21856423291
0.137168518183
0.124562222367
0.0160117051451
0.134056142381
0.142836994265
0.0774570737046
0.158536578175
0.0778049845834
0.110889058835
0.135051163207
0.0868546802818
0.122454481345
0.23388763726
0.134833828845
0.0876044414747
0.155580414752
0.0662932711441
0.0972545365721
0.167544466337
0.156220074377
0.143943719302
0.154264306498
0.124346762012
0.156425594462
0.0785465465508
0.108845275315
0.0575136078166
0.161457414954
0.159211292917
0.0970040720806
0.122889444198
0.396631019017
0.220632660517
0.530314174318
0.212098532328
0.421338658843
0.638363594581
0.248131806554
0.317636861431
0.113233823002
0.556655333828
0.457695486053
0.287779366583
0.417512022887
0.328949912338
0.279068750668
0.257564270016
0.284926012037
0.336104964377
0.651255077923
0.61859427791
0.150153792562
0.246605341195
0.457345704341
0.410048998783
0.228451288605
0.141938984118
0.581054428964
0.328875377669
0.289381752198
0.286323185626
0.2674414916
0.392910511358
0.32525252132
0.178717589813
0.252746010581
0.347551544202
0.612387083396
0.184287178842
0.482888115154
0.577957866968
0.34426057423
0.123576405375
0.447440659343
0.321326894002
0.253718308247
0.249644399322
0.279322966374
0.510463899624
0.204517165961
0.233471743322
0.461566182473
0.208003320798
0.408609393065
0.298961440475
0.230276162071
0.315176253279
0.425455528327
0.198711762927
0.340139725873
0.237903330162
0.164842618303
0.273903096896
0.163178383871
0.322518354929
0.350889182539
0.250928783095
0.204982839545
0.358401398684
0.391860587785
0.226912837017
0.378035785103
0.220567532349
0.179700123632
0.510763848245
0.677557928936
0.319293631728
0.252875318668
0.395354504598
0.314318181872
0.235652209427
0.0973713428311
0.305053033818
0.176535511572
0.498634184882
0.26903695863
0.180671495875
0.550845628749
0.264395723257
0.327226382338
0.208756450508
0.319375270609
0.335868603453
0.311134338171
0.406347086947
0.225356357206
0.382150727823
0.443374919747
0.127670282065
0.207202080644
0.186966473731
0.224945612974
0.402433574293
0.368258377271
0.17314503799
0.152479437029
0.167435838285
0.18137474739
0.632601935778
0.385307502795
0.342412649227
0.248583682661
0.320146327089
0.352573712293
0.383532573765
0.140695813136
0.501177928131
0.306205978997
0.180922470244
0.447713346386
0.222712138193
0.334234525764
0.279718471402
0.425189712711
0.269587373639
0.147841405123
0.399024251203
0.295297799262
0.350114079378
0.462201366019
0.274047610642
0.295960605727
0.380613172644
0.338989163605
0.223212187856
0.436970633198
0.521141099124
0.318396963458
0.588645377551
0.279432173318
0.388927121669
0.0959834603872
0.32460568434
0.098366210802
0.163267305433
0.383790777132
0.277591746789
0.320075397388
0.198694622597
0.676899506553
0.410885046267
0.299768442822
0.443462893894
0.481864177528
0.24108167252
0.185689628722
0.416751897856
0.45036198315
0.32052983577
0.35852559555
0.203083479462
0.226505206336
0.320622820569
0.240492283727
0.260986433411
0.250451207715
0.408718872
0.437610813792
0.177589302193
0.28201896591
0.422132971807
0.0905409751677
0.459354057788
0.284679391567
0.177092086747
0.368681891497
0.426931582772
0.2194965466
0.304219919992
0.19505773662
0.240033051426
0.191356109607
0.27067800642
0.502214033104
0.266614394375
0.22751282249
0.133561110676
0.185345508788
0.322798291192
0.252073961402
0.287838019142
0.127135497212
0.339044316956
0.207402363867
0.218350980997
0.231174581743
0.112243265168
0.17675805194
0.203287186818
0.222876443484
0.323675932433
0.319946611295
0.339630462578
0.221080818085
0.176220815522
0.171395275288
0.33792524857
0.10182819321
0.228422658854
0.200650228327
0.203806661741
0.374061095905
0.183483722004
0.236290613343
0.055766574298
0.0631292632246
0.114724789812
0.155411096558
0.128127084325
0.193195332255
0.329625330113
0.143211793362
0.345302636655
