0.829584598644
0.809700711532
0.488886582538
0.706396825313
0.728558734285
0.51991216004
0.528301104528
0.728989734866
0.35498299154
0.613692851881
0.65908008767
0.692375553299
0.474110364704
0.422067176838
0.514950306692
0.532600490152
0.657523695047
0.410755017351
0.896348472087
0.489330949876
0.631835617334
0.583964462056
0.492322743657
0.516289620184
0.472918703445
0.651624787521
0.227912193813
0.624675137818
0.436892801466
0.516636471679
0.549977690689
0.966221718313
0.637180150584
0.62871490193
0.41251423488
0.48188461759
0.535629496067
0.591441926042
0.483226559052
0.516878854401
0.456740919535
0.672937650737
0.373064435507
0.573112438421
0.482760160714
0.637712590152
0.523328439057
0.458639861787
0.643748043552
0.630020662789
0.669258334889
0.306691837446
0.577534812025
0.421109073655
0.485237771628
0.940346311752
0.556430981126
0.318760238927
0.360951229754
0.751849717343
0.664482968424
0.403997344686
0.46477463728
0.381036463251
0.455150092908
0.674985946427
0.473000054876
0.208325180202
0.47778031014
0.792227110536
0.553322986232
0.423947854339
0.234321262574
0.539753150218
0.413690857124
0.538866168591
0.585286656914
0.33200622383
0.519109683859
0.50127071689
0.600533835036
0.52310301948
0.5223252702
0.34067957625
0.695433395568
0.802435577895
-0.0101434773278
0.491771099935
0.383620047826
0.35541001116
0.365782100746
0.634731823068
0.589647272768
0.541456681016
0.326652450932
0.422983338591
0.401602154298
0.554293952744
0.240051479592
0.437261347517
0.17214411028
0.51704635619
0.650026123979
0.241115719187
0.422366778259
0.392622348909
0.49182260642
0.617085776249
0.29181090544
0.447278450991
0.343757112689
0.58440970241
0.774363678558
0.166433050153
0.534863235889
0.417679516282
0.481593054469
0.361805741724
0.375340562912
0.714961194001
0.34253711229
0.166175480825
0.481956112414
0.551502179597
0.44297525868
0.336642217098
0.425111745799
0.489533313846
0.340602514188
0.463686114888
0.501660291031
0.401802813466
0.532628777508
0.766200435443
0.274887464256
0.511665623002
0.426849046628
0.392722566163
0.603982002546
0.398595461107
0.256859772616
0.352261488368
0.571205498726
0.200260100087
0.64509757724
0.471600071982
0.100621559177
0.44924603819
0.324109291728
0.452590946416
0.4455799611
0.267603951006
0.502914696752
0.519831723845
0.252262739131
0.273914638956
0.498368302989
0.431595494423
0.457760009415
0.844953213234
0.535293003124
0.493188000969
0.451552985518
0.409047496963
0.220429560014
0.62016546039
0.464253145113
0.707679310116
0.509970446639
0.48429276958
0.444187251155
0.567772969022
0.439623084111
0.610506208353
0.471357499029
0.484781232641
0.459620175215
0.485972002777
0.599329550109
0.710303800653
0.565071350324
0.691223976802
0.358518856584
0.536029604056
0.541178201759
0.311801571654
0.467814412418
0.431911950156
0.411475468832
0.597053709866
0.265248642361
0.0124731237803
0.436093866334
0.660019740045
0.596133507787
0.558691921725
0.29574533501
0.63051544314
0.36382455137
0.0538491938907
0.750720836595
0.146917129032
0.784900329342
0.354911380129
0.455490695893
0.617133859094
0.585823648161
0.526995991579
0.365167533097
0.514961435237
0.40407422881
0.662411764181
0.271709744414
0.489146257178
0.530432106438
0.217210115438
0.349015745347
0.345645315141
0.517426301762
0.156250082045
0.270694290308
0.427567463471
0.437641636424
0.680234048438
0.484396852903
0.528940680189
0.275777943415
0.533593398375
0.476917963171
0.587387430713
0.181434912465
0.333120877117
0.453710990377
0.560334152306
0.715446186849
0.37076736838
0.365862430864
0.347468665844
0.640517591247
0.461716848857
0.506935997556
0.60252053017
0.179620369236
0.585604332619
0.412013183499
0.256265160778
0.505373011949
0.9482421561
0.637125390157
0.565677052229
0.899313515728
0.120340292111
0.410027197627
0.362100684257
0.558486387643
0.811194813255
0.447402340467
0.702818418018
0.428714437076
0.306088544251
0.558413890679
0.430320826047
0.371214929435
0.609108803771
0.358912504078
0.428403732338
0.268319451761
0.538873047317
0.490170575194
0.237370267642
0.495014322942
0.488177330258
0.459359169275
0.266630383442
0.36188313895
0.428697830313
0.550235299532
0.490369229144
0.290531164219
0.47848020641
0.681013616445
0.52344852913
0.579899618366
0.301689001006
0.609731355231
0.347677901246
0.705001715836
0.461825720573
0.653900610091
0.675486342037
0.412329034897
0.511261523019
0.438427632186
0.353178890754
0.398747773804
0.381972122406
0.545314273743
0.486165183618
0.567589289331
0.318832764814
0.0934192344354
0.667515741895
0.615130065543
0.320943993894
0.601362561259
0.482139915907
0.493939303418
0.423457060942
0.565191444563
0.257374501866
0.213943705935
0.346674653024
0.381178088686
0.484001299009
0.408342217606
0.280392096955
0.525152764961
0.556139866682
0.404788598214
0.516588200124
0.426772506474
0.721637199817
0.323656216595
0.354985948408
0.548265729238
0.440144668654
0.509096895445
0.0885410011809
0.496361559728
0.439566576279
0.216159564751
0.515879486532
0.575433803988
0.655823887687
0.543366628872
0.452758232489
0.257776729537
0.4901348228
0.4718294409
0.522273766752
0.465210722933
0.63125600629
0.645815252908
0.342146377264
0.436847192708
0.596625499434
0.475519350989
0.26285950747
0.498621733035
0.324958281867
0.358782791819
0.451654321434
0.354424921453
0.359609769608
0.0990792987092
0.56048383928
0.550142479831
0.495817042386
0.320493739707
0.493362801535
0.587638580616
0.467573221044
0.402671751372
0.580149776601
0.400797378037
0.370485551066
0.472040854759
0.52929512133
0.602711741586
0.400077584336
0.586987520909
0.405729579171
0.488120526685
0.444293073534
0.508352343169
0.343251962325
0.499556691879
0.28864500782
0.48137349054
0.757112724177
0.602927516161
0.830112711032
0.446361673147
0.375029247962
0.815756751822
0.513692894974
0.395128735866
0.220282398143
0.380576079652
0.381520878256
0.527622201747
0.36946747201
0.465543595435
0.44881521066
0.0774230706462
0.535986451812
0.371937661563
0.462797038522
0.215170323905
0.378318618398
0.793941331898
0.505841072992
0.447005805856
0.47095872706
0.155596918616
0.378148653884
0.438839880987
0.631526952052
0.441303070886
0.455664023565
0.550017636004
0.539737494441
0.409009157774
0.396248874822
0.436526013447
0.378249719779
0.534478446717
0.514730661028
0.298107086731
0.342628544778
0.504318617069
0.550495954744
0.407604759191
0.421698102639
0.597952688921
0.574207269022
0.11763114429
0.241647208276
0.70708058014
0.325416949026
0.560325143462
0.393986157561
0.522727402934
0.471796136751
0.341017482359
0.439507429163
0.370067984489
0.561530483314
0.548420091307
0.411282014444
0.558562343278
0.213160687865
0.449723358477
0.426323180493
0.584662948736
0.588493914633
0.399804520115
0.386562002614
0.567132501911
0.596697590477
0.247137429816
0.414891460037
0.501603628867
0.353972272324
0.429260696547
0.472412884648
0.754927023632
0.257681490452
0.451927147719
0.548291880704
0.608131811281
0.398888126301
0.64257768877
0.502035225513
0.424643319067
0.568979162848
0.608241502476
0.45486693851
0.446624900858
0.535487734607
0.199461193934
0.325644028749
0.674371808257
0.543419838568
0.399047403383
0.113890733311
0.62704171876
0.557635555872
0.39553660445
0.602365220466
0.545582372409
0.34878232383
0.357730752898
0.398640646304
0.350193774772
0.337309242936
0.582714015168
0.551721386428
0.36620417788
0.67131382781
0.721001291617
0.431810606581
0.411084381836
0.23474277654
0.438315685331
0.495446464476
0.776627982814
0.349126218568
0.305675962554
0.514169245493
0.32610339131
0.693019697709
0.87868619599
0.444374437687
0.489552356662
0.254502013243
0.219158496054
0.306606166401
0.405056066656
0.358508047569
0.351884198814
0.546228458043
0.41547754462
0.368164966784
0.696325006202
0.425407318902
0.416028417645
0.292476228683
0.548555454525
0.453792776466
0.521351192044
0.652490127751
0.724701541266
0.411019531315
0.254428534994
0.421985195003
0.583592048579
0.382517243881
0.549930210588
0.307537745287
0.16846969682
0.406558528173
0.473777089411
0.552644613033
0.253315510971
0.502621300632
0.63945604794
0.470725462794
0.583573343268
0.534330315607
0.686333118823
0.373180165639
0.639884820078
0.313668096222
0.553343379151
0.447142189166
0.486714349939
0.47217870153
0.274998485515
0.530943868177
0.333607327501
0.613516164078
0.505305581043
0.416528978752
0.300365880746
0.349234496314
0.499700188799
0.358201806122
0.734667104879
0.515555904257
0.449798016299
0.388760308332
0.289250590568
0.202096652079
0.512732142328
0.457040316493
0.248883000699
0.380128758174
0.495784587947
0.24409594169
0.654855400249
0.284675779025
0.527903181689
0.436300131036
0.45884801964
0.692896672781
0.406799321285
0.330360593579
0.437533016679
0.4556905933
0.650495266211
0.401842914191
0.36962297828
0.493041299229
0.591727460152
0.403312737111
0.394881868516
0.390492139484
0.495935242744
0.331009817125
0.545000811195
0.444753568448
0.452721213044
0.40502124819
0.609999606004
0.258110396624
0.432417950956
0.351847144395
0.561132627215
0.46431948672
0.389992701333
0.535981300973
0.747294798205
0.223553800545
0.70752510652
0.663377578311
0.25331425249
0.455418461467
0.489554162641
0.424814460334
0.498409109486
0.249336803145
0.286308646036
0.316671927939
0.639343306852
0.445042447208
0.630780266492
0.522913478126
0.460900589995
0.453244888741
0.295326290861
-0.0111005682544
0.347611080011
0.444306145562
0.397070153634
0.496964857547
0.738465874267
0.465695108949
0.483538356959
0.556252703458
-0.0470409482287
0.416682251961
0.701849087138
0.630229312505
0.447514177495
0.459341517312
0.545648016002
0.470678630136
0.529816505561
0.50349381464
0.42354991362
0.441879131927
0.411408920328
0.72954871577
0.19905125993
0.720016755414
0.303378771425
0.382853251624
0.229211522444
0.0427910125249
0.26173566328
0.410349686614
0.619187744531
0.371045337241
0.349899486198
0.616560117101
0.823431193374
0.766088189152
0.535591305745
0.306666472871
0.494455657736
0.244331395292
0.378671069435
0.450501161547
0.482667404929
0.508414871973
0.186232705627
0.402164449734
0.384939611815
0.346746052422
0.343291297741
0.565101802686
0.491085889116
0.285350380575
0.496263447856
0.562816515389
0.290266427053
0.407130312916
0.484175655146
0.308143062413
0.177390671041
0.434841322271
0.264531710659
0.378931554378
0.550460465905
0.459472931067
0.568338518354
0.399206010003
0.360500090147
0.369877193943
0.361784217739
0.306617405492
0.48760174234
0.692499911717
0.458549444532
0.35054955893
0.407978471286
0.293680600137
0.348998503823
0.484180178083
0.241264221027
0.6898060382
0.381905251206
0.241283966688
0.349726874392
0.46171814976
0.359594181457
0.471438690477
0.348626059497
0.478666440332
0.300020081885
0.24983823335
0.402133868919
0.743164886053
0.425366124847
0.521149124862
0.493958949299
0.487824428628
0.426291843278
0.424379422191
0.313092914937
0.437752019645
0.436622286346
0.197003091485
0.409958103537
0.466638403636
0.349297533673
0.281278118448
0.410680910585
0.54747668282
0.291301912713
0.524634628082
0.468130607769
0.346621011824
0.35651859407
0.559142711105
0.379693379377
0.43774552077
0.687127577886
0.395944983403
0.269441081999
0.703212913012
0.353346162846
0.61943047353
0.32374859397
0.270201789504
0.0984529512607
0.225667707548
0.501405259456
0.268994972314
0.5151760013
0.446209220852
0.518141317051
0.404686548131
0.339515210651
0.402148394578
0.672259067329
0.308017473172
0.293155498236
0.495374020199
0.416802375692
0.526796777914
0.244686463991
0.337214989371
0.369614347621
0.373011921342
0.168210555028
0.373558696427
0.519454049999
0.370917464195
0.416137690077
0.417682460911
0.323262422753
0.533924165514
0.482617572884
0.425631861087
0.483146262736
0.225077189968
0.517890978674
0.424277577801
0.526238096104
0.388426580155
0.505369337901
0.231707492615
0.310460700416
0.337493985085
0.622316416046
0.208334921768
0.490170464485
0.648396075727
0.389555853463
0.340270347096
0.198940306589
0.572824273453
0.290619792261
0.454391975465
0.853834965188
0.509652684519
0.464074504149
0.590733150125
0.307622872048
0.598676113437
0.476451434845
0.263702049547
0.504167921219
0.345415594122
0.56074655629
0.65314317112
0.397537087636
0.266742328139
0.307638473621
0.180552509626
0.45419226851
0.316948053453
0.393561323997
0.224420905638
0.301284615504
0.316775676159
0.364226288844
0.416283959046
0.343495265389
0.535919136646
0.358215761177
0.313857179004
0.553823293609
0.244548496996
0.212497983004
0.173649259379
0.437798542118
0.40756601482
0.407397359057
0.35909992185
0.635855642139
0.270662983825
0.346905209456
0.313466817176
0.310244100433
0.395941407432
0.0376039071228
0.293547169027
0.391927740364
0.466559576455
0.54512290906
0.674755636372
0.253935154243
0.186184040377
0.292797940587
0.468824746001
0.376382529736
0.425539219477
0.15006519201
0.334061264403
0.35974209172
0.150468884095
0.395151997189
0.434837336254
0.205054890111
0.630897513274
0.352524580348
0.431827529502
0.610975355022
0.842162838918
0.319321065384
0.205146951426
0.531988612507
0.662082348229
0.361431994061
0.385795737083
0.568793314434
0.398435854114
0.404027655653
0.392129412781
0.515762291926
0.284978735547
0.513390394603
0.286477909619
0.175840734623
0.237599347611
0.360767581444
0.333914313291
0.316878275054
0.392614574421
0.367811378542
0.498490935903
0.369916287165
0.375925591698
0.511728752981
0.200864413174
0.47820577448
0.487338309668
0.292425728488
0.213245916408
0.40713779832
0.568757937833
0.246136811498
0.44667349736
0.627480573789
0.233548033279
0.292199820781
0.486345187885
0.182686150737
0.197816723064
0.337966198603
0.302339384982
0.401261954969
0.498250672446
0.189556865747
0.436540791313
0.512440915835
0.249190264797
0.455188427053
0.366474654811
0.415567605676
0.26599095489
0.49061578247
0.299996065934
0.383899526751
0.356133606888
0.524155956324
0.29374161947
0.487941404828
0.524448559588
0.368616330265
0.362618339073
0.314405753967
0.359743533642
0.234997659892
0.316031088713
0.484916243076
0.48403203078
0.426787990646
0.580098673154
0.664113583361
0.39108828207
0.499940389206
0.371751418044
0.593270296031
0.504906614241
0.416012732547
0.303810889572
0.315693563925
0.286033409475
0.624317371531
0.243750810652
0.438277734831
0.289305097406
0.387217713104
0.472731612174
0.426525156356
0.424697346827
0.523738417262
0.481718116552
0.247277603818
0.366501192504
0.320197663054
0.31953858018
0.451104395325
0.5819192361
0.466227336251
0.468696584807
0.694278594431
0.528936029631
0.432646684548
0.316506647003
0.559624797996
0.397452599043
0.405103761613
0.303834786824
0.36132836036
0.378164830267
0.554215992932
0.306207082571
0.526147501556
0.640042431802
0.349398471915
0.141398257586
0.469258450877
0.401851912453
0.572870580497
0.357896460161
0.420966854082
0.24303508223
0.314780343394
0.336338515345
0.526806489247
0.524082894428
0.31831258506
0.441919443365
0.52994813874
0.233167739906
0.522482951794
0.589230753385
0.359704419853
0.278125337638
0.250755743999
0.318871547677
0.555855790311
0.446507176194
0.529411777612
0.137020904571
0.268247531297
0.295256034139
0.359655422591
0.441896531099
0.203511951238
0.190214744679
0.506151363281
0.397413160084
0.0468174489174
0.188404607583
0.306280687687
0.113639476796
0.6005103169
0.41526103049
0.332502900175
0.382060571001
0.595745361932
0.261601812336
0.0789618686654
0.307152426608
0.5027754776
0.395553435203
0.181135764331
0.367659364898
0.388292039896
0.494474743545
0.46772130613
0.190830422298
0.303578307773
0.480365473779
0.220878885805
0.32193547671
0.350910387967
0.400137762599
0.359309023326
0.698025778952
0.387863030322
0.488282940429
0.42943815234
0.768314229355
0.370794451903
0.3031181136
0.413986794666
0.300441776199
0.499313455817
0.285087858154
0.545983487115
0.319078382078
0.487331581616
0.350868913638
0.432076013606
0.294110856348
0.100164727154
0.314965156451
0.434798447043
0.230065122574
0.13290972854
0.389814902127
0.218853967649
0.315843089815
0.337048933493
0.34433604492
0.642089577137
0.33933580904
0.555218292112
0.499158422157
0.261127093141
0.216075201112
0.473316627697
0.470540705443
0.366804369146
0.486371482389
0.459607800754
0.407474550557
0.486363133444
0.35595925491
0.0227718501376
0.120063027234
0.425453619658
0.187049626734
0.321646827223
0.584646763266
0.573410880492
0.0524107851954
0.412181201348
0.401232661384
0.275213932593
0.430688025477
0.431724525905
0.248987794845
0.234648544019
0.237407405294
0.457166769519
0.508019592584
0.243327573814
0.151439065848
0.211196695284
0.178288739919
0.148303024804
0.131921849855
0.356938190368
0.381610135578
0.175339351894
0.345817684938
0.433401459675
0.609057115421
0.502332878643
0.219489404794
0.485865257076
0.592241462023
0.104865857463
0.691624775472
0.305066032067
0.551008064528
0.37152415835
0.423931046584
0.584738370999
0.481127407225
0.450269640238
0.193291603631
0.19599880698
0.305385134451
0.421834681393
0.256224069061
0.442221854342
0.459355914534
0.398438543578
0.230458114868
0.393211562627
0.263862446815
-0.0187590795348
0.48600199441
0.433589899773
0.339122686566
0.248434437698
0.205404130917
0.35932354758
0.443368171116
0.308639218314
0.352793860681
0.540408166614
0.272094831009
0.397629697213
0.373475360458
0.470065965871
0.30355474502
0.301994446618
0.45830309962
0.259495381256
0.591821993267
0.573068966263
0.346912283853
0.401796748164
0.202375030246
0.131924004139
0.368970127035
0.411214573188
0.452740877037
0.474158831548
0.168909024243
0.506800029885
0.468803086923
0.310682279282
0.306007261174
0.462991506988
0.313549194671
0.334631298432
0.399943293241
0.259175937863
0.251964851151
0.239211250436
0.492702737546
0.38743650602
0.278739724404
0.279308713398
0.480071259827
0.421545427591
0.306869707902
0.283335144341
0.226988093094
0.38171541334
0.48881698288
0.397511074249
0.463124132078
0.490845478738
0.521902907733
0.560750612991
0.273214657555
0.480165911187
0.351378077575
0.265751020291
0.537615679139
0.359630057327
0.0804491959836
0.191288826728
0.479409922973
0.250069275691
0.503449052574
0.463279424529
0.365731175973
0.430488873097
0.593045914014
0.373528952112
0.235384461373
0.296645931176
-0.062290742324
0.256266034081
0.364830772191
0.309048335803
0.156161718117
0.355433531441
0.585132173617
0.267927480245
0.595334882816
0.526909885978
0.388848702584
0.235189162958
0.50927708686
0.435010553439
0.318358031914
0.238647904582
0.615471135608
0.305006751684
0.300264778363
0.173738848588
0.342780331589
0.0241603215757
0.57411929154
0.46477231742
0.191504250921
0.294156560553
0.16358788825
0.650031767038
0.142016202484
0.26189396102
0.349353002527
0.416473924904
0.178230446977
0.40323435348
0.441014445398
0.433837908305
0.35590520049
0.485915497855
0.394702697757
0.326074793804
0.301488830959
0.631831267533
0.219071006762
0.309201973013
0.61399870104
0.310278128469
0.191905915402
0.197414022313
0.411877520875
0.481299023753
0.261238505041
0.542816974416
0.187392819595
0.306470370237
0.223107396329
0.435035899701
0.311260972203
0.2051668051
0.178287843948
0.488553265164
0.485006844007
0.11307239506
0.262222761822
0.349477320913
0.442682694005
0.167491535446
0.229971023226
0.235447054636
0.102189911177
0.254320658358
0.568043164542
0.421217643274
0.266214289123
0.323060412918
0.356353552492
0.504305867638
0.437907674333
0.399166353207
0.302635896883
0.531338028334
0.415541504836
-0.00384669955415
0.438178986422
0.244346983135
0.30885497717
0.285874250289
0.379303997436
0.406583171157
0.618989489776
0.0589662228622
0.367825170546
0.197699937838
0.294467006504
0.46684652997
0.26203634065
0.524556372532
0.513763630095
0.501908804037
0.397315322647
0.409124376736
0.477938855298
0.443210030469
0.331536248978
0.346361170469
0.218813239379
0.469414260076
0.400351930754
0.323021305346
0.444359464284
0.244041028628
0.244101545607
0.437383356273
0.260629224094
0.239092708661
0.338823611999
0.468216021925
0.326896479372
0.470448344828
0.356712679474
0.53487210228
0.330936249344
0.35093909373
0.66328606825
0.496370365581
0.282263667333
0.247342635235
0.376706889898
0.361174136779
0.352116436544
0.263637683542
0.523225046249
0.137915080479
0.421538448791
0.270176048086
0.345371093606
0.451780257048
0.368395784782
0.239255712997
0.420510157355
0.495512254544
0.396437038183
0.344188946716
0.319094213234
0.417283394712
0.267845778594
0.28314797417
0.138310606624
0.526289655061
0.400727025994
0.409670984044
0.538461467704
0.273145238712
0.384593034152
0.311443523133
0.180955684725
0.509862184333
0.324542405916
0.337502242993
0.0977701712106
0.5493448741
0.254024882224
0.335044585417
0.198752599253
0.497030853662
0.25040256981
0.446826374675
0.192045061155
0.213089724222
0.233327229137
0.433127772392
0.502807643913
0.286478478715
0.492823032503
0.305311081742
-0.0543958901903
0.298890934454
0.417159622596
0.106093727375
0.477708434669
0.329324652733
0.340716057276
0.555270930913
0.244026660239
0.327230387989
0.159088932953
0.388059964669
0.462398666877
0.526101231427
0.477340216199
0.320125136726
0.299756841509
0.0813305548626
0.385573912233
0.230536526464
0.450058538641
0.153895506678
0.414378760939
0.427132495684
0.31943960447
0.126122187568
0.365082142246
0.229577211121
0.373012386549
0.537576353302
0.448918357205
0.218833030877
0.402444195122
0.335205300949
0.222032006847
0.368608656484
0.264340084807
0.438516248068
0.435443797746
0.112699677018
0.388979867447
0.351714371769
0.28877630448
0.231221154985
0.350775912029
0.313852180059
0.229088450751
0.104087025066
0.13946846757
0.318230083368
0.306643356339
0.482052227365
0.144055911952
0.567862108228
0.289484349443
0.441065302328
0.43186979422
0.207674576894
0.359481666409
0.199052998586
0.285339032887
-0.0353991004261
0.256285078308
0.286179844515
0.259933617758
0.168060595195
0.289296198532
0.462270801593
0.323623440085
-0.0385630938344
0.387581479413
0.423154220841
0.259362089433
0.611388372536
0.327363662104
0.393300692277
0.437049917401
0.381817880442
0.327324366315
0.232752995516
0.161188381677
0.255796842207
0.26637888019
0.0684719196099
0.349348617373
0.215125174353
0.45343511252
0.153698033528
0.350771711904
0.438433824003
0.412051790319
0.3299257905
0.501540306692
0.424761088636
0.319998836579
0.422347238544
0.446629351224
0.178279969304
0.386432626839
0.121668132611
0.391879270352
0.531113686345
0.41208181517
0.489809211155
0.109962979509
0.290287644754
0.11287819494
0.260409695631
0.324323312364
0.259958414967
0.371956959707
0.504239505365
0.0851993359946
0.145381707334
0.0772087743288
0.390101203185
0.325265177125
0.248968131268
0.285495324233
0.405766927758
0.359670268741
0.181668712955
0.174552929907
0.119390189901
0.518164928391
0.311722130605
0.420386311604
0.464258082246
0.545443780176
0.149965877738
0.599394372787
0.0381937143183
0.347293356185
0.295449954977
0.45140750375
0.408337375102
0.278894818743
0.149307480393
0.10598233784
0.411783530267
0.250998805254
0.0596558049604
0.181430994662
0.447855943374
0.212604293085
0.272443974707
0.231321601129
0.15602461559
0.688851312023
0.572033604439
0.222663946136
0.602898386742
0.463649602975
0.278568556412
0.374715760077
0.380550753553
0.143444437234
0.452708565941
0.106841142798
0.25193881611
0.290993426045
0.570305219529
0.15850511904
0.348318914965
0.384770493229
0.231744623542
0.455004848473
0.476185116324
0.35362134619
0.00602373068126
0.307219935704
0.155706846666
0.316611723107
0.255842958132
0.116126136794
0.414109988962
0.302171604571
0.406116173539
0.139526127473
0.247944435811
0.316690548336
0.0759203562805
0.206542775826
0.173607370274
0.260996633263
0.329929710877
0.266485757657
0.333486180782
0.33555197098
0.363931143772
0.414152329694
0.344377840068
0.255500444502
0.473264940903
0.230203527999
0.160943492065
0.34346121033
0.510782361994
0.304282952311
0.234250263094
0.274924832732
0.269611625195
0.168508732472
0.293101966021
0.345199555732
0.347103765956
0.395000676711
-0.0669954612506
-0.031929034803
0.478252708054
0.537958375671
0.270435176758
0.0353111735838
0.329357627126
0.387679664549
0.352265370743
0.202613805906
0.184527929259
0.0787030950742
0.385604300581
0.338594990341
0.514656829455
0.0112057785023
0.491962900904
0.272569200574
0.272581547563
0.536255842612
0.511470314575
0.18786529257
0.166919480095
0.207908744047
0.388707228657
0.342552788134
0.251269636088
0.147134131631
0.402788660321
0.385791383686
0.259828842326
0.308141733264
0.345146289221
0.212766711721
0.364127321639
0.402733633835
0.264434503953
0.43917301838
0.508525323661
0.320215462749
0.26315107331
0.287789369115
0.493086119774
0.201381954579
0.320678440695
0.63293651476
0.459524936775
0.405535408264
0.158191350368
0.119251032842
0.390547621401
0.457349973891
0.105123335248
0.180843700621
0.434161382425
0.338768712031
0.271461124359
0.218206112141
0.174122920224
0.415608889531
-0.101882064425
0.0546402276689
0.307158041027
0.109704072129
-0.055031528614
0.471966273666
0.216889264297
0.297832801378
0.248487848589
0.47726737949
0.451166997737
0.377963128207
0.0702407516472
0.168678849945
0.228975300449
0.0346799763261
0.0485669574505
0.304295019767
0.309004209977
0.277486186321
0.17718411931
0.256730087001
0.211213413607
0.193404077817
0.255386386205
-0.0721381415868
0.161428627747
0.117897798882
0.49938958879
0.199184419179
0.200809063415
0.396029233785
0.0741753616558
0.259524047811
0.195305054072
0.232074696334
0.298694309843
-0.0342969722625
0.286421368534
0.129209190075
0.15980586561
0.187742400685
0.0374788028602
0.360057739364
0.0805031333552
-0.0142076911866
0.314344596937
0.497774480511
0.5125725183
0.347577522868
0.454721759513
0.253076085452
0.507653227609
0.388973593229
0.0785047125737
0.466280673902
0.312266418118
0.451255351535
0.23829763825
0.438774079557
0.375546340233
0.0384669686552
0.131765286462
0.445646793297
0.210412652269
0.433596026585
0.102341126093
0.281465588752
-0.167312425894
0.255063529776
0.190371830427
0.304392023523
0.306036969359
0.229879103391
0.332282368144
0.277709887074
0.392828549085
0.407162240636
0.370258702319
0.352975458383
0.489066599644
0.227543157947
0.217393596969
0.14440408137
0.221129541224
0.352136676556
0.130871964458
0.0866247431002
0.491224882782
0.378897337475
0.362070618355
0.490104097528
0.246926618717
0.423567225607
0.433935034397
0.127101586982
0.245367330227
0.256448292491
0.0417207331647
0.164563137163
0.138699935193
0.440765666321
0.247132359712
0.490523174185
0.402817006064
0.403424207343
0.207406774655
0.278751250058
0.269666652372
0.396543149124
0.123774404186
0.123060732654
0.26392267191
0.402225835569
0.219034761453
0.452549178511
0.413838688057
-0.0409822689096
0.0480292605215
0.440507572715
0.227589013572
0.443258709343
0.274245341717
0.241132675063
0.383920087364
0.206128798693
0.348226103703
0.371780723628
0.281127826362
0.269684924724
0.220562259957
0.494752889746
0.220965850349
0.250844799955
-0.128832412743
0.210242918525
0.308309036785
-0.0939997882324
0.0958389558668
0.355567770081
0.275545580739
0.0680403739989
0.157602309471
0.329755799763
0.142198247843
-0.00207890304216
0.185097456182
0.101000917685
0.531714788084
0.224993391307
0.147640328915
0.343861829976
0.176440318451
0.282809168631
0.536091241133
0.007036799337
0.216576447848
-0.0199163151984
0.240905026406
0.32690612328
0.149425074722
0.245561698829
0.303112870209
0.0464515404592
0.402609206099
0.285714710125
0.316743544264
-0.0864733519217
0.0715521337245
0.468574612848
0.342480312917
0.42491385959
-0.129251167408
0.258625826
-0.0103251386165
0.148114049543
0.304709332839
0.357008609268
-0.000508621585734
0.265073377008
0.434642365783
0.268928529111
0.484419623878
0.374035842515
0.274194128657
0.1506261591
0.220599221949
0.129778376887
0.461370320058
0.205782040607
0.338412753625
0.114188849989
0.325471566098
0.113271639742
0.279022878937
0.505763348032
0.0101183699125
0.180692955292
0.393628467304
0.229900268158
0.229030992859
0.0757504220981
0.441764311385
0.00309000697552
0.179479300773
0.196711919738
0.171779767657
0.389180734817
0.414229971763
0.149857132289
0.176701259622
0.0856846670135
0.304377208373
0.0975800375804
0.282999299547
0.127776002001
-0.10650032228
0.0383151622845
0.062183142895
0.204863081448
0.167282777343
0.0942240357174
0.218344616151
0.182608364301
0.260330501053
0.0384349867902
0.147909312663
0.40017569649
0.292261525487
0.521152987509
0.379821871404
-0.115820129579
0.191606513814
0.250806660212
0.292026452661
0.471052904961
0.23090060178
0.322459682296
-0.00164859124416
0.296163531676
0.293226604155
0.375572854963
0.361061857681
0.380837893224
0.346943650579
0.22151177549
0.0706102220543
0.217946214652
0.191704106112
0.228963489251
0.325421193758
0.205856457949
0.304034766833
0.437159363403
0.312859990495
0.149077414055
0.27079957075
0.371188976038
0.28262421394
0.236888279894
0.277357857238
0.401026774812
0.0915697003959
0.176766532108
0.473124327272
0.0481124536446
0.16027562728
0.0907320806404
-0.0172728865401
-0.0145896487307
0.206154507351
0.321333225917
0.344512737022
0.161813302393
0.201014888891
0.120035495453
0.188724550515
0.216212612327
0.00421247510915
0.414827449787
0.323469862785
0.11166862769
0.470982313464
0.0410924813713
0.089254094301
0.390994343469
0.180771834592
0.225616935322
-0.0910949877446
0.204695854081
0.226896704011
0.393388927818
0.116627248437
0.360073298277
0.147408475296
-0.129835695921
0.588758608436
0.356779575821
0.367492907216
0.551767519984
0.31394501165
0.296989055211
0.207379240446
0.301741726716
0.443853044653
0.292471760308
0.091842933451
0.241814156319
0.269023150674
0.213838840074
0.137830602033
0.456798175353
0.369673266202
0.212106938795
0.0173322825986
0.319387497799
0.3124000717
0.199511527974
0.0927802596432
0.442598602292
0.224079230114
0.366834789616
0.135014580708
0.307805036676
0.0843110040358
0.36279168733
0.280328540852
0.529012108408
0.00964343351024
0.479552393972
0.215953068573
0.347368392448
0.270874511935
0.125384618061
0.142677332025
0.128059051759
0.176181560376
0.458072980183
0.293813959543
0.302921150207
0.0598751528359
-0.0128874247105
0.538292974789
0.193059643942
0.131888516158
0.176410867406
0.135698334038
0.360533919221
-0.0695182088498
0.382849020373
0.0569261434177
0.270637018493
0.279726498098
0.258718437398
0.312038037114
0.115505526251
0.140320400235
0.34290631957
-0.0221731372832
0.187696941862
0.198804818072
0.188742536259
0.0553399873559
0.37077754453
0.0326817483142
0.206052716188
0.203254620863
0.313172836567
0.642715793441
0.116066334085
0.27212847952
0.0463036350349
0.202434800107
0.151585632631
0.263356777027
-0.0449526525646
-0.0116315913774
0.255583964402
0.233084940986
0.16260438929
0.0053785288626
0.240497466058
0.171673830264
0.106826179666
0.334417936774
0.0896762577493
-0.00366051720227
0.126256995676
0.305683118017
0.258244904991
0.259137417007
-0.0132153272126
0.256873841561
0.198030840626
0.147932290709
0.487587282079
0.252983190025
0.198201261949
0.156002535289
0.0461076322932
0.187462718682
0.141242737924
0.218657462179
0.165398379304
0.411673385941
-0.0714076419161
0.17385774216
0.102658613471
0.213730725222
-0.00554690115324
0.127836963348
0.216289961523
-0.0458849164108
0.208271342103
0.00513255062767
0.154526976238
0.115035111733
0.346095227892
0.0601472913514
0.0478096793458
0.141051858842
0.172653750076
0.386188162535
0.10132230138
0.0784777131437
0.00387911464206
0.0910227527304
0.225789269411
0.268257002725
0.0847378950373
0.221392618957
0.450994198772
0.0395580969778
0.198151118544
0.449269206121
0.10977480697
0.135544823273
0.31855981174
0.136609120573
0.393441731828
0.130935534197
0.33726383789
0.239323327471
0.292199976807
0.0544115751444
-0.0810732192837
0.138078193924
0.0676059654967
-0.00974035316437
0.552427765672
0.142288788905
0.0287887031903
0.122550654218
0.165863969479
0.513445381926
0.141034847419
0.286686368873
0.357834765516
0.0915676846079
0.162803222139
0.338457995212
0.15071879625
0.295970708012
0.106200441554
0.245545853133
0.0255355001894
-0.120441006202
0.0126013169979
0.233572731838
-0.0758447703841
0.122775204526
0.140684900708
0.185098548798
0.110267740573
0.434427370236
0.42898985217
0.127235470529
0.417842413797
0.0155512018823
0.0297082199822
-0.121879457345
0.106771413289
0.400694997697
0.160310965111
0.16505567332
0.294292412328
0.18499772716
-0.0761359593303
0.437806964445
0.424619335732
0.313505048197
0.224884246683
0.0739769567608
0.0325681590046
0.114614038972
0.266349661888
0.413513931698
0.374035470383
0.216471447084
0.0686207708449
0.189280569685
0.275121326468
0.187312732388
0.100255408446
0.257638246425
0.445820143538
0.123950341061
0.055571729251
0.0124107656152
0.445071101806
0.135741908374
0.26141592298
0.119130174362
-0.00982078387754
0.164014061877
0.352513731661
0.0263113218656
0.192048143668
0.0712897594932
0.140426735624
0.11846550638
0.191719509651
0.209164653386
0.205433927674
0.246289029495
0.238117324423
0.402413295396
0.0319141533609
0.10842091175
0.234917050603
0.0370069792347
0.250616856766
0.0865872443436
0.066290760659
-0.0446279036636
-0.057392020221
-0.0501925051696
0.173411924278
0.387270459517
0.373266416294
0.108327649112
0.03580687858
0.104297024829
-0.0263824937166
0.0634406438506
0.299325388477
0.270162423392
0.185411927297
0.262948267619
0.347848042367
-0.0966924209957
0.319587431893
-0.0896971793302
0.0238867321316
0.10469153775
0.148521496999
-0.104008847193
-0.0480521218547
0.0747514125568
0.114649815124
0.190856276043
0.101538168976
0.16968088392
0.0361601907159
0.108371339524
-0.0144820640645
0.356123966129
0.226592593602
0.0548556000593
0.0310955589424
0.30079743773
0.257768651323
0.161500531182
0.102324518473
0.115751000262
-0.0333362282094
0.0293630728515
0.15361477576
0.428481719717
-0.0387870537154
0.165975352845
0.206763294298
0.181927296556
0.306569785452
-0.0933419632572
0.292219362279
0.0602163881582
-0.184652213404
0.158776676487
0.111230330577
0.40732833863
-0.0015282592287
0.196156469276
0.293661166511
0.0684828191844
0.0167867176872
0.191242973201
0.247937159334
0.178649375844
0.293271500339
0.10134239556
0.140960114058
0.0819869880759
0.123822436041
0.0783910012787
0.224689820815
0.212746592646
-0.0466227950508
0.235858916574
0.311296406158
0.113977861232
0.0195526138032
-0.091080391806
0.181369617385
0.123542076224
0.0715766540594
0.271989739234
0.0244800399261
-0.101965700334
0.16350175887
0.150740854365
-0.14239069878
-0.073450309852
-0.159544170657
-0.100524822421
0.210648319523
0.114292232243
0.0421424277994
0.252415264717
0.299758062267
0.306489881302
0.207097445172
0.118209123356
0.0287745306969
0.132512009729
0.10328851323
0.15528663358
0.125055619798
-0.109623299499
0.256825716881
-0.0118086109802
0.0340080269942
0.00407106533684
0.266877733054
0.17840744406
0.381716388056
0.159608320541
0.0515436771703
0.0417132979121
0.132108112439
0.211660043175
0.0745515880234
0.00333793769534
0.020535102988
0.362046090329
0.119816246395
0.232890024994
0.160580599966
0.184038866157
0.252458540778
0.10920208023
0.0872621091836
0.252848064553
0.2483464536
0.274715105565
-0.14380571338
0.247609165148
0.158241587636
0.205447468343
0.0948300486779
0.303343490032
0.0707982160997
0.139751582048
0.0524002169215
0.012259757602
-0.0688046481083
-0.0812077142051
0.0971647200467
0.0990626042216
0.325431644284
0.231802315925
0.0270844314747
-0.000944982699454
0.15974611359
-0.080121193858
0.234405938774
0.313714907076
-0.0774916830963
0.119426659371
0.126164465292
0.109870461373
0.218913670194
0.32422866926
0.0736441538823
0.0706252592137
0.295290250503
0.178024657212
0.149613919785
0.197879833245
0.0119185177242
0.0466439586049
0.244552417447
0.0754665505021
0.116237674362
0.0864760328383
0.311345452664
-0.00567431209077
0.234436061957
0.0832608468592
-0.0129837307214
0.354641876105
-0.00561682331055
-0.108374866623
0.0481825167981
0.255745264188
0.193558867109
0.210852298571
0.198599722419
0.183436592361
0.0160109948286
0.22909518007
0.151118503226
0.0591606529832
0.159522506937
0.198813955149
-0.00583271522062
0.0342728271863
0.512529148185
0.126396860728
-0.0135306572961
0.0855205343632
0.0924103805997
0.263705144364
0.376786676887
-0.154065695082
0.282260321981
0.275066686142
0.223605382984
0.166739476035
0.115915929966
0.110376550311
0.445549790026
0.195318575463
0.117074474489
0.13764025618
0.152208352478
0.126793837921
0.0532947826462
-0.0953054003424
-0.107552551926
0.155278580097
0.368813828647
0.236979140262
0.0894119459063
-0.0319602322587
0.0992658193623
0.108112087272
0.245549547032
-0.0184095412387
0.127961294175
0.124926829868
-0.0925963976116
0.265012483093
0.227181204146
0.102619846659
0.0981748648814
0.0632430282897
0.132471664991
0.0977021612446
0.151365220646
0.30576210764
0.204402197459
-0.0171176125357
0.155865645282
0.150834905554
0.0193010078831
0.218124022576
0.0548144399267
0.3232320435
0.122482429947
0.227777195277
0.111142773271
0.156713996756
0.141173566291
0.258741176257
0.26729841271
0.0294158189939
0.0700959378986
0.163530106061
-0.131150999652
-0.0631507901789
0.194196099078
-0.0431526575876
-0.0119900559197
0.130485550771
0.230502445606
0.0917101544258
0.117476594064
0.126100155982
0.00572762970579
-0.0525205487181
-0.0511695027731
-0.0871068789801
0.146723786452
0.107545750912
-0.13681475956
0.268438851505
0.169161368365
0.292458657971
0.0785278372427
-0.136353129871
0.0279799739142
0.0989973624792
-0.0110646905619
0.154414989508
0.05565236981
0.196014780002
0.00554344774904
0.195008054665
-0.0724607259424
0.183250775982
0.024249273751
0.0584279468392
-0.0143814314609
0.10784785371
0.330884182041
0.110229780142
0.135069328227
0.119102486108
0.151269421039
0.226289073174
0.0754762300574
0.245992300767
-0.0468448473199
0.23217740488
0.0737783473105
0.00191015628801
-0.0463058114239
0.129482577228
0.283182739629
-0.013467803536
0.00107067440377
0.0224922644239
0.0582305804821
0.433598470237
-0.107418186941
0.00831497956988
0.271497209917
-0.068656039136
0.0237584149788
-0.00216153713858
0.405546260108
0.274241347348
0.131909216374
0.147028186781
0.244609453341
0.340129817614
0.264319385595
0.210601829645
-0.0429344433207
0.426861382454
-0.0334401621929
-0.116778107022
-0.0522392608538
0.101616708069
0.191162957131
0.198447596417
0.182865965695
0.365977207621
0.243600656424
0.195854527837
0.238976028925
0.097175940628
0.378861334022
0.367475642304
-0.0322269184255
0.0377499752713
-0.0367662871753
0.165559369613
0.135255974871
-0.0313566293977
0.462372835572
0.053665468206
0.179727702682
-0.0782423136806
0.103125016909
0.0696119317064
0.0762416413486
0.0371409831329
0.0176985636006
0.0144903783497
0.072167234465
-0.147476076869
0.131539021134
-0.0687267330309
-0.106238462163
0.0961951124778
-0.00799969417226
0.0640669017784
0.0773346063084
0.0845805149774
0.324820061729
-0.0629510009864
0.382917068505
0.119784429254
0.235920113085
0.0778553106738
-0.045535186844
0.150162664437
0.167044901377
0.0258270361849
0.0902406412382
0.0297991437468
0.215647756619
0.13471729018
0.253572949447
0.162921729271
0.152731639257
0.0239940369513
-0.029065885954
0.109914492982
0.164535556496
0.182968816422
-0.0810510092242
0.210738283193
0.108206797165
0.246510331544
0.0494583664073
0.0373613268049
0.0511768778106
-0.0457705762812
0.100361983243
0.25211308096
0.0306945529085
0.156697297338
-0.0160670356006
0.103894221466
0.0992890123392
-0.0342253287308
0.357099589539
0.264294999399
0.233706834099
0.0457887159952
0.0162393618388
0.253637058377
0.170224359236
0.0610765577625
0.098463291142
0.229421850162
0.112876987962
0.0861628276285
-0.0456416509151
0.0762772421038
0.178325729632
0.0369938322656
0.109463327668
0.257052710773
0.109397667417
0.0425473509513
0.140258330053
0.00783478924841
-0.0438472868467
-0.065822052526
0.176694967735
0.00973399440925
-0.155707999081
-0.0930827642314
0.307118349342
0.178564913185
-0.0140841116616
0.227172026653
0.0311303445756
0.0126773391075
0.118096022739
0.111964640076
0.0361497060194
-0.0310446330187
0.0284848361164
0.0629652533698
0.136506789006
0.172115884297
0.0773402711117
-0.00403151354557
-0.00465948614013
0.146751039222
0.0327642496893
-0.0177831555632
0.146428342537
-0.0358348835905
0.0266397355983
-0.0464130449383
0.196061672884
-0.00655290751498
0.139230586999
0.147269761698
0.0763687801298
0.165791726102
0.00473616587077
0.117906636295
0.0379884270151
0.285493673386
0.0628542919205
-0.131627919884
0.234318128162
0.0697101032439
0.388865767582
0.103863245255
0.0771280101546
0.000914211257089
0.146195606882
0.184963049346
0.296863260968
0.10099576662
0.0556915827624
0.110145789541
0.133796403056
0.142233847992
0.220664457001
0.140088896096
-0.0892747310693
0.230611689227
-0.14129963305
0.412443839951
0.108205886323
0.223190639738
0.0880937664105
0.101955473251
-0.043779152849
0.1811141604
0.22840620651
0.218733076162
0.0995121035851
-0.0157259415404
0.0986934069448
-0.0182495350385
0.0717878199328
0.0642783159386
-0.113202151684
0.1257251877
0.123710963443
-0.0390921533451
0.0151211663168
0.137933544064
-0.0128949980228
0.0761037158814
0.0295888029457
-0.0465988383494
0.174071408458
-0.0227981960577
0.150589809919
0.176429077428
0.113769477127
0.00628002438439
0.0194191596328
0.127180619012
0.267499851928
-0.0350968711461
0.185406525687
0.0102003639386
0.224856416626
0.265439686181
0.223789662182
0.296560366255
0.0462038276925
0.205506872903
-0.0681173454102
0.223126170644
0.142142596011
0.0847926498116
-0.00402886029565
0.165618203825
-0.0162718797652
0.0160892027755
0.177259082893
-0.144947578972
-0.0442220520977
0.0273566261011
0.105578700002
0.192267837765
0.179719771378
0.00193009983683
0.0283455075442
0.322766718817
0.178237246754
-0.0105410896565
0.070440025999
0.105033548205
-0.13342439184
0.0518621174327
0.143474415277
0.27055882791
0.136521709683
0.118133604965
-0.000122585314281
0.0880733080647
0.18815795198
0.047155923481
0.0759998014898
0.0331565306011
0.0731528129436
0.0810362636403
0.076364692077
0.0406994901601
-0.104776053716
0.0832666614129
0.124581475248
-0.0461048204114
0.0165158045275
0.277275907473
-0.0172298307835
0.0757054432459
0.215536434576
-0.0442490805913
0.235398505596
0.0959505285004
0.0935984290592
0.0138714892925
0.1290691828
-0.0773306126003
0.0528378626711
0.327342480636
0.124845730294
0.142265582118
0.278341652811
-0.0406175954734
0.114521491692
0.16440269759
0.0114302491847
0.253924571285
0.0819556388256
-0.0711960205636
-0.033119176013
0.0354064506276
0.129976308669
0.232658743372
-0.0281707947969
0.291558028038
-0.0490109456385
0.209295128945
0.187351332042
0.108631408734
0.0359526662359
0.213000570991
0.112762886108
-0.132840165205
0.268039334631
0.146548571544
0.190815179534
0.153812169014
0.0332463908911
0.178697833679
0.239553792541
0.164496608601
-0.0680606929692
0.00267557423743
0.135850643686
0.0106423240219
0.129597309327
0.0122984040254
0.0817941260344
0.216569288974
0.193157809203
-0.0437948270271
0.179664144834
0.03104664539
0.104565365935
0.159429754555
0.0247954534684
0.0711717731362
-0.15619970781
0.0240617075565
0.00137616998311
0.0252466115991
0.0430643614814
0.0697802426968
-0.0515199019997
0.136442613274
0.114430954388
0.0894170896548
-0.00404514600351
-0.143840694142
0.222075826014
0.0887901367944
0.0317005076111
0.128483271322
-0.0764983964279
-0.0342647213235
0.0133082459244
-0.0651661065712
0.270726542836
0.117656516307
0.025735311505
0.00680298237526
0.00183550984443
0.283840100123
-0.0460435160228
0.113851789901
0.124586701964
-0.00283838370282
-0.059080818514
0.117164586484
-0.0603584947935
0.093599715514
0.116812007086
0.0970431588159
0.198213897487
-0.0758276664348
0.205044567935
-0.120326874909
0.072067029481
0.16036613005
0.0178304810533
0.0623093913686
0.162099450028
0.0868738164514
0.0208026544823
-0.0820848544681
-0.0763645305642
0.021000340053
-0.00654430177422
0.0252791363506
0.00331413660991
-0.0159939147384
0.0129557552131
0.0501248477512
0.0734716092461
-0.00525897694947
0.180746141793
0.146279313124
0.183306546432
0.122288171788
-0.0556483729726
0.0358642719169
-0.0498612652854
-0.0998348238637
-0.0504354775358
0.200111152859
-0.105545297207
0.023466871491
-0.0143276361981
0.0703514596721
-0.0506517817365
0.142088358423
0.0604908041165
0.216404541263
-0.0204926690686
0.0436065417446
0.0174579002201
0.109120369163
0.0640838490962
0.179015729275
0.200783802951
0.175839905024
0.202471053312
0.118085238565
-0.0106480734989
0.185691872604
0.149674924512
0.132296241009
0.112704345625
-0.0445787151172
0.0195304918997
-0.0281058612759
-0.0337484904376
-0.0572519714504
0.159961568724
0.147487994717
0.255107187855
-0.096637369759
0.120484863407
0.217845991794
0.0885286801749
-0.00600416227996
0.0505573087152
0.098233383721
-0.0304802028886
0.0915371406072
0.0995129928288
0.153987740662
0.0531854574233
0.0101874523372
0.104126587211
-0.0847469031013
0.243348744172
0.0522285405502
0.124304783156
-0.0497212980408
0.103714588642
0.112790975203
0.093824572347
0.153370338116
0.113222811703
-0.0234661972388
0.237741789476
0.0958022018254
-0.0701483822538
-0.072091255193
0.0330993595648
0.11030445874
0.170508186063
-0.115373004762
0.0449393077355
0.164901689115
-0.159237364564
0.165956121067
0.0481267860176
0.141206800696
-0.0399637931105
0.1795319748
0.0751799603962
0.177556530322
0.147088121198
0.153693145431
0.181178363487
-0.0513388217862
0.026939218105
0.144238375696
0.10309502598
0.0987721986132
-0.0513167452463
0.00150141033901
-0.00632360691961
0.115726346624
0.173795654054
0.146502791807
-0.0553935801819
0.0978443824904
0.170693950553
0.190814098225
0.208614360134
0.142420244671
0.100376213327
0.069385249528
-0.0769012581011
0.0378943626983
-0.0486590088657
-0.118983589229
0.068201256915
0.0477268120314
-0.0203966707982
-0.00744681592932
-0.0937545513878
0.136374014596
0.108321533423
-0.0505590903484
0.067792113353
0.13081984348
-0.149085286835
0.0240148304785
0.013056535223
0.0456223844565
0.0163440176156
0.13006523959
0.0554883495178
