0.779150778914
0.863325436554
0.512292912599
0.711115760676
0.739117963687
0.565963870843
0.557359398159
0.756893275672
0.540799961579
0.651163539123
0.676127645918
0.733725862082
0.575568015318
0.568513079538
0.533688089643
0.580644883091
0.665324843399
0.556357762916
0.894502524864
0.579078268497
0.566706661917
0.690352215028
0.529261782483
0.566030778376
0.452830589471
0.670218183228
0.380482034917
0.649192967856
0.463210167949
0.629827178415
0.640319597417
0.967121229675
0.693027815215
0.645635072831
0.468522156509
0.496625307754
0.654791289535
0.622609926714
0.587080516288
0.502022908647
0.436014457772
0.739653842448
0.505636021935
0.64400807728
0.560388828186
0.677869205487
0.488219892449
0.486338364972
0.625352938446
0.699466382953
0.664257397959
0.488815517342
0.59364041326
0.417876902299
0.482260205441
0.952197350951
0.578627864976
0.430504103336
0.49395065428
0.752222388762
0.781881771509
0.447400216424
0.439983583318
0.576117153434
0.560769499728
0.73156048327
0.512022532349
0.333621635148
0.519924370118
0.845085042169
0.606812161055
0.436407022441
0.345899081184
0.581290805018
0.505010468173
0.506308014843
0.677584646171
0.472459950914
0.587381416715
0.586591004019
0.649430356212
0.562694581095
0.507966492804
0.477265023732
0.618439005419
0.878442403069
0.241561427496
0.503419516808
0.4811652813
0.374416128149
0.410343143534
0.647368027204
0.629175399787
0.571525233983
0.343767145408
0.518827775981
0.475144733813
0.671556109014
0.354670597768
0.53449195331
0.334752306195
0.535340087898
0.653260968268
0.454078643447
0.545167756053
0.489424586466
0.485396909505
0.683588920844
0.379466843072
0.532936429299
0.278416702361
0.461233459286
0.780784812429
0.387826876017
0.477608960975
0.493360309852
0.628073567814
0.43227858017
0.416811760835
0.727243869981
0.402302658064
0.414169151652
0.605828843673
0.660662473159
0.534678335682
0.359368106637
0.417326377604
0.522252563533
0.452789748873
0.56243824077
0.641872732293
0.470138963478
0.578361595639
0.831375083324
0.407988874227
0.538646830415
0.425400215007
0.497320992458
0.662776117654
0.35405751065
0.283214336849
0.481727234703
0.579549671423
0.370405910884
0.611899613089
0.529220371988
0.236437078276
0.579733820655
0.389254455917
0.543202704635
0.506560278929
0.384849717182
0.489908089038
0.57323438428
0.255805757028
0.358230003543
0.621911158265
0.558162908963
0.532177522756
0.877217143576
0.641568712669
0.690553189226
0.549375479652
0.522405467675
0.441810926087
0.729329140148
0.530941567564
0.771047467312
0.520247584551
0.580280311795
0.508190489201
0.559051646447
0.424675800136
0.624627059654
0.477910460085
0.578570068558
0.438426891953
0.507111185951
0.576320318158
0.748679200664
0.602556356807
0.722987659302
0.503040020371
0.519889977284
0.593521780062
0.403505350633
0.511046604761
0.554306718452
0.521109643198
0.637509661869
0.327870832657
0.282338025983
0.608926270055
0.726316771374
0.679087459613
0.554078296031
0.377487283178
0.718290057047
0.565885819527
0.149812626754
0.741656406555
0.307937077652
0.791191925239
0.405864170374
0.482292675214
0.690681144951
0.691476093307
0.542070828636
0.485028524297
0.58768279067
0.51048678664
0.691109222249
0.370088510188
0.571685531934
0.652886836469
0.31244635017
0.38120186165
0.44475385838
0.567363096882
0.315208966386
0.440166925512
0.425059274644
0.479763397894
0.732493972696
0.637668045476
0.653708092645
0.416542256494
0.579037201004
0.479971545691
0.644156702926
0.30602160783
0.424315260693
0.455708171901
0.607129831012
0.710222899068
0.500561121726
0.548231806727
0.443796702625
0.715747795089
0.598775799523
0.534387190266
0.604691559916
0.293097887268
0.622014790162
0.536078194546
0.42369611202
0.55772435941
0.947100026268
0.632404679817
0.761444284541
0.864935944644
0.311117110434
0.417717683612
0.515570223729
0.619300094467
0.778594954612
0.483930616789
0.787464671136
0.523729021405
0.455789325962
0.586132988036
0.51378283439
0.574925505056
0.584507153736
0.458050573381
0.538671271095
0.282349001853
0.613005219419
0.589991673622
0.312881004424
0.601824439071
0.485202583379
0.467850800563
0.353942480699
0.47694797293
0.456213597939
0.647835402125
0.520400332536
0.508086633025
0.580723804077
0.628744795079
0.585744439394
0.592466631119
0.353917364497
0.639161398726
0.496754285985
0.683495727113
0.555106660031
0.807975070878
0.741250625961
0.567556459406
0.563128152882
0.475498296088
0.412730899152
0.462458950692
0.552932918844
0.602502137313
0.533447050941
0.593699149056
0.344807372841
0.403006902346
0.615943017429
0.561727931781
0.347517830263
0.573972138643
0.569841826782
0.453146597475
0.511990560545
0.599613074569
0.460692755519
0.391754033574
0.46703520286
0.475438717474
0.56238478149
0.499266672121
0.342554670436
0.487180576603
0.539302610175
0.432343529403
0.530372138902
0.498703452961
0.695271023974
0.431688847988
0.421387165962
0.639947455883
0.50033482336
0.551398244784
0.280653374162
0.559868794715
0.461602886382
0.298722393723
0.384022915566
0.621056125915
0.653168057196
0.567828044178
0.575285627476
0.316000202741
0.59058044525
0.546709184519
0.572689923679
0.501420824096
0.666756328219
0.641675125709
0.436724756792
0.519162627804
0.56757790016
0.609316792026
0.329610020175
0.477289297517
0.341688242724
0.390191257309
0.619105194612
0.437645837147
0.376179887893
0.321862459261
0.603985926397
0.538253644795
0.475633447942
0.435819089154
0.460999093061
0.660765487985
0.548804034159
0.380720071614
0.594050226762
0.494252168043
0.530693215108
0.534224954014
0.514789318666
0.618297581224
0.486226856505
0.613615142665
0.508888156381
0.504624053228
0.486589751051
0.576121680366
0.496522137007
0.536520009872
0.36172301568
0.468078485407
0.811060503707
0.614134289811
0.808999023742
0.461885014379
0.435489173411
0.839540145131
0.555221964998
0.535256801322
0.369559822777
0.376809667085
0.473808490328
0.651881233803
0.394375707935
0.483261782214
0.524646836187
0.216802468121
0.617569292784
0.465737969301
0.438020396185
0.305571396746
0.49123495288
0.804627710522
0.528460374484
0.530046021317
0.527872999099
0.327800891139
0.571671222994
0.485445140002
0.597567566962
0.471706606014
0.554069636746
0.610622920359
0.493414169187
0.44945137152
0.526474246704
0.479299721757
0.475133418802
0.611171059204
0.55961599564
0.413613066505
0.455072116873
0.623829887508
0.623231320386
0.46845336719
0.481814081217
0.510672857778
0.537629033598
0.315879482741
0.360020097799
0.820063477949
0.456651436882
0.644479837579
0.550287118755
0.589817193475
0.5257441963
0.433901625511
0.504474575565
0.428511107153
0.53560837987
0.593636347188
0.470815151417
0.63754135819
0.303577383668
0.543693728075
0.482956709195
0.693789279762
0.583415637373
0.431518552084
0.411849356383
0.689189281543
0.575896801333
0.313008549459
0.433143214908
0.566414982536
0.435227737717
0.398699451346
0.559670930937
0.782105446222
0.415016228203
0.493688872337
0.519112670011
0.601469362334
0.471514369989
0.641483275894
0.638844634374
0.469715915988
0.627441925867
0.597999655819
0.534066063461
0.507554393376
0.647701883081
0.256115158388
0.517301144278
0.740842166184
0.666909722935
0.429780006557
0.230651402129
0.672398348312
0.572232426159
0.514743978119
0.640784315895
0.525010042063
0.451399996804
0.36370523412
0.50027868338
0.520602839093
0.413223718391
0.64128245912
0.590539242331
0.539493695794
0.714511293257
0.62369372057
0.553283490285
0.377584921037
0.396940491271
0.577247112785
0.535633935265
0.807591573251
0.376823583909
0.446201824655
0.56881260194
0.443584605866
0.659065203351
0.863132511407
0.56082689647
0.503653914512
0.421461964075
0.36735949588
0.367777995227
0.379930375016
0.430303801606
0.522974415658
0.631739520116
0.428649175661
0.55017854697
0.674108657823
0.508754018023
0.479790884444
0.376021307552
0.571752357917
0.539181620497
0.576864597921
0.653015365147
0.706395120463
0.424077926064
0.440306091
0.445918333847
0.59595962671
0.448743788552
0.670347102645
0.480667049528
0.267643117382
0.376554839721
0.623198931402
0.62108031483
0.362067497133
0.59285286383
0.687499922436
0.540042840011
0.600599464258
0.558798799622
0.715002961613
0.377276477423
0.679476266847
0.285181099216
0.616510327652
0.515107682449
0.521613484784
0.496254047439
0.412335514177
0.581507917854
0.402498288434
0.680154786944
0.452587664131
0.494331881186
0.417588030493
0.434692275394
0.563661527779
0.4118635027
0.798148272212
0.526007349071
0.530474420585
0.590624823892
0.34245325569
0.389410657742
0.688833908678
0.487039227741
0.467043084976
0.486616839035
0.629773393365
0.306471677472
0.716993533246
0.33422063067
0.637679672239
0.529128695026
0.521382199117
0.709339156603
0.37590971878
0.469903965454
0.529828054895
0.535862758157
0.655082647882
0.541328647696
0.430048474885
0.638260479193
0.659131018349
0.504587059474
0.482473512308
0.536198342861
0.539565648833
0.507077820941
0.586493030334
0.531528594898
0.528998504049
0.470582052338
0.657101099214
0.342698920675
0.561630167536
0.392860900596
0.566766185678
0.412876368988
0.481567485133
0.549711264469
0.789504459836
0.416924544419
0.769850954962
0.639691755348
0.310242144864
0.524443811524
0.45973875968
0.480077658935
0.498583762413
0.346112015319
0.391692593853
0.409924115063
0.682120550063
0.53067599733
0.735933491978
0.550735809464
0.545970949697
0.573303192837
0.386969326376
0.261798392085
0.341834585386
0.42897310995
0.426999315683
0.552977037804
0.736332181816
0.463612823821
0.631337011429
0.578612670343
0.181163431514
0.51437626329
0.698439029248
0.685550625698
0.493206237271
0.52107905209
0.605845677162
0.471596946573
0.551729010607
0.496281403131
0.506611569165
0.509780644317
0.406080900458
0.727997597031
0.373528697922
0.769901438194
0.334608762474
0.424206509526
0.341877530064
0.286115173855
0.363508649456
0.476865653678
0.584776394106
0.514655044043
0.413900450581
0.61721060873
0.808205738324
0.727622640253
0.552282079071
0.295453880451
0.576217183211
0.350296743151
0.390002213362
0.577039095522
0.554889048971
0.535212308454
0.305420717686
0.396106539398
0.465247004685
0.390350980653
0.445235044231
0.596684687555
0.452851790727
0.401199994608
0.564325897327
0.621224365242
0.373673093908
0.444305956125
0.576788702985
0.391695401645
0.328471267856
0.51935827862
0.352533860325
0.434946459855
0.545510101206
0.544949463984
0.616931383538
0.484810981433
0.393708745361
0.427293876732
0.438302071593
0.443915305646
0.63182823426
0.80657944786
0.521880848299
0.477443760287
0.411830066756
0.343347916022
0.442918041019
0.561300615289
0.327384739258
0.743446736728
0.440270669499
0.30170307331
0.471584099384
0.494830617694
0.478130573402
0.598586459008
0.397483578642
0.558008920781
0.321286532151
0.441231636557
0.424868659448
0.761509755221
0.488031724656
0.628208825338
0.453605033206
0.486265037251
0.481429118948
0.54405031012
0.437407412548
0.507172128744
0.449477410536
0.239680806565
0.429064745318
0.478912296756
0.372292656547
0.286849942929
0.489363794687
0.533034150742
0.430543607526
0.54049115929
0.587573682395
0.446756982379
0.505271132686
0.58300967431
0.463868354748
0.494386233765
0.674092046213
0.476647014626
0.364913395643
0.724774020346
0.478418787992
0.611105057511
0.400872310575
0.440695554599
0.319669444235
0.411427338977
0.551625431469
0.488078452253
0.588907296311
0.445553574466
0.521602181136
0.479282676205
0.375173796378
0.483816289756
0.686859911277
0.370607728522
0.360258850261
0.592606824941
0.460774092283
0.482383674443
0.375771959363
0.460462040134
0.427423556344
0.378225702468
0.303855680858
0.458275475027
0.577884761205
0.404257287251
0.468815255271
0.464922477839
0.435613455665
0.519639600146
0.511706837146
0.44080643271
0.590701767009
0.39186948058
0.568448304991
0.515030695181
0.611941882964
0.413722597675
0.519919404533
0.311659569817
0.35764328444
0.460083514364
0.691101802075
0.302868347591
0.539163601364
0.555583976906
0.455038212873
0.333053471708
0.405597958813
0.626934720386
0.360792338467
0.500148545751
0.860500149759
0.542978959799
0.644032454626
0.566625210881
0.345919211604
0.648616371851
0.489067850936
0.44219719865
0.520520957711
0.521530244315
0.568935595671
0.744713802368
0.420675058678
0.31710400113
0.402505823307
0.271013935149
0.480430990978
0.429638346585
0.424683458818
0.338269962775
0.397917697754
0.429203541263
0.41504767836
0.575312159918
0.403021720838
0.520938424791
0.472933023245
0.367874101793
0.669486078742
0.346945054083
0.303903129303
0.440022164672
0.48390479916
0.561488568428
0.469794585004
0.487000774708
0.622851244306
0.377363799988
0.357856467387
0.32750971683
0.497817972249
0.49600698464
0.289469573752
0.456382826922
0.532307533811
0.497935065314
0.568727219274
0.676032449865
0.446745471215
0.388370428058
0.457219797192
0.442711107731
0.461734881272
0.569596509257
0.270769330911
0.395235825377
0.363871024189
0.217649993769
0.613043928686
0.516795734324
0.417064772864
0.5774624225
0.436416116415
0.534545296987
0.589965183301
0.821871181427
0.340252071873
0.301610862346
0.6487922581
0.684741414293
0.483104121581
0.447536325584
0.55599364738
0.622784020564
0.500296375264
0.575950300528
0.591012350033
0.380069198734
0.558103321587
0.521600610148
0.364575889658
0.289177257873
0.340685230071
0.39053908399
0.432402231521
0.468683751915
0.473421112144
0.455539682309
0.487372763342
0.508576740705
0.548059008134
0.42814341657
0.471837183137
0.563095227264
0.450038474319
0.376059814098
0.522613617549
0.645316685938
0.397386120431
0.549498888696
0.678295220198
0.359736573538
0.44097290823
0.603725913117
0.3115298906
0.339768592681
0.456445507779
0.434732453356
0.623124105185
0.602655891315
0.374466659177
0.52091646494
0.621632377216
0.423036871352
0.510289217808
0.551692426819
0.523370211951
0.395235682788
0.504369087727
0.4441208712
0.512809340891
0.454528061947
0.577805335757
0.439197902865
0.488639018211
0.594188133039
0.417254753327
0.451389596027
0.405446981257
0.364081597851
0.364548594364
0.453136461552
0.519085690723
0.605143038115
0.427859790854
0.620270194061
0.685458889573
0.567370775814
0.494930064737
0.43727044744
0.56746380417
0.527307420123
0.503462077276
0.457087046887
0.448116786871
0.326101932613
0.664856443856
0.282129943895
0.511392727947
0.265271105329
0.404572974337
0.494791683368
0.507117807444
0.488224582575
0.557338649869
0.52593526126
0.397389185939
0.488937266459
0.417024818933
0.472395291732
0.520541390077
0.603748062771
0.481623407682
0.609588093179
0.717600424707
0.626200690238
0.505451579246
0.472194237064
0.588993630001
0.458591778204
0.433657661539
0.432176670505
0.438680963288
0.39598022438
0.51856889754
0.287930486918
0.548695524301
0.686076933508
0.494411394701
0.291162856715
0.521809142161
0.416777813716
0.606172679257
0.500613848861
0.414048619009
0.353228782952
0.396251519745
0.427471886506
0.446524878182
0.543967863927
0.358687914986
0.495232887041
0.522302677733
0.451293009405
0.570922495803
0.612957297741
0.489334609128
0.339277046496
0.397093931561
0.400243697798
0.601097017545
0.529950392342
0.585758411998
0.266018992526
0.462574396753
0.447540527536
0.349171470333
0.520175761183
0.431007621419
0.276532814696
0.529941970094
0.50398140013
0.283157518302
0.385015779059
0.374817703528
0.293823587882
0.613151297951
0.462747560956
0.46478526775
0.407834813789
0.621195739117
0.375241765002
0.39921520633
0.384072296062
0.519071455553
0.445090334086
0.35527902977
0.442821124435
0.415758488149
0.506697675729
0.565285277841
0.294623426578
0.326759700347
0.505389999103
0.455566038325
0.498740252079
0.419840634814
0.424581542874
0.341694238508
0.685519237216
0.429972220871
0.652297853782
0.452230651561
0.812127720402
0.441979781518
0.36150864337
0.396162877378
0.351229640026
0.37221111308
0.412763229903
0.677222389828
0.419991041874
0.564136851631
0.343073080999
0.535451531347
0.369365511665
0.159598719953
0.409384254122
0.314515258081
0.383966711541
0.245353218022
0.538092431597
0.332799179295
0.41554503672
0.447845853467
0.413144760022
0.699756108894
0.422341435423
0.584272848666
0.511307060125
0.374359198724
0.403793809052
0.527428993556
0.465466420604
0.526034624774
0.505187976882
0.499232445515
0.444655766256
0.574796611418
0.426960498006
0.225179280873
0.249387877245
0.471618838962
0.392970517713
0.43303080135
0.542023657334
0.542723151344
0.188777090783
0.505427349069
0.418064857864
0.424516431968
0.450728311279
0.446724175808
0.423222312103
0.290740993143
0.321798702524
0.403608496024
0.577046845042
0.334204214044
0.317720988736
0.296596553268
0.28249258659
0.262547625472
0.330340604032
0.43987463302
0.535805268704
0.30380114574
0.382038555922
0.485968764302
0.687612255449
0.592720205215
0.360685890365
0.45999905404
0.604571737709
0.228576659448
0.742243085389
0.44553301595
0.681351786145
0.421607061495
0.503043158247
0.678811981094
0.544140609086
0.513290019682
0.312653099812
0.372857567538
0.443365408981
0.485590346949
0.446686377709
0.470732799448
0.537304855926
0.405255248904
0.388875766586
0.444166091168
0.321413197195
0.236161927792
0.527559936901
0.572227253511
0.405130227812
0.359693749357
0.25226967731
0.339939952966
0.463729704187
0.450353164623
0.524588532693
0.515601556837
0.332700174684
0.457097846436
0.470897161399
0.522835948393
0.392230592512
0.346383915193
0.499399665815
0.398209512289
0.704861832112
0.633835215577
0.472774705872
0.406413675453
0.362359058573
0.318946723188
0.576635133051
0.462711100343
0.428059311012
0.513062657684
0.357629154988
0.51231891293
0.525176785821
0.442690370022
0.415562082647
0.541990200112
0.388701621634
0.410010214606
0.319502195479
0.362621363858
0.350342314812
0.314069673319
0.562116850342
0.431971833111
0.52552619965
0.325704357726
0.512887222131
0.456420683882
0.392212742333
0.356109213295
0.413478639851
0.441223930903
0.477697914855
0.430178723833
0.541684954397
0.549354359472
0.630577918739
0.574880901537
0.409212063479
0.567210987938
0.447034650968
0.346464354759
0.535433412815
0.4700256867
0.249396720812
0.270242993227
0.502629523008
0.340246669276
0.576123558874
0.513605355996
0.510972696197
0.447083417787
0.621124648831
0.429952545304
0.2507056277
0.385457459953
0.264347388497
0.512872854629
0.38520031038
0.435374302043
0.375035987146
0.461292753059
0.654176120317
0.38619860012
0.571483622514
0.545684855956
0.452976543804
0.321932569724
0.497967223123
0.491914341722
0.445489486322
0.386978432397
0.618742018877
0.352034368778
0.42445836845
0.270653386283
0.491124734972
0.189461913336
0.604374430806
0.545801287636
0.334464412208
0.304991299945
0.325358623853
0.758961081598
0.242015357154
0.366886450634
0.401365743218
0.504090199268
0.357884543027
0.456455377735
0.522856567855
0.485406899511
0.369041095631
0.635487069991
0.484749634141
0.472319954182
0.388246240723
0.659813215665
0.317678947254
0.470394821002
0.673539355811
0.364576425023
0.368820239875
0.339247099211
0.430433135346
0.567336365534
0.390998457077
0.555403005883
0.242701272097
0.340818452568
0.305353869917
0.449590024398
0.40420499659
0.333042903712
0.255542439605
0.571035115581
0.536867069385
0.296751925627
0.309747032763
0.439267829051
0.609561515902
0.287244264993
0.367541604532
0.323178538109
0.222677456074
0.413714630861
0.589797584684
0.41913765354
0.385615475297
0.421448810363
0.462809140039
0.561595709863
0.480632965029
0.35951161097
0.422075449089
0.535360073381
0.458806778375
0.231591744267
0.560947896177
0.275575861668
0.403665974927
0.322387169751
0.585177221284
0.492302130063
0.613624917206
0.225040854582
0.388162343737
0.349564947148
0.374958557136
0.570815050823
0.39562057479
0.600184681082
0.524814438418
0.558718897
0.412683098504
0.469289635715
0.535369569723
0.482999241007
0.465255830559
0.359432527965
0.31512394711
0.418450801123
0.395888912566
0.384944546141
0.525023889584
0.365760869577
0.466980156883
0.493144994868
0.38249329772
0.339540800694
0.396917760151
0.489660037931
0.46106267943
0.516976172957
0.439464833891
0.502396979033
0.523597020081
0.449173446036
0.626944405816
0.529425172608
0.373540730863
0.307155386169
0.501426262947
0.442735343156
0.425334322496
0.347672961436
0.527339875404
0.270998558219
0.389725718953
0.392347383558
0.534806791494
0.407299636144
0.47106865883
0.323976830015
0.464909878404
0.634928235548
0.443481188649
0.394849602588
0.36051474419
0.492607502932
0.456601746196
0.36843513197
0.213438218041
0.590206179375
0.454191437911
0.457579575372
0.54451624039
0.422142946943
0.4497961283
0.413821900274
0.263425970174
0.546143123074
0.449276380505
0.427254980845
0.186624429838
0.566857372047
0.37031748749
0.405394151505
0.262940549056
0.536452388274
0.339535256506
0.49570200551
0.319818010288
0.377227548088
0.409224711157
0.488054420326
0.456276114216
0.474435435652
0.598422556871
0.490479679685
0.263376768534
0.422235773085
0.500191520628
0.277733686598
0.496211218462
0.442254664343
0.379100102766
0.596483197967
0.299048300337
0.427721605934
0.307817743868
0.455300784551
0.482846905921
0.509319376772
0.47926121911
0.35612474264
0.368744569622
0.3066856285
0.497655847181
0.325025762246
0.457892438418
0.397195565445
0.5253213313
0.458618069818
0.353654085082
0.416334570629
0.368327996544
0.361881091672
0.387329755662
0.487047782576
0.574262581993
0.321595946698
0.528708639706
0.45690545737
0.340062151113
0.395314948474
0.37009616402
0.493132137711
0.49198775301
0.213355677874
0.441240474866
0.439344244125
0.324724233032
0.319650481116
0.37849223287
0.424212777517
0.412477902677
0.257512896332
0.291672885701
0.443608260686
0.336582695477
0.504464076723
0.314955504041
0.565018101595
0.377449795163
0.446343938467
0.414384939845
0.425511574193
0.352230071181
0.336059271468
0.354565070435
0.0922785711988
0.241467303496
0.377578049677
0.319210351678
0.126996430348
0.453280725981
0.494437938792
0.378611640667
0.179610366696
0.44015710705
0.576575520901
0.289295222835
0.614240969107
0.408909107514
0.458903133437
0.504404354143
0.436301539563
0.480757843102
0.272707699364
0.256128056358
0.270037547484
0.328006585373
0.276992349932
0.402881311874
0.23488843422
0.526145413986
0.177225882948
0.469749708119
0.563746230158
0.467982457055
0.309571885696
0.498884806028
0.513134200752
0.39996907645
0.446601348849
0.493506448074
0.329446080366
0.464601631236
0.189496989507
0.427964841054
0.542343099459
0.569550267968
0.527098548705
0.199351207804
0.373214326721
0.34207355416
0.452114583773
0.606335675961
0.429926637409
0.409390136123
0.540008743825
0.267313558092
0.225350846248
0.188960808636
0.421619415301
0.274074532525
0.344624384159
0.301017613375
0.417388478414
0.4498773885
0.231483745094
0.282502687967
0.246462523556
0.552141881441
0.436656935309
0.46374422945
0.495239910514
0.568236117631
0.282665182438
0.587438644126
0.210244117493
0.4483010901
0.405271068785
0.499751305411
0.489987318477
0.282594496958
0.263161265336
0.275562360427
0.562670248151
0.429637445843
0.191709498142
0.360184020815
0.406461297457
0.384120400471
0.24738307481
0.397469947866
0.326361785927
0.760711565993
0.566815999547
0.29552978722
0.64288898951
0.460562578581
0.333557924547
0.426172986149
0.411048056054
0.379558436568
0.426439868259
0.301966597118
0.442992461796
0.464100521917
0.585727801668
0.183299273274
0.484874940375
0.434251073479
0.430874956798
0.514074037636
0.552481835745
0.441958195395
0.215328455653
0.439560888797
0.249568447413
0.412239195924
0.387530808359
0.358136263596
0.499826487076
0.396297409279
0.506350693854
0.26978494321
0.34580738908
0.457572106284
0.251294598131
0.410875210489
0.313446089337
0.382080320609
0.387902236258
0.342863595687
0.456705270563
0.39203407114
0.400077549543
0.469490006197
0.346831463468
0.401056658055
0.520758338552
0.450455370333
0.29849830967
0.449964066911
0.514954186263
0.419835051267
0.339544916822
0.373961702946
0.36982281398
0.39054377559
0.367041421217
0.34235513424
0.414249466748
0.433148399662
0.225231178644
0.184066076594
0.483004702868
0.607107380996
0.301285244114
0.221188216418
0.362175015659
0.467458428916
0.511267950391
0.342167735566
0.261444478954
0.184064023892
0.466298738275
0.431321346075
0.645173975327
0.177923710913
0.512302498455
0.425363808361
0.241273283717
0.52667669458
0.482381225108
0.290483731405
0.216747461542
0.308378848985
0.410783549611
0.375059246848
0.334054477447
0.266687233604
0.376638333683
0.348127633196
0.355086127822
0.480940894353
0.329696840312
0.383898134656
0.461237349456
0.418972501475
0.304451254848
0.535996693582
0.550346275259
0.325855328521
0.421856677037
0.389914432556
0.504935750573
0.288729160541
0.330976638036
0.679613814352
0.43864812823
0.423977079885
0.282231023181
0.3320769972
0.451021250347
0.482082121099
0.223663866997
0.296181152652
0.447737605351
0.371188097719
0.358615668081
0.324395472723
0.22433163226
0.483431059255
0.160303105044
0.336898366403
0.354454983245
0.247090883742
0.268306178464
0.502189509138
0.362930498845
0.312776839179
0.353243941002
0.538659443351
0.515611917423
0.410793847452
0.426844150219
0.34424138798
0.266369385468
0.30902944064
0.141153752376
0.453868080403
0.476433328718
0.336051737579
0.271862331938
0.302064444013
0.220076157222
0.265207271452
0.368294465702
0.132052905004
0.338157775651
0.180481723894
0.578315976917
0.376410988088
0.391241610799
0.438858297437
0.438674139647
0.327574633436
0.172212513368
0.332050518737
0.3596898194
0.139250174018
0.41767569087
0.298222835362
0.38780135567
0.204792200207
0.119702733578
0.384379098452
0.221279628114
0.184602577019
0.41397463308
0.510111445673
0.628107836359
0.481824471035
0.555776344281
0.357197826375
0.566430434893
0.413719607527
0.282957663345
0.513847414979
0.442858893996
0.558620207482
0.249225391536
0.518366199448
0.402748246676
0.250155791232
0.179476359257
0.441758223606
0.432937367655
0.472097659422
0.264764840608
0.438448770875
0.118357433399
0.411239686465
0.452662976916
0.309671827199
0.470329904857
0.337538999735
0.352834819556
0.365335399192
0.441638925397
0.456202958396
0.400022222096
0.448287130093
0.557650558577
0.249117380897
0.310030082553
0.212837010832
0.271138266604
0.377818074801
0.154111608813
0.143228696401
0.554645775393
0.400208908033
0.43634905715
0.514724274079
0.316607223803
0.489869794016
0.536295847804
0.299004903385
0.364836081228
0.375757962311
0.116526767205
0.315679741395
0.220472963608
0.466411047291
0.438923521416
0.519163010855
0.394864428246
0.46039860637
0.294316865215
0.371845781857
0.438576394291
0.353383447522
0.261837601599
0.147651763284
0.320727120081
0.405659595879
0.254971615262
0.530367185718
0.474311914211
0.259448983028
0.226805630075
0.488802120795
0.28111268547
0.48689019097
0.312779450719
0.313116006742
0.469105714061
0.312330549985
0.482353102902
0.478298139479
0.468673370687
0.333473152035
0.213579886871
0.568648568184
0.324179102583
0.324309025911
0.235944806452
0.25885850624
0.372097346729
0.242067514992
0.168142044669
0.465047560174
0.239434329436
0.329887427202
0.273323250667
0.438046134272
0.305629123361
0.128545388396
0.334047337891
0.241022496167
0.571979563255
0.262559473788
0.292152201218
0.391853090942
0.294889411106
0.3761779585
0.556176524531
0.194485591028
0.222393048872
0.108627837345
0.317744708744
0.47736011049
0.231945081437
0.340286172529
0.448544892567
0.242317383596
0.454873419579
0.446205864618
0.421159900031
0.200431990355
0.30987749077
0.509030436054
0.383229460838
0.515440611191
0.0554151819959
0.349713668662
0.321907663527
0.473513467294
0.390803329787
0.397960128807
0.146517787998
0.318322047375
0.498122358837
0.359654413542
0.550395551946
0.436848038605
0.407632892775
0.286288858579
0.320930728214
0.250297393563
0.531782101798
0.227195002523
0.284346820706
0.317412136277
0.475360813217
0.288882079764
0.378119741255
0.5318222059
0.168593314553
0.378555998497
0.439139684513
0.216564527417
0.224631646988
0.165274840947
0.462279390969
0.169289427599
0.262761740699
0.25765213226
0.250310687812
0.429704997224
0.54057839093
0.234582705976
0.31093384887
0.194989982974
0.310473569013
0.171722655855
0.346522291444
0.21690920037
0.101215817872
0.226522166438
0.195145346267
0.265742414494
0.346016581562
0.286371252102
0.386971198006
0.269566321895
0.29474917217
0.239899217487
0.227140703446
0.453895089254
0.287890152722
0.597852651618
0.501631336316
0.273587228344
0.29658283737
0.381850329899
0.369339746019
0.522805500986
0.511389299822
0.492382489869
0.210371617559
0.23508312632
0.34585684601
0.30744657102
0.527421647362
0.474634058189
0.383327853965
0.342438599435
0.239033153676
0.356426404064
0.237435072781
0.263455410079
0.391793279145
0.243207784386
0.377413595419
0.53322292202
0.396127660817
0.303832731149
0.394190777115
0.3933834293
0.377638757451
0.385924983677
0.324449505442
0.487438617453
0.209075467166
0.171630579318
0.479586128055
0.404502795229
0.463773913054
0.188210903973
0.178036174587
0.284785264909
0.370015952438
0.419016041198
0.378370280192
0.345966399549
0.272823642966
0.150984738185
0.297063079173
0.363304336056
0.12342816602
0.425946698443
0.367966084105
0.194333813888
0.531837650843
0.193528296434
0.279814956639
0.418735770934
0.288794364579
0.309810025528
0.130907381484
0.34100284308
0.453778133133
0.49695610263
0.176335994607
0.409268473354
0.117221881672
0.149964147471
0.61400142091
0.430797668425
0.366059827958
0.567013420976
0.399347066596
0.453930073305
0.291542231681
0.309194608164
0.472897563449
0.334991862115
0.343948687044
0.328653527656
0.349527415767
0.280501829962
0.222107703239
0.530761906794
0.449697093586
0.276069571047
0.150663196157
0.3144014421
0.417297260577
0.333491418747
0.318657950641
0.493114847215
0.204530735759
0.58769243725
0.21412075971
0.477405901919
0.156332126104
0.403649868826
0.382551382511
0.581332224894
0.219598827981
0.475614231663
0.265790528467
0.366714436945
0.358038182713
0.192924572625
0.223015939269
0.236058755911
0.361640539571
0.501138246697
0.281122623995
0.359070647157
0.253010298598
0.134097569411
0.550698317373
0.225261251699
0.182718952406
0.407321094547
0.22642789459
0.424223353347
0.0794684820675
0.466036535542
0.209339578881
0.303395288609
0.229909256554
0.362850715736
0.313433144292
0.41815730463
0.206581173166
0.334158590917
0.226948698027
0.321396219962
0.439252237312
0.211841716089
0.144142060702
0.366301442596
0.249790673498
0.451649918407
0.28746395164
0.405388458371
0.668313833981
0.274688801763
0.3818584488
0.347535549632
0.425738442971
0.407193361558
0.411342967071
0.164216435845
0.143309295959
0.338281102988
0.313331222489
0.206271648057
0.194988723624
0.355658585503
0.380300771873
0.17584457076
0.384070691128
0.283438340425
0.0194924986524
0.143833028487
0.320886716677
0.295827922211
0.360154394288
0.152768356939
0.381245010166
0.382789486794
0.198479886917
0.508077738524
0.396307873689
0.232004294961
0.27680790514
0.154751960908
0.209949617378
0.393562748547
0.340912815985
0.40825461984
0.497599276461
0.133019254292
0.307451862302
0.262497052089
0.233340907676
0.197811439243
0.314585006036
0.291682295887
0.174009378684
0.371142639077
0.125004206605
0.301567112977
0.223382894259
0.388398620045
0.273720104441
0.312454740377
0.285599139409
0.216101807576
0.427588257253
0.133489130172
0.286904994653
0.174905783039
0.251303751452
0.32880031058
0.373394037041
0.215598330997
0.182772953961
0.515554496311
0.199207918808
0.219054371858
0.506512975315
0.257809658551
0.191682542317
0.441839426017
0.386969320371
0.445528578814
0.276763158832
0.418534551981
0.399416284387
0.430288396776
0.182440215212
0.119386064411
0.272940010656
0.184154404086
0.275360377137
0.588706136118
0.246774239913
0.217247978552
0.287727861077
0.325869730523
0.520677199541
0.239314267789
0.363112154476
0.37390452772
0.291045452671
0.292950349113
0.393324024177
0.0894533316602
0.313598357371
0.222564262999
0.342865009545
0.199078455716
0.061377476671
0.163131746636
0.348446830862
0.220047365342
0.323560975016
0.263010948
0.184208950638
0.211642831799
0.445607164978
0.40519233087
0.230770623311
0.451113656259
0.155272728299
0.144172211601
0.155049105277
0.332502036322
0.415876778636
0.25614884337
0.230695328608
0.377576486267
0.311075215594
0.241716427295
0.452608375497
0.524476123612
0.330843498615
0.227771545037
0.141276566296
0.127047604877
0.281205204878
0.393596987802
0.440826818308
0.333382258004
0.294477187088
0.203940788951
0.30957320574
0.341694500796
0.33396715757
0.195392746467
0.347558864063
0.557843098591
0.180021598206
0.112586141154
0.111159173043
0.47968794971
0.162976856977
0.299732335165
0.128690306151
0.231239437554
0.202378728609
0.400539417035
0.176907345048
0.277589121126
0.137376523912
0.293809997803
0.197209598404
0.23228191852
0.28989048026
0.232884397879
0.340407729697
0.212242070262
0.488043792768
0.134979133908
0.257706023312
0.351722430256
0.217980961498
0.280578257293
0.134277969743
0.211658663162
0.168237802073
0.155708752325
0.172322285311
0.260969430331
0.422119273862
0.447167709849
0.198313568241
0.183095932091
0.278521241214
0.0411468076445
0.220267192664
0.335189067663
0.36865763618
0.206482718834
0.278435588726
0.409856913271
0.186833537164
0.414005899013
0.214258360313
0.266370370364
0.169440314636
0.191515952672
0.143992638542
0.0921065000377
0.265970518785
0.297892814634
0.217191744918
0.257055172356
0.302455774574
0.163531243932
0.226082120103
0.210370541931
0.441479298578
0.358435917823
0.248899141418
0.0917556835725
0.381966080343
0.328623102163
0.21094723745
0.318867507571
0.287616107791
0.252646440079
0.258843821554
0.189571561499
0.484361555041
0.0583341224585
0.226292047363
0.312134248196
0.241861629259
0.264262240465
0.0501833280464
0.469091720946
0.249061575094
0.0857582550866
0.169119073026
0.169717041054
0.502817216478
0.289344733755
0.308241243373
0.411865549117
0.239750005225
0.146847762855
0.31141627961
0.413713223452
0.240346459613
0.373049586937
0.151818142895
0.208286009102
0.19594233579
0.29159428811
0.192005563979
0.367468119274
0.229292841639
0.28859066255
0.250463503997
0.369632416977
0.169152027571
0.204702933741
0.220584237448
0.437923040149
0.219238890764
0.124536182481
0.290490934755
0.157975356946
0.249722792916
0.269624286888
0.223710295157
0.0942851708438
0.202966593693
0.17611066688
0.179865577299
0.282347349901
0.267919272795
0.139542654485
0.363572550072
0.413029188069
0.421492546345
0.2803481719
0.207535435485
0.150312616424
0.201966172968
0.216275872676
0.253822310656
0.232792090208
0.2627390573
0.368510551961
0.145648520584
0.207442158395
0.273429106248
0.370154013195
0.232350007668
0.440213900979
0.239309447171
0.141117851654
0.18669987888
0.139837834687
0.302608148862
0.214301901844
0.191509654723
0.196310563676
0.492489039824
0.265480346608
0.466463209234
0.399145569595
0.345125404021
0.375585602504
0.221196086582
0.158583644315
0.269323862799
0.285199678552
0.404671830063
0.0467143919407
0.24322079277
0.262237146223
0.327666820361
0.114376614876
0.397502097392
0.245419440289
0.181683080206
0.135948932662
0.157498987893
0.188249139715
0.1513076046
0.223852283528
0.112359284943
0.351667703545
0.351252600595
0.0448622597469
0.0913863636988
0.256889845147
0.109467451507
0.182843717448
0.379289005206
0.0818011695453
0.168274441854
0.204207654864
0.339630012316
0.384925506704
0.327850276557
0.190874708268
0.258791486553
0.312765881509
0.267181963526
0.400045536875
0.245532904094
0.242881200425
0.32855770332
0.287473375651
0.17342070254
0.32230598832
0.161293011934
0.307590374044
0.236800984442
0.322030585835
0.143012025059
0.0568249211712
0.36502322373
0.111988286616
0.240171335388
0.134742947115
0.223402087241
0.306057507168
0.252258199138
0.285010682471
0.223773759705
0.257757271384
0.214944742968
0.303366896058
0.200329908058
0.15799919106
0.289751244854
0.207964240625
0.260425729035
0.388217959944
0.244860424873
0.235818152261
0.217040637838
0.154486516217
0.335613344676
0.405964656177
0.0973017326259
0.415233866093
0.330479888955
0.444765179522
0.35046698169
0.218860316172
0.131194970581
0.585782194836
0.340501410235
0.148971729262
0.217363346426
0.33389604376
0.219698101602
0.250674038389
0.169201899594
0.123551382853
0.279952977973
0.443710973444
0.345910834274
0.162443194451
0.10502826919
0.19867973222
0.227415987664
0.321754125443
0.188062472255
0.167467361467
0.206283709789
0.169835656967
0.239296061729
0.336518385575
0.303942817478
0.252434591068
0.100833623837
0.203766520765
0.13742438464
0.30245296016
0.339361247653
0.377271194697
0.130252457016
0.202147646135
0.278080493292
0.205390497731
0.354497865389
0.127152241561
0.442192551588
0.182165761643
0.297894642279
0.271624607541
0.251029230055
0.295750437797
0.38304487011
0.387999013402
0.092101051001
0.174117595202
0.20924456786
0.155331771574
0.136616667408
0.342488510958
0.126809870831
0.168793061132
0.268573916536
0.391711483853
0.265974276072
0.179085759338
0.202072626648
0.135781846503
0.0917575616431
0.107367529522
0.0546574950448
0.229601320093
0.138595620403
0.197417380633
0.394462177037
0.24921631955
0.390131699433
0.215093663212
0.0912568971566
0.215808879129
0.153570046342
0.126856006454
0.288243205145
0.177277211733
0.225956298409
0.193035833407
0.26610020844
0.241572067401
0.216724491433
0.17947314987
0.142168879079
0.11713436895
0.33493024445
0.413581346959
0.330696729433
0.290873291031
0.258041158443
0.391307364721
0.258201365439
0.242764104137
0.278676187703
0.0953100933256
0.348901692257
0.159256736946
0.130651029253
0.0445305979548
0.223213722748
0.426385843656
0.128663660192
0.169028221188
0.184589524005
0.150089727093
0.538078626163
0.0615497783476
0.133752548784
0.437490307917
0.184568994677
0.172919825618
0.151099588389
0.468806169129
0.289319465607
0.288107784893
0.198415931212
0.359361844719
0.28252446109
0.315221558342
0.421313359158
0.0885013350589
0.467436789194
0.137958416857
-0.000781754080696
0.134603375779
0.353433533281
0.172023014775
0.371433636284
0.227640979565
0.429313219676
0.348017034796
0.379806517798
0.295656963944
0.349314163403
0.351344589708
0.437989558309
0.0859827647325
0.114571226108
0.155848797676
0.309101914454
0.207189066675
0.133292450973
0.52166316406
0.146877427216
0.318559826398
0.151578251974
0.245479788765
0.257921261819
0.140842095817
0.157492322342
0.145040667978
0.147476862891
0.205580982749
0.153498801159
0.16191715725
0.123320107481
0.145962268685
0.301250502454
0.1190760466
0.128539324177
0.179033021774
0.172366668711
0.438894914826
0.140570663243
0.450879395695
0.323343136127
0.332533120888
0.368933831707
0.0984512544886
0.223449064794
0.219103704599
0.20266750897
0.222217829282
0.0783215495765
0.3423819031
0.214244273551
0.416303782981
0.247837163978
0.257689192044
0.143381043231
0.245478038372
0.271493715416
0.280656904056
0.198588272619
0.0639088028132
0.337467561645
0.263187892836
0.344903770334
0.322234987758
0.0930324890422
0.231490443573
0.129557711411
0.209985350865
0.325535571493
0.161511781024
0.405266198536
0.078188829402
0.125325118463
0.318822196437
0.240252830766
0.3943251596
0.443951530478
0.419299999742
0.115599587666
0.183648449664
0.368811581579
0.300988601035
0.152994803299
0.145231375312
0.311283152473
0.201069360979
0.226221357143
0.0837136001977
0.170652426786
0.335994935315
0.0989403218948
0.202168514925
0.350005657358
0.214294418167
0.177832905827
0.217307002298
0.237825123849
0.192851525458
0.142858400096
0.300801409237
0.145137611624
0.0896927548068
0.193346115457
0.366380161017
0.306501315113
0.186771119549
0.304142670026
0.168754893853
0.0738710546773
0.241025437683
0.204276556904
0.281535499206
0.194500299408
0.19890388677
0.138302079163
0.265501306006
0.205488777593
0.212828774977
0.168309433872
0.0845912427026
0.231268700989
0.248907247812
0.188267907978
0.290621595991
0.192755908009
0.126895301864
0.180273614145
0.180872617737
0.161633514953
0.310190685528
0.166232081873
0.27291281306
0.257419982172
0.17526526396
0.258409622421
0.153207322066
0.346313980159
0.240283888474
0.219259191833
0.353328715552
0.154263642848
0.41248646346
0.22693072784
0.127293352824
0.0910071443988
0.186013894732
0.308320758723
0.429991238252
0.133929125923
0.169911925473
0.0896290033464
0.210380508767
0.380999436207
0.260314263176
0.197246396124
0.0981046806806
0.21921669489
0.131536691487
0.449013894728
0.235570485643
0.312200901631
0.166838557332
0.111738902731
0.214636036911
0.280517433685
0.277399448773
0.292474483722
0.226467550396
0.152377130409
0.167329981873
0.152100367886
0.13219377836
0.163819536589
0.0522153103536
0.20342159361
0.156423215193
0.190093451078
0.107654477485
0.19840667648
0.112566996191
0.166680922205
0.135594231238
0.13340803716
0.250633889701
0.130671342887
0.236642793408
0.173168377258
0.135490863281
0.230709607483
0.130703299214
0.16497334476
0.380798182637
0.155607571087
0.32035336627
0.204908551279
0.280339023021
0.291187253794
0.352532933807
0.29014924008
0.312547339269
0.284334372072
0.228138075768
0.299108779438
0.132243125018
0.270785575806
0.224345663927
0.274505207001
0.172063626914
0.232006518091
0.202469399345
0.137653337997
0.132577017264
0.126017619624
0.153459299878
0.2915738696
0.330246289903
0.133893748509
0.160309616506
0.348348954605
0.198333323786
0.0928482247611
0.114497667412
0.19965277054
0.156728701875
0.127407432252
0.12960632851
0.359609228
0.21135074749
0.182481797198
0.18352627754
0.219307067518
0.156196372112
0.215375964494
0.402000397145
0.104424412187
0.263187505624
0.163759185395
0.221416887666
0.238879908692
0.0770204163806
0.130214769836
0.295375296824
0.148278308514
0.0668347530727
0.300617101191
0.133287718074
0.195106349361
0.381430030094
0.0779030265761
0.296938614318
0.165327869724
0.247347574966
0.183134534442
0.173965910493
0.124225679793
0.194455250744
0.343849642343
0.214369244649
0.210554036076
0.356084729001
0.181025941715
0.218905848815
0.351288299939
0.105316167186
0.417872363053
0.141144642984
0.190008848025
0.120257398795
0.127704048885
0.17305871776
0.240498119938
0.134159004146
0.32114737365
0.177961683771
0.273414188076
0.230001713835
0.207988452868
0.0778781634995
0.305815691475
0.160480146947
0.152117480321
0.39345578368
0.170642283962
0.441372886266
0.357613196596
0.174877626687
0.270461014817
0.288788594105
0.202649325279
0.16686634735
0.0777234633745
0.239013502442
0.114622762171
0.208565725801
0.203195245144
0.144504200881
0.234908245255
0.254883384914
0.175705554496
0.237671527256
0.133485371195
0.167665742794
0.229151726269
0.276253014249
0.255827974884
0.0834534329852
0.195488814534
0.147011936391
0.212059448968
0.165089810684
0.163328625805
0.136189571251
0.237549705151
0.230228959338
0.184607635766
0.0857436884799
0.140416705424
0.350654243902
0.144641666578
0.142989731734
0.269734446221
0.113474704192
0.12550658875
0.0799405017307
0.0898847244958
0.336648284476
0.152227391701
0.136368310203
0.220247444641
0.128428963163
0.325576880133
0.137773636493
0.232535502021
0.31061427227
0.259380763762
0.257720166276
0.1720649444
0.0697092005543
0.130615998632
0.183986426417
0.198348700817
0.195357468541
0.166425637941
0.167403506343
0.0773294704527
0.154306927709
0.261854703077
0.0337524693567
0.132265685918
0.286218861253
0.288491476048
0.127489534204
0.240051663487
0.140088621447
0.127303689434
0.0765616441119
0.220465476884
0.0785731242499
0.113460435
0.138505953779
0.163088208525
0.358451031323
0.186047889842
0.253025480531
0.181419352258
0.300371817417
0.235500739466
0.141003485675
0.124533111126
0.108318640237
0.0684906200084
0.126089185977
0.299089494888
0.0800467564509
0.110053456668
0.133376999422
0.204378382225
0.118768834171
0.267781026443
0.112732265551
0.247306665574
0.0534372781399
0.173140155305
0.121449356401
0.205569537575
0.13001445386
0.270317907099
0.31755482714
0.344273253972
0.20462390927
0.12357273192
0.123852929679
0.212131675695
0.166550549638
0.253516015652
0.160818336837
0.176324957004
0.118579876636
0.103768557162
0.20152173228
0.134481556662
0.2302779532
0.189435590684
0.240352605728
0.0695405775451
0.167124358243
0.292323072052
0.27091791274
0.143002746179
0.280529447694
0.137397383561
0.184944043444
0.171805420509
0.215006382993
0.204794383112
0.124036001072
0.123526950326
0.208570641785
0.0562201674874
0.37396131992
0.117486449698
0.187861388171
0.0925380085257
0.199039550808
0.188536069383
0.234643461454
0.198602090038
0.2502235058
0.111256491145
0.233123187485
0.200267870813
0.0725192357189
0.0730992119338
0.116009047772
0.11966541379
0.187379057172
0.137331111017
0.130453017134
0.204543615021
0.0454332575357
0.258841516413
0.151372086317
0.225295380447
0.197192109568
0.196692083951
0.1818953172
0.278193785634
0.285082433816
0.211343085921
0.265854637684
0.0713394393392
0.160882609772
0.105664105487
0.203998955745
0.203518535143
0.0166112037055
0.108635300504
0.117406969232
0.273191903427
0.18979929262
0.301952780771
0.175131230882
0.169291656714
0.241733432966
0.244150959168
0.212682577947
0.185520394493
0.292974150187
0.146628501806
0.113265581677
0.143936612513
0.0877627132639
0.126391506835
0.173817092789
0.158575009088
0.0702587900543
0.1303485177
0.0290515306347
0.245511648338
0.143673640549
0.0134277049834
0.309109486482
0.223628156608
0.0697725912318
0.149525242709
0.105487963509
0.169546756092
0.103443041845
0.193818641834
0.102769222264
