0.0281466135884
0.134583413246
0.0380364678322
-0.0839369957539
-0.0111476237534
0.0797667804926
0.0412935956855
0.464689269766
0.321570273268
0.087459358344
-0.0557914008151
0.0251710699297
0.0039294621649
0.122018827944
0.0709708047787
-0.0819773166792
-0.00258035174484
0.608163907159
0.00134787783061
0.0683182199266
-0.0866591465001
0.564965355662
0.445805850061
0.154543207801
0.36939025869
0.0616355121748
0.103449253584
0.308206952527
0.132501770825
0.122554497995
0.0486772511082
0.228392606356
0.48099426685
0.183676390232
0.0430017359009
0.158476268407
0.14481183485
0.366027478567
0.0773859363498
-0.00158822261501
0.158755469916
-0.0237330790105
0.0144246545656
0.20521999261
0.103130537357
-0.0694309040462
0.316459147951
0.0785987125588
0.059005671654
0.411429236022
0.131017470559
0.0793423259246
0.0810655386738
0.0605258955321
0.471263406321
0.0202619141604
0.192744935727
0.108853345026
0.0338934977962
0.109732741781
-0.0469185683119
-0.052879538354
-0.0343102740064
0.173910755266
0.26071760585
0.105596192354
-0.00947732603327
0.10251016382
-0.0323640315279
-0.0104997589961
-0.00722529113079
0.0582189468591
0.132884419138
0.241980126197
0.0813869567745
-0.00751264078395
0.146486002824
0.103217891761
0.0742855919989
-0.0358823520441
-0.160529408983
0.275524458846
-0.0556622144415
0.0867458155954
0.437820134408
0.240780495351
0.0229458151582
0.0959625940512
-0.0347482258185
0.0327165666789
0.00380974698559
-0.0241008854685
0.666348221624
0.298103857472
0.423576307903
0.0501299008305
0.174040021569
-0.0562603048021
-0.123181594917
-0.0480979292227
0.204195895407
-0.0289202738647
-0.0633231725669
-0.0802394143739
0.213922290533
-0.0449018077471
-0.0782114434024
0.122123911229
0.0244476412243
0.505193224525
0.0852139670455
0.125574320399
0.0174033333189
0.135138520611
0.391860824776
-0.0385385960583
0.0656608666325
0.235598981809
0.0239806887799
0.473942316851
0.130438115702
0.0964241006113
-0.0797447275208
0.538817202947
-0.0371049901207
0.260751449661
0.524863219264
-0.0243263120491
0.180360317321
0.0699867656837
0.0619647526465
-0.143987445267
0.0101093192879
0.0898649358637
0.300810986209
0.22278115318
0.0195927201707
0.206338414448
0.234778152294
0.148905735255
0.2974148712
0.119055970101
0.0739026224179
0.130184773466
0.317729616794
0.770296139336
0.502990854813
0.287196434233
0.395476446746
-0.116939250648
0.0151634537887
-0.149249979109
0.0792765609704
0.0398991998532
0.0
0.0889817861675
0.0917234610419
0.033002158979
0.459122191629
0.0443792126519
-0.00706435226225
0.0731735851509
0.104596228998
0.083339946435
0.151295503926
0.158493821491
0.0681618190641
0.0119549415356
0.303532284234
-0.0586434556433
0.364177959447
0.264280087951
0.260294088062
0.171568958269
0.1372095147
0.183370079434
0.192166657883
0.0388461316679
-0.0795590519835
0.161221439054
0.205046634155
-0.0776719579075
0.747167833922
-0.00463333335561
0.331389149675
0.0582174059042
0.130957915137
-0.0326051808647
0.259731978158
0.0654166990815
0.031241801745
0.275137177461
0.0911577112582
0.101348447239
0.162938699155
-0.0146380402514
0.049474104055
-0.0387145554747
-0.0478238444487
0.329249903135
0.103183656733
0.0660876582162
0.330854193458
-0.000584466481862
0.0758242067994
0.132570199617
0.407621250073
0.122413697872
0.0512893834918
-0.0519120218218
-0.0162061670596
-0.0325283731542
-0.14661676593
0.0382140789001
-0.0550630401743
0.277916223079
0.30950801442
0.106097140931
0.194099798924
0.289778083257
0.0459079368184
0.451739282022
0.0230750015988
-0.0494563800743
0.405971519353
0.41492640134
0.427962047928
0.117845806317
0.141513017701
-0.0409949668699
0.0839758868843
-0.0469790420121
0.17946334512
-0.0662383542924
0.0769250156302
0.042051875564
-0.0462599579815
0.108076532567
0.049481466411
-0.0476581151207
0.0902263330396
0.0489435049483
0.173865873274
0.0479581676937
-0.00842647076991
-0.0188281144706
0.17946334512
0.498647462359
0.170897151984
0.208706151008
0.140827856734
-0.0821223642951
0.247478095699
0.312140933249
0.122691430209
-0.00679805657338
-0.0576716220742
0.23766568237
0.424079627324
0.120129510456
0.268715407704
0.485631317507
0.301753316098
0.0862549616345
-0.106001818198
0.154978701141
0.0487620249292
0.154813222413
0.00250839116869
0.0233283957284
0.236636345298
-0.000942623068784
0.117964586436
0.229407259687
-0.0581783745423
0.111635477632
0.484031515163
0.289647890544
0.155928356365
0.100410258306
0.405745271097
0.326081023702
0.013574411384
0.726268575261
0.383448102506
0.244112169924
0.123559487707
