0.0420906482282
0.114401467429
0.0466893351274
-0.0843086839127
-0.017527891785
0.0602223925652
0.0397966084674
0.453233608678
0.306163830065
0.0715038606093
-0.0584670108364
0.0323318879593
0.00840197506364
0.11578486555
0.057934149867
-0.0660054125504
0.00103690441811
0.587347854765
-0.0149831830669
0.0478664237453
-0.089451554396
0.540462170651
0.386387503164
0.123477103048
0.339962124014
0.0523107114608
0.062537686704
0.288768008271
0.11701796739
0.125935728076
0.0455723403713
0.222911102867
0.435721244946
0.164977618917
0.0468766390521
0.145364033663
0.132269140571
0.338920242645
0.0619307468037
0.00803838001261
0.146164368996
-0.0282402932484
0.0116516452936
0.206000201537
0.0935403474122
-0.0706600216901
0.283874328576
0.0685369286979
0.0673005777476
0.380017325183
0.113581723125
0.0672289155784
0.0652562679725
0.0521376913068
0.435682649288
0.0322450217266
0.182652220177
0.079196057693
0.0241250993386
0.0970918624047
-0.039013610105
-0.0446826399169
-0.016922462555
0.143512047648
0.236313662741
0.0910931738794
-0.00570439883151
0.106708449274
-0.00966004514569
-0.0188729247513
-0.0226700308812
0.0611326038387
0.113381547301
0.243111813128
0.0810744275153
-0.00751447023449
0.131938011748
0.102778880023
0.063521932933
-0.0245009424331
-0.150324245063
0.259767935266
-0.0644236787516
0.0577826492002
0.40916400469
0.216110382186
0.00842377770904
0.0981770945957
-0.0150913675325
0.0252455943795
-0.00217881602541
-0.0340973720407
0.638388559814
0.278744719404
0.384705881686
0.0460063096666
0.163133087193
-0.0707056040544
-0.119992245152
-0.0361635156054
0.190808491999
-0.00562455086445
-0.0511971662822
-0.0664893803074
0.207187547869
-0.0405915446597
-0.0826409918046
0.119348746099
0.0040579699293
0.453661412308
0.0914599286757
0.122118746175
0.0256845996957
0.105161544311
0.350141289825
-0.0278323773274
0.0460048755501
0.213434659908
0.00740396488861
0.460349192101
0.142617289147
0.0911458420879
-0.0615218496681
0.53281313185
-0.0609193790414
0.25005391326
0.502192975231
-0.0268289481326
0.162924355539
0.0561283348185
0.056367692074
-0.144778847823
0.0109636029702
0.0791620533969
0.299401381576
0.204461097216
0.0159319776997
0.194864302667
0.196035388171
0.140707287324
0.284325702821
0.112795126233
0.0639057289366
0.121026306335
0.268616061677
0.761888054567
0.492246754388
0.273116143034
0.363314404234
-0.0934620143651
0.00688573330777
-0.135730485474
0.096382762099
0.0260379119711
0.0
0.0896070080754
0.0688311520149
0.0163680719158
0.423371882383
0.0582637012297
-0.0367661162128
0.0465684832033
0.080995771128
0.0833978847293
0.148013913035
0.144694495789
0.0582603477061
0.0210349497762
0.270493319482
-0.0539060281866
0.338055573836
0.25230180975
0.250675880887
0.186984509809
0.128711268847
0.177023765644
0.168336810808
0.0343329906132
-0.061350717421
0.150135953065
0.17473511551
-0.0864277307229
0.728071121202
0.00290960530767
0.329692493848
0.0606284314
0.127018884215
-0.0145517199988
0.243746526236
0.0614237926905
0.0239699990775
0.244352846106
0.0782162962981
0.0827715956011
0.168344908618
-0.0211972270381
0.0305612750847
-0.0316718773857
-0.0462379271221
0.29562156269
0.102731896253
0.0674844819834
0.298611070844
-0.00141088507439
0.0633496710543
0.127296049425
0.384810515282
0.109083347654
0.0509095296502
-0.0396731738563
-0.0068734664188
-0.0280726110402
-0.133014641718
0.031217369389
-0.036592012135
0.259027175428
0.295459078385
0.0984989560674
0.187036595556
0.276563491442
0.0467607043729
0.419025350633
0.0201026593042
-0.0321831144198
0.361032225203
0.388977544253
0.387287683178
0.115426573442
0.109998421587
-0.0326654293597
0.0958042729799
-0.0374463170321
0.162091691805
-0.0634759650672
0.0713727183743
0.0401905100516
-0.0442577452408
0.112319093763
0.0417582273718
-0.0350117298354
0.100982284759
0.036921649131
0.16429352361
0.0357328586438
-0.00960717038892
-0.0181158008896
0.162091691805
0.462363670567
0.152459195046
0.198310199644
0.124793970744
-0.0821115965409
0.230858117967
0.288803716941
0.108344162452
-0.00675808019088
-0.0606477515109
0.201918050289
0.399241309809
0.108307183543
0.25772502019
0.477968736933
0.291469059203
0.0863525572058
-0.122583287348
0.120103917865
0.0351616721014
0.156141572579
0.00379753375146
0.0140473575556
0.208181042463
0.00175349879721
0.111470021796
0.208980703331
-0.0533560261504
0.0914082655479
0.455936938288
0.285847130042
0.135368681919
0.101976345977
0.37258427368
0.300781642136
0.00920145978494
0.694481988927
0.37878638289
0.234908254219
0.104968091735
