0.0456585844734
0.274321770976
0.398910366896
0.481446210157
0.385546247928
0.190405308045
0.466367715191
0.133695833871
0.771904324075
0.531350711152
0.270165335194
0.433373241842
0.518611843592
0.410619332953
0.198761649372
0.284085723514
0.477812693512
0.239441212281
0.350761051552
0.235553768102
0.0968086066392
0.11702445015
0.133291278699
0.590099177219
0.718032141216
0.478187907334
0.303205739543
0.200380023577
0.500641027456
0.0784401964433
0.634288710289
0.544045012371
0.233566326463
0.186054914827
0.480103164566
0.240309925016
0.462117120762
0.417410584914
0.290763285902
0.701907124216
0.438751526389
0.083281505438
0.20644486872
0.0951441906792
0.551879690858
0.0623127523215
0.158624770688
0.504360410448
0.253876682305
0.379464478184
0.220182974385
0.287377305415
0.486679274705
0.203845612551
0.205341740375
0.122583512505
0.23884918229
0.295574159803
0.292133702628
0.492933010986
0.202617762083
0.378438773789
0.711806587663
0.505168672676
0.626845036059
0.25673617821
0.3053404138
0.147083484443
0.103915286191
0.192600772821
0.21069012974
0.49717415829
0.452304412734
0.0456341980597
0.379362417938
0.0153988747834
0.241747932194
0.112744373583
0.218855339958
0.296583528638
0.446082895909
0.0849499646179
-0.061785137109
0.202849332151
0.394207644652
0.7232724686
0.461144097406
0.531535617204
0.266967052978
0.451990346249
0.582748511282
0.182856382739
0.613110951456
0.22995095042
0.376950544824
0.0756475602821
0.251836204437
0.34260268745
0.0831475343041
0.186713083282
0.0934546665544
0.184239362444
0.184239362444
-0.000857973437225
0.117954678811
0.16001672867
0.196444886649
0.0491395632053
0.0905647019071
0.193467811316
0.04362221689
0.591655233469
0.195326689085
0.409589276636
0.508893409268
0.730535250181
0.331292050746
0.633441588154
0.367384122469
0.313849604784
0.414542674067
0.482948165253
0.338984366261
0.237121428653
0.377872107132
0.384516140061
0.386721971029
0.775559936814
0.604834340266
0.607519231631
0.207114455496
0.262985035326
0.288380120161
0.395225063037
0.605302550276
0.623785077898
0.155053412699
0.249041542803
0.612703769897
0.51041620853
0.388698732193
0.174164523954
0.461948544118
0.569859865658
0.314951669621
0.484025990465
0.364842162795
0.712508088575
0.238994513279
0.39174029845
0.517148644816
0.199445962442
0.555136102947
0.287978288731
0.27362897279
0.494632313446
0.343916364269
0.728906335749
0.115453300268
0.188812606946
0.0861274910169
0.598786951757
0.419536512942
0.172182045123
0.277786880605
0.170754741959
0.309614913849
0.42646325621
0.31281771834
0.292654334756
0.391825489468
0.508257541749
0.251271872537
0.191848158525
0.306945676476
0.365604217992
0.116536764487
0.101302460518
0.498959030685
0.24004221914
0.105339614668
0.124426560702
0.794990103613
0.208006690563
0.150128501324
0.230491909541
0.574740726902
0.180513566554
0.479917033356
0.549076678921
0.37797465718
0.431154222727
0.186474500434
0.302956932933
0.211884941486
0.592427885728
0.274794025181
0.599657981106
0.0591507321131
0.268391092641
0.341518298658
0.278314012031
0.324922726473
0.231577599322
0.298540675601
0.185755301359
0.587429092582
0.172180634307
0.196711350728
0.458166663561
0.415429638538
0.460463553463
0.180879122242
0.253223160741
0.338077598535
0.152293437023
0.378794544061
0.339934547571
0.220355953288
0.150231342398
0.144235310222
0.31044118947
0.354947293617
0.121593751541
0.357963477457
0.397017487771
0.232849917834
0.29527819465
0.51459975657
0.0769693581896
0.374722190519
0.702974130681
0.262696109238
0.136099909296
0.776866707443
0.415400208846
0.362219555819
0.260226874042
0.53235782324
0.238871646293
0.173472631083
0.161518813005
0.164977149146
0.649099797611
0.518433918604
0.596634772519
0.110975811588
0.432545158003
0.156139116355
0.259669846503
0.225208058323
0.552253067692
0.272768938434
0.299595995488
0.352574344864
0.324719478581
0.456798650833
0.357344120132
0.288528404234
0.466726180214
0.00362658186303
0.131572192106
0.210904712066
0.539871917524
0.406384354847
0.218476344181
0.163452845292
0.196542035595
0.217331124824
0.428685272562
0.529581776071
0.401280818623
0.181619868913
0.267554844399
0.123962974953
0.239805372845
0.168973020954
0.350172619424
0.486295535597
0.249763448214
0.310039709242
0.239239003588
0.448538162757
0.342320528647
0.252326126528
0.31507690674
0.218406619001
0.180448644435
0.238392379832
0.495351905438
0.311294742555
0.48972323953
0.0462648203746
0.299037452352
0.450612267001
0.287996640359
0.491696283368
0.351001450646
0.342360488588
0.120120903106
0.378078521561
0.254869048622
0.499030438328
0.593646047622
0.0191450873226
0.389172756399
0.192566736424
0.17519761918
0.202010722155
0.198843031008
0.41252726376
0.239256179253
0.408024832284
0.23687760694
0.0560571172656
0.148514425926
0.0712817893152
0.597407705796
0.22048618563
0.218608693661
0.190652836951
0.700755284706
0.183348583259
0.299079482873
0.18565656476
0.461805164539
0.290836775515
0.663461710361
0.194605158002
-0.0440452593135
0.281494298343
0.379887582768
0.169120590765
0.170032334441
0.318658213636
0.210395690117
0.399995156061
0.708215796167
0.253522301245
0.166380398488
0.245529210395
0.100524449669
0.106815698131
0.461498899274
0.258049807555
0.25780849391
0.301448367202
0.587028092642
0.225948847941
0.347717419411
0.4686629736
0.466534197343
0.692559077153
0.393338408122
0.254343369918
0.158433707029
0.20393189916
0.586928884021
0.177301998066
0.825298115327
0.524130395117
0.38700067485
0.324680605604
0.531499497388
0.200206496184
0.376663109263
0.216909273743
0.635592718941
0.343634588021
0.1680403815
0.469644862689
0.560474672205
0.652590832424
0.296995024985
0.0669426960392
0.382290264823
0.507998247436
0.169464887418
0.561489018587
0.107521597111
0.258934241663
0.348023062482
0.128468134366
0.0855683323709
0.238341147268
0.442222985618
0.144593104239
0.314415900873
0.248208340509
0.177366214172
0.281814023323
0.294545812656
0.221175992649
0.410153706357
0.577219396313
0.206341682676
0.158685291995
0.537736978399
0.704583746996
0.284924975243
0.365284011148
0.329089567132
0.138683705868
0.258209412826
0.402219076003
0.198247415747
0.394236612072
0.299768290358
0.566482927281
0.123886222635
0.598382137522
0.543750181274
0.423630085354
0.115728797007
0.485282457448
0.157197830749
-0.00332921777293
0.621514621417
0.165889326085
0.195008128198
0.25817902847
0.285713042408
0.120854613228
0.386219417193
0.472133046791
0.603919402021
0.125874179028
0.431422034874
0.355779621729
0.456701229507
0.31492079219
0.37061539552
0.230390368036
0.184270477969
0.280698127391
0.179658899321
0.434281227254
0.126042252296
0.190653050623
0.251257619056
0.135106758755
0.266174663643
0.430966125379
0.230657137649
0.590809765158
0.642884588903
0.0896382382718
0.266248537528
0.287601354685
0.0910309472645
0.107125274467
0.255844599833
0.149909929576
0.28488959708
0.376155652235
0.325287051815
0.346290835513
0.306125873818
0.322003488794
0.190549560879
0.273993527395
0.074378803276
0.0905041089125
0.590402181716
0.383908427434
0.144586149727
0.1103212352
0.391901782318
-0.0756325870528
0.258751143301
0.194622728773
0.208596781788
0.12425455732
0.37079815396
0.210121975487
0.414855530358
0.231214697372
0.243372256278
0.324121440996
0.0251901660975
0.192067608927
0.434683133121
-0.0360387710897
0.302391860517
0.0881802724556
0.482855928429
0.325426146589
0.175380035948
0.212987331846
0.24287289404
0.271402962121
0.341237165174
-0.0157940970224
0.265867153068
0.306455886729
0.240502744828
0.174412886674
0.403641627318
0.335812442109
0.428715545587
0.131671547193
0.340326209136
0.329440190627
0.215950607651
0.237455703054
0.470331346702
0.294374022858
0.154899216161
0.45136732034
0.044732432682
-0.0610504365703
0.13461947296
0.187084832367
0.221431114549
0.2880866783
0.167752964684
0.237920796734
0.436353084937
0.457650248649
0.292345082472
0.24276672209
0.0190771793174
0.439877264023
0.416158620478
0.455209426079
0.430724574441
0.410241914171
0.139073421632
0.249687909702
0.447452790061
0.174994401249
0.278322838109
0.232254896179
0.109463740658
0.119810318176
0.206613639733
0.187185950731
0.201663487281
0.261855557782
0.529481684432
0.576593254698
0.14657008725
0.0689439309016
0.195608371624
0.557078531993
0.288688481272
0.0293724290717
0.593794781048
0.171682721404
0.222225208845
-0.0545944491334
0.0132828873647
0.249675044752
0.394612409004
0.280822734495
0.161424126346
0.0981774590963
0.0965822780831
0.0162341196065
0.0859906892777
0.238411479528
0.0286335311065
0.55207026621
0.627148729352
0.276822684918
0.638051920764
0.442467211817
0.289685788686
0.24089588616
0.234765276507
0.111910502844
0.184348287689
0.161277483286
0.418610480585
0.288940697513
0.564879116546
0.459648324795
0.320014133776
0.319472016235
0.557522992288
0.416400812899
0.316911368622
0.529418550801
0.100642321271
0.197235647139
0.319187986318
0.406437479656
0.474533903835
0.347441352633
0.11069815402
0.104964835476
0.278670328607
0.304240824995
0.323365638069
0.239264595981
0.310888112524
0.0757896914427
0.295633534584
0.30544328322
-0.023968886769
0.035093265111
-0.0899001049395
0.0603842569051
0.0982500834552
0.0175020386401
0.081254131821
0.661356360822
0.407481220362
-0.020913020191
0.11788326146
0.738909055967
0.0343002764658
0.223264269174
0.0753781714282
0.343348752689
0.487543139526
0.190512703792
0.299458527516
0.250669747746
0.496676757166
0.307923669059
0.454679070463
0.251595409973
0.159299195505
0.0869812420048
0.171307730539
0.203484816053
0.25395195506
0.289590284961
0.621834590744
0.320248452675
0.44015432519
0.369528653983
0.236593574811
0.0919045551175
0.251769883897
0.491505624216
0.16775044278
0.527393771576
0.258082153518
0.624869029065
0.314097339183
0.320430240116
0.224125129595
0.401226778187
0.134080024395
0.552689460764
0.0964070185403
0.351374219318
0.397360419116
0.337970303553
0.170536585273
0.223603345777
0.0815303105354
0.2996170751
0.160161608299
0.190356402372
0.217927483869
0.471577665082
0.176117403516
0.706048741636
0.245598650971
0.340672469225
0.307821512377
0.321087901687
0.115573878385
0.34918099713
0.33333965589
0.298362985672
0.031436042695
0.285429661305
0.267965188145
0.322649571084
0.265655184906
0.111199342236
0.384551603885
0.103848326727
0.45903592957
0.139910051146
0.64855638986
0.267829491014
0.296433810644
0.334206794598
0.211557072894
0.221781568902
0.146056618177
0.232097444908
0.181634376759
0.316393275769
0.327008052632
0.409187957339
0.411115224509
0.251005821463
0.25781099635
0.516718744317
0.433022554702
0.180297301981
0.343964663498
0.284526475498
0.0779301151378
0.14606766277
0.41033087581
0.309445733228
0.308294876729
0.238744399724
0.416606087487
0.0906132898423
0.10855948966
0.368636649815
0.179039530503
0.289740283145
0.0608622000735
0.0226705016615
0.186425937374
-0.0660680089105
0.0278920846462
0.210956002989
0.0401188546983
-0.0194332555936
0.151955720408
0.029240585091
-0.0705297678929
-0.0248526630857
0.0630656156954
-0.0892146256924
0.00113334419214
-0.000518939869171
-0.0511084172293
0.216273228428
0.110430790385
-0.0406933778657
-0.0188234677954
-0.0317567347377
-0.0574552517892
-0.00268165933823
-0.0924727216977
-0.11346028895
-0.0728975898665
0.0420118201255
0.0264145691348
0.0516751862837
-0.0755899206262
-0.0424514760393
0.0119225162535
-0.0249794874239
0.150330308433
0.0286523726035
0.0558678264714
-0.0648670466546
0.157446083691
0.0378065925701
-0.00380853053671
0.0738960066547
0.0733637179766
0.021557417794
0.111162413828
-0.202384958666
0.0361762366976
0.157508603326
0.0532928953825
0.0345861999147
0.0197221289564
0.0730315078558
-0.0184857308224
0.0842610219304
0.180455387304
0.068280700397
0.109788455529
0.173120533186
0.162235053047
-0.0139846910785
0.0096106484398
0.01341090566
0.122102935759
0.127221801665
0.0320655047305
0.111365155083
0.320790084256
0.137594807928
0.621398267725
0.240742898906
0.344516604779
0.687454934583
0.21469118617
0.282369475378
0.0763722122998
0.6261659332
0.452634802342
0.319614827481
0.489523393503
0.418045168697
0.244888038592
0.304118204866
0.307248386222
0.354695561711
0.61780189934
0.742067973878
0.197084872846
0.232488721035
0.511908118951
0.470356195648
0.173259973207
0.0566003069834
0.688888769461
0.373757248229
0.310175713869
0.208246072879
0.213313535803
0.493871713483
0.433705181879
0.187074317541
0.208248127556
0.511290286672
0.710763633928
0.12006314662
0.597854365598
0.661057071826
0.42205044634
0.043753669309
0.479765359732
0.313922466649
0.276153867151
0.18493217424
0.177344697199
0.646811898727
0.144553321058
0.228740399455
0.512941565632
0.249232585674
0.407186893845
0.310234077079
0.15819074962
0.502331250467
0.441337651318
0.279379811445
0.383390296797
0.198409223414
0.152220664427
0.246040723571
0.151157503575
0.359977038307
0.255395605629
0.229063749
0.146871398759
0.394220818364
0.4236944489
0.180078778767
0.432844928475
0.241712609801
0.128431716546
0.606907354461
0.812606944562
0.41155279311
0.226638979608
0.457543334723
0.302321634688
0.0893648563656
0.052428847674
0.365635146133
0.209471816253
0.676974358425
0.347838927844
0.150468066257
0.679289351883
0.161984222137
0.275198253556
0.12480107498
0.353368980469
0.354929122042
0.29798754849
0.39113183032
0.147860318225
0.476756706111
0.487339785988
0.086058847545
0.116686417667
0.200020818595
0.259980687502
0.424553941488
0.502808516102
0.0431054968249
0.137097537694
0.158404096822
0.0640471269197
0.625213593254
0.398389292934
0.306112491057
0.125207534555
0.283330607858
0.454615688963
0.346957880339
0.0585104368748
0.553573486808
0.279465499763
0.150197587533
0.406706266138
0.320933346097
0.370416544817
0.405672692927
0.501429642231
0.235527551428
0.151930801158
0.547461970727
0.262679634438
0.357745420563
0.506713952756
0.338035672009
0.256444805009
0.412978619858
0.407730462816
0.239702730611
0.54546690467
0.616525166964
0.349554257918
0.629831382629
0.16371960754
0.521563293899
0.195043446669
0.374354883497
0.0624693411567
0.178662311856
0.319401163029
0.293240317173
0.388963963237
0.102972908154
0.755855057726
0.432493560042
0.309117110482
0.523540771568
0.492953591215
0.29433092314
0.194219706997
0.420895729456
0.53106696668
0.263473929454
0.43266466395
0.30100980956
0.207799806049
0.356417044943
0.214599323498
0.263711722778
0.243038303188
0.30494363228
0.475211604856
0.217805468489
0.278301829404
0.522811459777
0.133993155344
0.510025832765
0.194347881769
0.0356892325225
0.384783036327
0.517926740046
0.148443290843
0.242309022271
0.135788914067
0.330615755908
0.122320645826
0.225943384885
0.479432817768
0.255113066146
0.27385078687
0.110461221703
0.107923483524
0.379003137442
0.181372153807
0.361160973114
0.134505726109
0.40942195877
0.177744399045
0.200589136044
0.280908872361
0.135777468007
0.172738162655
0.190070995121
0.213811600355
0.286906299146
0.398829775968
0.444569120455
0.331836082312
0.00977556907507
0.121263724962
0.356274914241
0.0762764350853
0.243807716364
0.28262595464
0.175175317287
0.432280942415
0.175058584631
0.150933303237
0.0603293950396
-0.0528420981841
0.0203579163589
0.250413559999
0.121016084905
0.182710980703
0.252147408069
0.163961243511
0.341987708311
