-0.00890562584104
0.117984477529
0.0287700300237
0.431306619465
0.260141884231
0.233307378015
0.423409858654
0.390201385511
0.376873905445
0.0889888477894
0.356445567845
0.357381890982
0.216506179712
0.522555814462
0.251257012591
0.100412009736
0.0374870722099
0.389849205579
0.735121122522
0.331676634166
0.795543453707
0.315818959178
0.152099188056
0.0685276080809
1.0
0.485696279969
1.0
0.22373061137
0.118662111138
1.0
0.103794923455
0.250576650944
0.619040617431
0.604990680786
0.176842813278
0.236395664951
0.0943604262338
-0.0212142313351
0.217156939633
0.00748947642988
0.784108363125
0.0055061708348
0.756802001746
-0.00215258893877
0.267627954844
0.0807430700016
0.248455382356
0.0510147581626
0.0671493297882
0.0491531797991
0.599382374117
0.0877813337925
0.2015696014
0.162532897376
0.51459975657
0.0911427691796
0.333852039578
0.196344918026
0.363148526335
0.065634663248
0.519315573959
0.20752046923
0.861304257125
0.0544189704509
0.157506256951
0.181189429634
0.392461091549
0.134566229579
0.646425023163
0.237124445949
0.264353310456
0.336004518711
0.230194123532
0.358175695511
0.132909481341
1.0
0.187404779712
0.0461911547603
0.228812644533
0.0934659447791
0.159213982847
0.319764053144
0.497036975665
1.0
1.0
0.120567369222
0.736164117207
0.087545723071
0.132673654965
0.172489409509
1.0
0.17541918455
0.0249286685259
0.119212655853
0.0841794439748
0.102845599582
0.0966162852426
0.225876969877
0.106082620106
1.0
0.120327635435
-0.0278258758348
0.334579740077
0.0463426795673
-0.0649585763825
0.634054655339
0.639638259088
0.333914211051
0.103545125778
0.0810541022522
0.154905230964
0.0731254760083
0.193891887273
0.766647519745
0.287093658855
0.0818603356377
0.137733314066
-0.0626032157258
0.218522985915
0.203804599153
0.227586622999
0.214939503457
0.699152723576
0.0575405624432
0.424847651465
0.699714542956
0.0286343444242
0.131415729783
0.616070929559
0.0796093696474
0.183096311857
0.254058487402
0.0595508871484
-0.0465614730493
0.00767614122941
0.3406589617
0.107266002955
0.752288089979
0.0364116859097
0.23424877772
0.242476699032
-0.0355596745658
1.0
0.255592011107
0.189285051267
0.380816335334
-0.0307004185862
0.228689893145
0.484880710722
0.237812139298
0.281538031402
0.1639370707
0.576466065557
0.0919429231962
0.593820829172
0.151257433257
0.122242990492
1.0
0.1326387455
0.00782957175068
0.166717351615
0.0413546344478
0.117700451993
0.0716872956092
0.106380661776
0.00162555463812
-0.00214338754753
1.0
-0.00313957574343
0.0586160963641
0.30865013733
0.0276179773488
0.0615456903456
0.0795039805736
0.251196830978
0.0576841393822
0.0474466402968
0.0317066760273
0.645425519244
0.21467945783
0.267070186788
0.0920056295761
-0.00840137485571
0.110694722762
0.151778402297
-0.0363721064698
0.143258556038
0.39635292326
0.223820602833
0.42935556574
0.0462749036213
0.165893076686
0.231768085584
0.23475496752
0.148297193884
0.296516483822
0.218839999002
0.366889797468
0.0723479228212
0.138051343164
0.22638433734
0.10128897181
0.244621649634
0.757951908903
-0.0534466865968
-0.0851633493236
0.81683307588
0.161888192026
1.0
0.320538952618
0.181434013594
0.0573006125656
0.288556245536
0.080861693595
0.474100834144
0.674627038316
0.0952907225275
0.0813143357361
0.416324277033
0.0452708084556
0.0859391111546
0.522544979803
0.696373368257
0.0844166685809
0.117502169965
0.0135662387929
0.477352386454
0.410298373406
1.0
0.238492395427
0.380862785041
0.316467439093
0.711615333558
0.00348336430596
0.0402605814154
0.12612617277
0.379850327943
0.685912257728
0.0161131779432
0.0422086015913
0.228163882065
-0.017979590228
0.447057859386
0.135660331136
0.360650983382
0.465733992406
0.247082591221
0.600000257761
0.169605529232
-0.00729083143378
0.024775019492
-0.071664676196
0.0327601489427
-0.0432439126151
0.272921334455
0.247119287119
0.230765806976
0.171812402011
0.258490786871
0.769645347288
0.112389970362
0.115524935761
0.0411828682806
0.205077201727
0.755741005158
0.171617216956
0.232896635083
0.232896635083
0.207294536078
0.656678373894
0.0872977072358
0.184836847117
0.44944892384
0.389547023746
0.452767855912
0.17695066945
1.0
0.306794698449
0.120893755234
0.262198939533
1.0
0.233695898693
0.307710950524
0.114749878301
0.222407999125
-0.0496663038589
0.77516356031
0.0209591589975
0.140832238855
0.140573126343
0.723277700272
0.074220944021
0.042453933366
0.249041542803
0.0730654822864
0.265018300702
0.699995872595
0.135870105574
0.00991574427845
0.255920900582
0.0791770225895
0.117377004337
0.179191186827
0.114023074721
0.31507690674
0.214390991036
0.290276732251
0.000222735504521
0.000506694890704
0.730525324316
-0.00179682210701
0.537217356497
0.321773990679
-0.0120164601662
0.144093686541
0.0607240762367
0.319888282002
0.319888282002
0.244817040712
0.677805443853
0.252446365165
-0.0304377052187
0.346663203156
0.0359510172566
1.0
0.183743245819
0.266008807265
0.0764279844813
0.375279630571
-0.0159863375996
0.107827336207
0.0661923290704
0.015233508747
0.041989409868
0.716546534229
0.191823502955
0.240144792256
0.0538203344426
0.0489702626241
0.135149743195
0.0463917920337
0.395030511405
0.382254399412
0.416945579806
0.394760986867
0.0386891675843
0.163520112093
0.685350359166
0.0375434168566
0.28292245025
0.22836365916
0.522192307193
1.0
0.468388225573
1.0
0.0941164835492
0.138976003171
0.178849407656
0.0169447424572
0.119650110303
0.168245795439
0.244053050583
0.208457988832
0.706693329493
-0.196334695805
0.0681497953746
0.0582417870845
0.0928922429542
0.0889946504484
0.268822540413
0.21610525826
0.518381162105
0.0621285101052
0.150979113886
0.237209779448
-0.00313957574343
0.179003266532
0.622192143511
0.0944763272665
0.519744055632
0.0373017712978
0.660317566574
0.344866469983
0.574919346374
0.149096185898
0.110119315733
0.224966327444
0.726830111623
0.146877203748
0.318053427886
0.0148233035383
0.14954348564
0.271088129455
0.27233097924
0.44112494832
0.0962494143596
0.0704635509907
0.139513787049
0.532206288407
0.263436046645
0.70013900913
0.131529751611
0.33571579181
-0.050842178975
0.127290741972
0.159078747668
-0.129461481891
-0.0431038809255
0.0876870606506
-0.0571450850643
0.0608921279798
-0.0986555925129
0.0490673743377
0.0162275955101
0.137061277394
0.0816797022612
0.333022258628
0.337771361972
0.0900094587014
0.0761219719936
0.13863975717
0.145610014995
-0.0365399258043
0.0979981574139
0.167525719274
0.13239531321
0.0787292828923
0.346616518194
-0.134587303999
0.0520679276951
0.179236733236
0.290712118421
0.00702235265474
0.0810928508344
0.264466532519
0.28646253272
-0.0829604074886
0.240226044885
0.162385484629
0.134455316107
0.221572923462
0.101159509346
1.0
0.318945459672
0.0265747165642
0.78245529639
0.110886673263
0.311540898134
-0.0228568350391
-0.0717064015937
0.223380349162
0.106397092634
0.154510278225
0.683114305949
0.182388255363
0.332080126939
0.529865223191
0.014260591347
0.233472680199
0.562338208645
0.0925449866257
1.0
-0.075258824571
1.0
0.160473151303
0.191290516111
0.279708643051
0.37561696224
0.146016377099
1.0
0.318827867611
0.270395393277
0.172615602949
0.0511830269449
0.210659642847
0.22929271855
0.0403958375514
0.712452200572
0.140033205848
0.171165427886
0.34018107255
0.171274493122
0.147858656672
0.797818086374
0.13629628347
0.16001122423
0.0731880780731
0.335503749164
0.197637091746
0.120630894072
0.229185194806
0.170526942618
0.0662332590069
-0.0495559055669
0.167060870909
0.336281439786
0.0106999720245
-0.0562150517985
0.147062343982
0.119068083977
0.107068599484
-0.00069379292842
0.20034293168
0.303304034706
0.0672313822452
0.157123519314
0.79077515847
0.135476266681
0.188831835073
0.188831835073
0.125338572514
0.125338572514
0.638853049013
-0.00541012685184
0.0740968728586
0.0619889200056
0.380665765317
0.715041540245
0.157734021866
0.0582224993695
0.0701950547581
0.0901142339219
0.324615540371
0.435538195417
0.20486381083
0.832779543756
0.0843813842656
0.57368029821
0.184224753656
0.198917032187
0.0877329082789
0.057165145577
0.674176494593
0.0988588077703
0.000320992951124
0.208145875492
0.360965386855
0.233402969247
0.705599555341
0.0738357406866
1.0
0.238157557253
0.0566423980345
0.0396612638445
0.283543546071
0.267518134655
0.18269076822
-0.0362570558739
0.392436323771
1.0
0.470051992443
1.0
-0.0619345821015
0.756783408292
0.103320483365
0.188254577668
0.0882371872159
0.0411434468861
1.0
0.0183883027955
0.0624620140666
0.339058187687
-0.100465714244
0.234295683358
1.0
0.162787804656
0.330619413641
0.208894145825
0.121923254162
0.32920127059
0.452684291767
0.267890665374
0.140366342101
0.263212714376
-0.0135084585618
0.164412913045
0.207104096563
0.083134478219
0.252594308558
1.0
0.433630099206
0.1081567719
0.1081567719
0.216680545513
0.28103958137
0.0595193988137
0.218861199692
0.137456028889
0.652068716224
0.142382093698
0.090522202169
0.281963582124
0.196908972694
0.711486821736
0.147894973399
0.316080165494
0.319036993222
0.241778982443
0.412125080247
1.0
0.265363553607
0.103853043077
-0.0184753211459
0.0702929795679
-0.00539371436645
-0.00130774984074
0.0101564147889
0.490563925943
1.0
0.085380080951
0.200483311149
0.105224062501
0.105840278598
0.105840278598
0.463552762221
0.118810808834
0.0848463213598
0.566830762782
0.838141557252
0.198110733958
0.388154538353
0.189147164079
0.411629797229
0.165242180854
0.476179940024
0.0961754088089
0.152274159487
0.05045339629
0.03273764867
0.304126395808
0.78580305334
0.0627347731899
1.0
0.709795334372
0.00496595638588
0.0484617574007
0.0233015236631
0.0906916176481
0.394231131033
0.251351968917
0.0303881378886
0.00871721303738
0.378457426558
0.616396392901
0.0684190772147
0.0722545107668
0.746528630056
0.105275360298
0.276106851294
0.0520228045879
0.169477927197
0.772356866248
0.325619994045
-0.029102879096
0.117056201819
0.113525957717
0.0259374375942
0.092315860257
0.690065715005
0.250697387638
0.136396152429
0.190904542043
0.0566503053056
0.850844194513
0.0556464258
0.113537090765
0.716465296026
0.282427343281
0.0926138748128
0.182705569825
0.365501164211
0.000123693476207
0.667826609474
0.735313019771
0.735313019771
0.537592108285
0.0607598426918
0.428662866357
0.240166657319
0.248846408404
0.0834758975094
0.177072471605
0.226183885401
0.398555671898
0.0900917200867
0.206320295583
0.173362585789
0.0453372236897
0.595783435233
0.00249134856034
-0.0543890468845
0.101523534522
0.0584665219248
0.210062114094
0.125985479551
0.155549158137
0.0351250209503
0.186080272402
0.0958355675108
0.314131834977
0.314131834977
0.402786989949
-0.0251890446409
0.0665837251584
0.159365798515
0.448557302824
0.0268426780865
0.308867939868
0.0203604926385
-0.0814876448006
0.157231414796
0.705656476746
0.209967355417
0.383477127724
0.0403812582549
0.162444958984
0.145264163397
0.164479942059
0.32819319623
0.109704510993
0.125297794717
0.173117717692
0.147641475451
0.699681388477
0.179159094469
0.00823330885078
0.254430386437
0.21683186865
0.219011787107
0.497925392146
-0.0205365433236
0.727178018251
0.0261500389239
0.158124764265
0.385402090464
-0.0213035828415
-0.0435005851055
0.00870536528246
0.0174683805915
0.0308538340917
0.100342846393
0.384336464896
0.363214859902
-0.0344939815004
0.110349862312
0.151566786433
0.79861605223
0.0755806018347
0.0155996887091
0.273544518675
0.39214433749
-0.00496548390497
1.0
0.199404316552
0.257928800376
0.0638381151416
0.0711729624595
-0.017872478042
0.0802647426024
0.559545176361
0.255020514534
0.290264689772
0.197053290876
0.120737169962
0.159329278226
0.3862977929
-0.00510685968226
0.0747064261452
0.171106605844
0.266899272688
0.135531314077
0.0390848443006
0.116882534204
0.0596616705125
0.031121051144
0.313204351887
0.168813946992
0.606440232181
0.195631357398
0.252104757587
0.114005428896
0.773876735398
0.158055815839
0.00476191822294
0.124204478648
0.0695868476287
0.251568934844
0.764024219365
0.0290366052279
0.0
0.0
0.673568939826
0.260268969817
0.157573471364
0.655544262818
-0.00569850196087
0.242679419849
0.386537283664
0.262103053135
0.131232933585
0.323618020422
0.54415350693
0.00549944542816
0.164217097878
0.423615682928
0.263792625556
0.274357160921
0.038556100801
-0.0478086663618
0.441553714103
0.411116046932
0.209835729831
0.155785497625
0.312223708089
0.129467669311
0.173040945338
0.308303475625
0.250486304879
0.158843045945
0.194906775813
0.0598329155505
0.128280281176
0.285177993823
0.257139322963
0.297611316825
0.216244505685
0.119609017099
0.384115092415
0.307693362903
1.0
0.117045419618
0.0853338665649
-0.036548177029
0.201816363866
-0.0380784919865
0.0969925675239
0.117041585041
0.640157766041
0.0420424938842
0.545666667512
0.360110809597
0.0629099289223
0.0623701296212
0.603951187288
0.215498163899
0.13623768736
0.159217110771
0.0229855756188
0.183697947598
-0.0202611890789
0.369837492974
0.229276272775
0.0673261550557
0.165526659742
0.489000513708
0.0288208871026
0.245447919062
0.704599841308
-0.0455717708651
0.0344252147162
0.267998131321
-0.017979590228
0.147843649109
0.0362400758617
0.531085454419
0.531085454419
0.115207567762
0.143240534208
0.225039728177
0.439189522536
0.227227891362
0.70694664682
0.2607666462
0.350190333538
1.0
0.112952253965
0.196135574497
0.43514310204
0.0918795468827
-0.1257508098
0.00497134953189
0.109568673438
0.0440490001849
-0.00787437215523
0.0544791758894
0.030855459537
-0.111011911458
-0.00881839396328
0.62939000327
0.0493867490284
0.0102251301093
-0.0514267798726
0.289977503891
0.279638200534
0.638518065388
0.191493607945
0.0181504117788
0.117575335362
0.210701646634
-0.0312574769823
0.19355308612
0.0211631544875
0.570623588101
0.156020452967
0.312933741441
0.316080165494
0.0828911902364
1.0
0.10361256101
0.106672234736
-0.0433405691615
0.209677621037
0.243735569066
0.167044775669
0.320119945554
0.796179711702
0.0701899753596
0.287219544506
0.563660616194
0.18050447445
0.181577464176
0.103053556603
0.772291266525
0.0753020719277
-0.00815134560982
0.100950661242
0.604803061143
0.851908115005
0.0395538558013
0.254214384797
0.359164282077
0.291083503271
0.144242997118
0.173923550972
0.0478714349095
-0.0955584010387
0.0520610978394
0.178611013695
0.0927185149674
0.127162546543
-0.00773332328064
0.262323005436
0.230072313159
0.265363553607
1.0
0.240882290936
0.106711298904
0.811612811328
0.0716720638294
0.215590510285
1.0
0.200520430094
0.334431067374
0.177484355098
0.769244832181
0.0455026458993
0.0579333826846
0.245177379968
0.167737636318
0.432297713095
0.804171773381
0.086203458857
0.215861701707
0.199644697817
0.47617412898
0.207512865619
0.0914455650292
0.0382170682969
0.268091678022
0.0735605581551
0.420150575071
0.42556184481
0.444905127514
0.692730158271
0.0274189501485
0.652777519718
0.548842737652
0.236199664009
-0.0344370361833
0.384516140061
-0.0359711575637
0.0419906003667
-0.00800468462574
-0.06610892431
0.125710006116
0.172153663807
0.355811284473
0.61687000666
-0.018043515019
0.371183020585
0.138680497198
0.300189042318
0.13286456096
0.116826817309
0.0270558137788
0.248325457818
0.656834636415
0.00851611377126
0.14895115261
0.0384202720914
1.0
0.328472228222
0.289615979164
0.0318703388571
0.393085597876
0.266183208156
0.761480200147
0.0282251406601
-0.080592390739
0.11480307679
0.216995394023
0.361060279047
0.255669012276
0.0
0.670706058314
0.111415700003
0.669191819095
0.025864040282
0.0260300144867
0.745591851406
0.000898527919244
0.783669575065
0.234054586118
0.722547658789
0.173293073293
0.08241729916
0.114141873082
0.246919585274
0.104563277501
0.137294063259
0.0284743087072
0.0827394166008
0.034999834481
0.19771328907
0.0849580087655
0.107278389244
-0.0796848798282
0.202109002173
0.177716824876
-0.0207376474404
0.157417485176
0.225641652065
0.194436509655
0.287093658855
0.569787188622
0.266090471498
0.309353825852
0.405260774353
0.219462631257
-0.010870289065
0.131281389771
0.017809255416
0.238720467417
0.36264298438
-0.0203392732831
0.181895309538
0.104897964884
0.170011493461
0.0815189408297
0.561580549523
0.0618640461744
0.274722678503
0.192900139674
0.590549410649
0.220459885721
0.612938008457
0.0458012258451
0.119667433454
-0.0159406735309
0.776172640097
0.565501666703
0.0214502347775
0.0517725737186
0.246662484026
0.255581314325
0.388362478424
0.320098748581
0.744663529406
0.412985288795
-0.0716256911331
0.173737581012
0.371873775975
0.382243368333
0.403339643885
-0.0653745871371
0.733694084171
0.484118004425
0.152544555738
0.425875674273
0.038992542202
0.286980567839
0.117897473444
0.161909757957
0.591592175921
0.142073363971
0.177136830922
0.0292330438393
-0.00358066124398
0.477352345233
0.423950455527
0.0993806126534
0.0921959425039
0.340413204167
0.762491161195
0.31392532201
0.31392532201
-0.0260639030741
0.446111908131
0.205553717006
0.144858457701
0.459208707439
0.513859118882
-0.0450180867036
0.094303552633
0.469213886651
0.670808328593
-0.0226088758955
0.136585902397
0.0738204934677
0.0567651304318
0.195839923024
0.176893865917
0.0201349838513
0.234313815571
0.141213299032
0.233440929288
0.233440929288
0.245015361442
0.701919026248
0.766455081767
0.674175660525
0.0413085115504
0.0814999575883
-0.0136276677148
0.501402288823
0.121249963423
0.323984952535
1.0
0.13337926029
-0.062564205886
0.386721528012
0.318906161613
0.466046624516
0.0661553526766
0.200356899817
0.629929670992
-0.047501774928
0.497271174978
0.139357927401
0.0737176908785
0.468650383078
0.0966064686437
-0.00224083548724
0.660469160036
0.285569161014
0.0156086317178
0.0840582382815
0.0493983922788
0.0155956110646
0.434223155883
0.076007943881
0.147733706831
0.661291835884
0.150263149507
0.00434464645038
0.00136076451442
0.111645767115
0.718288498338
0.325112969085
0.101062852674
-0.0598318695653
0.114678719766
-0.0143902156804
0.317594145943
0.0889268254248
0.112933682522
0.0388882753219
0.193491361168
0.490968220508
0.188949713194
0.107236206142
0.599041326567
0.223356637838
0.148479343581
0.0644763486582
0.643860188835
0.046980848039
0.0652161794555
0.0824091571072
0.243241310373
0.50155390409
-0.132302611542
0.265471603057
0.237475230418
0.0424433732645
0.136370628205
0.267901149382
0.172481280494
0.260806432975
0.0153998917749
0.474417915532
0.121793627906
0.248698317253
0.158856101155
-0.0182873778009
-0.0280223033923
-0.00860640232486
0.741963755251
0.343852540158
0.404319110849
0.0860670082332
-0.0555797771582
0.0104959724606
0.175732478351
0.714220589655
0.0
-0.0596423577488
0.733818666025
0.104682180342
0.364052110044
0.0675242566735
0.201848393403
0.0799900610428
0.365003442122
0.258273940882
0.0813293298285
1.0
0.396629998059
-0.0864270294124
0.249220719858
0.56672078715
0.196704916255
0.326663881428
0.746801637635
0.534533471996
0.234556664997
0.177489969781
-0.00369547197503
-0.039422911866
0.223126615941
-0.0344713645858
0.0561960067921
0.366399192049
0.399565428915
0.165852476031
-0.101370431727
0.139775902454
0.14514432449
-0.0111355719258
0.0358440655475
0.112937998136
1.0
0.0270709033987
0.114926767132
0.428456370996
-0.00991084650286
0.799396268095
0.256695441801
1.0
0.0683784933274
0.118817033865
0.769721867512
0.145288754414
-0.0728565310593
0.249824951949
0.525755561964
0.114291284116
0.0533114075201
0.214699920775
1.0
0.195174156236
0.378920864703
-0.0127794261364
0.128468134366
0.238870255767
0.0327753136364
0.359679379934
0.255535558828
0.0250329743445
-0.0116751831042
0.200262119464
0.0569672354332
1.0
0.0321594490836
0.669361158692
0.383205040063
0.0763664798931
0.205225137203
0.315978745271
0.499259244618
0.773441347578
0.33135396949
0.47467389646
0.493919892338
0.501771113914
0.175034155354
0.182774844406
0.54582847732
0.147081207897
0.210992078244
0.0549329432707
-0.100701036079
0.225179964413
0.0326787232415
0.621514621417
0.621514621417
0.234972237613
0.0260995832798
-0.101345350414
0.851239798852
0.00811807531875
-0.0441044123844
0.237021973115
-0.0021056279856
0.699081348636
0.311251997493
-0.0774033850939
0.139073421632
0.509951044928
0.0276359479703
0.2409755691
0.00934209431656
0.238550084246
0.566888792722
0.850811299986
0.280188011964
0.441646035272
0.334296559732
0.16193310362
0.753910453634
0.182025603233
0.0648133002463
0.387099577082
1.0
0.399961126824
-0.148121799319
0.119841503021
0.525801139828
0.157531632045
0.124845664365
0.485352878642
0.155872175308
0.0330550260122
-0.0692027989847
0.238761246264
0.00897950901314
0.794633471248
1.0
0.533267984081
0.292885262676
-0.0161912518096
0.234888480091
0.00724855437278
0.181936549515
0.287218187751
0.163166938592
1.0
0.22901125125
-0.10811515184
0.045738789101
0.00227025548416
1.0
1.0
0.250795339727
0.083429934838
1.0
0.149391773218
0.0726780523002
0.0678812559438
0.544237673522
0.174003625693
0.106486745941
0.0304050514232
0.083593356883
0.299609788595
0.255051019816
0.0518024444868
0.0518024444868
0.746449213947
1.0
-0.0667880137217
0.0625929230187
0.00690730336929
0.521139288465
0.0700969230127
0.297297976299
0.389155534265
-0.101542623573
0.435325138
0.203811915481
0.508255950698
0.137852849926
0.101197009731
0.116249167745
0.540771531292
0.0468393308314
0.0652649936603
0.616049850288
0.0771225555299
-0.00700267251836
0.0263342193579
0.599201307589
0.0923925752609
0.156375167348
0.151145572498
0.125935148098
0.0255421826543
0.571557562462
0.201207392507
0.0818662351198
0.244123988888
0.164945926102
0.782771738724
0.24121713321
0.398489666189
0.193110802528
0.266004924559
-0.105293864761
0.113160176001
0.316953147996
0.00284247473846
-0.0201812745769
0.210530919707
0.219146414916
0.104607402817
0.764411077551
-0.0277971126126
0.0637791515881
0.203560173606
0.586746484169
0.244749448196
0.005320501573
0.143374903031
0.321273036149
0.0731254760083
-0.0200154327804
0.0370472540405
0.134017912198
0.393964988019
0.416936610117
0.121923254162
-0.00331320064496
0.114504252568
0.276887967713
0.109243418455
0.0129566941351
0.704869417571
0.230802308248
0.338370520921
0.563484165035
0.252785181796
0.0260324659127
0.0817052067994
0.0384063292669
0.112018870345
0.249877537734
0.203178865967
-0.00585202541335
0.0780859831627
0.0723478672339
0.342004951265
0.762604694068
0.202421876875
0.098191429168
0.731780089943
0.400091746538
0.0214032786545
0.199327845053
0.835001967972
-0.061455064578
0.748049683017
0.427450817642
0.207603219203
0.0663364452891
0.0796093696474
0.0226303859118
0.0461748010354
0.143345975932
0.0276755786221
0.0654051482793
-0.0529128535011
0.204824821838
0.19037205862
0.571650770279
0.0730743626776
0.149053582438
0.253876515259
0.56652860685
0.0360132057513
0.12607540788
-0.00690347437664
0.070767404056
0.0890941469805
0.169986092142
0.203265010924
0.204844838676
0.0434723572462
0.266970235772
0.799508223441
0.159998343963
0.307440133435
0.118882518515
0.207513166606
0.0858055775796
0.299595995488
-0.0150542782543
0.0246328157054
0.1934759841
-0.00215161687094
0.777345881497
0.56303446543
0.56303446543
0.223360242899
0.0203185591257
0.135756070337
0.12641668529
0.290731419465
0.110222645367
0.117910331255
0.207127822521
0.280971396261
0.0246273120341
0.207267757821
0.243570478429
0.106627507553
0.0658952988671
0.261401944531
0.104306119684
0.00998069435521
0.289882867389
0.0388148809603
0.613308975779
0.335298744568
0.0750312971411
-0.085073482916
0.200739205869
0.290245532087
0.0843878798182
0.121506840768
0.177237732461
0.0862477590662
0.191743562838
0.00481070082864
0.724495358309
0.0967796056908
0.235841682578
0.179782985747
0.0569972986847
0.0434332084351
0.109542585395
0.242869624729
0.212456612976
0.0888179903581
0.540638835485
0.148784661036
-0.101809310378
0.0570125098613
0.183071488819
0.0303329724241
0.530575816838
0.102055459477
0.102498415298
-0.121326662135
-0.0478907846817
0.731848428149
0.387764503549
0.821017645935
0.296637516298
0.191863860514
0.138919905569
0.711281610698
0.240980209461
0.313525787318
0.124189506454
0.152971283723
0.0904088288635
0.0787983101082
0.0434686344117
0.158749687345
-0.0979138667704
0.299036932062
0.262384736701
-0.0121874785616
0.696806340511
0.507697416423
0.5062510155
0.634054655339
0.176613373512
-0.0434408529611
0.0188047591169
0.116347143602
0.281029938741
0.0123175554589
0.283308169613
0.146058709627
0.0560477021687
0.25009808677
0.676031622768
0.161580549709
0.0692686480356
0.649168981313
0.314097339183
0.361678878722
0.342525929794
0.308277605181
0.709755499174
0.0996170311041
-0.00719356482475
0.200825132684
0.0358268860531
0.0926733896317
0.0242042358715
1.0
0.039746595807
0.0359447493289
0.188816880776
0.433624910446
0.769328344689
-0.0191203518786
0.28030187305
0.123294082489
0.208588517812
-0.135125537415
0.223186421954
0.127657523593
0.0422774856606
0.762033104246
0.193046683597
0.248740818622
0.374670995949
0.234827384483
1.0
0.21001946422
0.592409369675
0.236554828634
0.236554828634
0.0139769152518
0.371772954983
0.204736371044
0.60321972218
0.0529838231563
0.395200848966
0.532341350598
0.094299716415
0.158012112258
0.119715928649
-0.059772710151
0.272952306517
0.20483530102
0.660067485801
0.0944553111302
0.276945997909
0.32151398968
-0.00310179137631
0.0788505473219
0.0315229857476
0.151739493007
0.343895788697
0.389112078495
1.0
1.0
0.364572615951
0.379721382279
0.179335307604
0.158255484825
0.672716298749
0.186832387382
0.186176447779
0.230610977276
0.0595495055586
0.263177656037
-0.0100657671041
0.0206174290974
1.0
0.34262827303
0.239861709857
0.191148881486
0.00380413801479
0.0370481691163
0.0449885833859
0.563281654594
0.179524427531
0.151392456399
0.123099121147
0.123099121147
0.0339277963921
0.0400553990187
-0.0406659282066
0.0630234656031
0.813651451099
0.165224800025
0.130200095488
0.171795581298
0.171795581298
0.762322035167
0.230717609299
0.591298260297
0.074828696192
-0.0198622619547
0.27415456198
0.744412789021
0.188473450177
0.209585628264
0.274352696696
0.0229130358084
0.38553566513
0.00926130771009
-0.00589079743054
0.183958971029
0.170623818565
0.907561231479
0.0238733567967
0.132414363638
0.541094690726
-0.162233936104
0.0772219557497
0.14018579343
0.658036965902
0.123996851276
0.26275897992
0.189148118829
0.161919436778
0.315603398603
-0.0546555571665
0.107265920774
0.687803119603
0.0395049638394
0.10553542803
0.116416320594
0.059343401011
0.174750847058
0.70352674553
0.403143224712
0.318309141686
0.463247136543
0.747334129683
0.256551928698
-0.0419572990071
0.0725928450659
1.0
0.331291286547
0.262802552982
1.0
0.11119193167
0.266508716179
0.0901629288524
0.263081400697
0.470524111014
0.217684282214
-0.0319672543311
0.474684186426
0.282309871282
0.542649684482
0.248918158723
0.0861566403804
0.375756364312
0.202169853968
0.135477996026
0.0297281839184
0.206456835054
0.229415778122
0.489000513708
0.0120498827775
0.480239920094
1.0
0.0543188941872
0.261660537849
0.0644388582438
0.666029064557
0.0149625310655
0.268688537389
0.0606842855695
0.288098546665
0.266869863478
0.0418585388528
0.024926934244
0.333389880265
0.403567399811
0.0913314126726
0.030855459537
-0.0267749190772
0.3821059245
0.305187091922
0.235742278985
0.42141290627
0.24588363279
0.784137290347
0.318043911717
-0.0735116740532
1.0
0.10563267894
0.307958989027
0.188777461026
0.87598399367
0.272077143904
0.385018999725
0.143173811934
0.162051375898
0.172354789471
0.292518870735
0.32474879121
0.383826697725
0.481819780228
0.419778506419
0.123023365978
0.263790535718
0.591191025709
0.0997310132734
0.0706560472925
-0.0200080850247
0.146886907085
-0.0142525024159
1.0
0.380314725565
0.191674996288
0.0279845007394
-0.00822845957104
0.110779895436
0.133138351944
0.10046917696
0.682308803531
-0.0138489065066
0.13261587129
0.277123946067
1.0
-0.0417148366607
-0.106451551139
0.0796197857595
0.19964423819
0.0752274926372
0.0752205457322
0.284575901039
0.201331045275
0.0786097278459
0.0492938105019
0.096937379091
0.0475933355207
0.00951980261888
0.624427434275
0.288109934866
-0.0792710213029
0.121967076058
0.255286156022
-0.159780932429
0.122578980268
-0.0848202847519
-0.0331373372525
-0.112399334033
0.0233691991329
0.0042956325564
0.212941585359
-0.00937534147581
-0.1543053724
0.0861126497212
0.0742410860556
-0.00943154126711
0.039863307689
-0.026632346795
-0.016426285264
0.0994742587753
-0.00603168139033
0.086670353334
0.12281864438
0.0277743941473
0.169906216969
-0.0813924067476
0.0613209834515
0.0189882920473
-0.0309842432008
0.000600757926811
0.0476019555309
0.113729831712
0.0475944529847
0.0380242158202
-0.0210318632242
-0.0539147988284
0.0440318915083
-0.125393847841
-0.0998957257506
0.0303864796329
0.300566828722
-0.0777070700557
0.0407943081918
-0.00383902299692
0.0696367590041
0.100028642816
-0.0791169696263
-0.00702449247973
-0.0570223550317
-0.122781517601
-0.0697191284964
-0.10324779171
0.0915618691213
0.080183358555
-0.0103817952297
-0.13576009089
-0.0762541335509
0.0408168557628
-0.0328877589311
0.298328194341
-0.136893451959
0.0387681570887
0.0155803942038
0.146264463182
0.11111704561
0.00720218108282
-0.00914948029413
0.0634234002141
-0.0777337022548
0.05951881079
0.0338377443732
-0.0426331011239
-0.160506920377
0.0123892463892
0.0465966564857
-0.0525224231791
0.0274476451397
-0.050338184319
-0.0787158833366
-0.070918661334
0.158855976099
0.085037423321
-0.0605179252809
-0.0318944479304
-0.0146583320092
0.0620818612212
0.00280542957635
-0.028575886041
0.071178122117
0.00521572539821
0.0197933400425
0.125705318073
0.0544706589979
-0.195467083336
-0.0862897908209
0.0152146067147
0.160533011675
0.0266758224062
0.0105028329919
0.0267328318358
0.0353440755165
-0.0388083453033
0.0226599303404
-0.0682907339569
0.065477840069
0.156879859811
0.0847964442729
0.215066247216
-0.0881651988605
0.091284385194
0.00881087830606
-0.0891686595963
-0.185610207547
-0.0698268634744
0.129202327445
0.0350553280625
0.0630928279419
0.0591307209224
0.0738157324434
-0.037743848445
0.0568859246892
0.0683953331313
0.0364517036008
0.194074149768
0.0474907641404
0.153947020482
0.0407789834595
0.111921482897
-0.0128014444797
0.066600454266
-0.021908097616
0.00257869883265
-0.0846651026652
0.124326736355
-0.121269137416
0.0133046064415
-0.104866406642
0.0368705922358
0.0252249288175
-0.0396207982855
-0.0731081831449
0.0558585648736
0.0684840380856
-0.0282961739419
0.155864374263
0.0395835739199
0.0837630517958
0.22818192156
-0.15034744326
-0.0183119047475
0.11984080231
0.162949055316
0.132070940712
-0.0665479639654
0.0529625493566
0.103937830572
-0.0476102309236
-0.0201541242889
-0.0315618439141
0.0425533562706
0.392985604121
0.357752321443
0.342921110233
