-0.0101413884617
0.108445991989
0.0147553721882
0.368452724668
0.236766243748
0.213513259349
0.388576060372
0.361948890813
0.34318257047
0.0700205018069
0.33316338866
0.325715977023
0.220701738896
0.482845048149
0.23991212672
0.0880042677365
0.0280947804957
0.370751892519
0.729341628621
0.30833302508
0.786489714432
0.304801920493
0.150354368302
0.0727668082405
1.0
0.462201268911
1.0
0.212212180965
0.101010885066
1.0
0.0937742352131
0.250840899063
0.554757887675
0.597918576698
0.161760517229
0.225464189686
0.094019269479
-0.0250350401877
0.20244737178
-0.00262140738707
0.771835844432
0.0154259344657
0.74318153904
0.00721371137873
0.237874737927
0.0710313488691
0.214776888988
0.0523607702789
0.0575256602317
0.0479333898358
0.562470621397
0.0716627285952
0.168410781008
0.157973644885
0.473545385231
0.0834704812642
0.298259274124
0.187576182177
0.338761059223
0.0600106365194
0.502837983686
0.210345409827
0.849394959558
0.0242158157498
0.13087903536
0.165445293744
0.382610980767
0.123849490929
0.650232531905
0.223226420914
0.222032462846
0.320017177852
0.206173516111
0.340374246141
0.104640921051
1.0
0.177941706854
0.0512764289607
0.214054778737
0.0995545642609
0.12531697626
0.31223065187
0.467400309048
1.0
1.0
0.0994360668249
0.683926175144
0.0858291075939
0.0703716416119
0.152675328741
1.0
0.16901604131
0.00233941803694
0.120176366095
0.0926120729634
0.0959868075898
0.0977183978084
0.197160961031
0.101167543177
1.0
0.113937513909
-0.0270612037137
0.326182519245
0.0308970565162
-0.0673090960854
0.608565814781
0.61049163332
0.285580462727
0.0994390692627
0.0833858502702
0.138268557175
0.0665706062047
0.184276809333
0.744601769083
0.269744795153
0.064769403167
0.113378525776
-0.0683371614136
0.199962276599
0.197783438017
0.194427263313
0.212417806915
0.684170062483
0.0682976436651
0.396193525521
0.677882128884
0.0175334627395
0.113783083417
0.617265763821
0.0660195672228
0.162933496495
0.238070379016
0.060476814376
-0.0390084686436
0.0110146406276
0.324105683887
0.103800625685
0.727289112425
0.0343663042277
0.206911563271
0.217026597746
-0.0319403399042
1.0
0.241918555828
0.16642112134
0.372602475094
-0.0406047739697
0.200658416968
0.447613850945
0.229032483624
0.250616164387
0.150237533493
0.582882207114
0.0809985004193
0.590457044966
0.133977186423
0.143854808127
1.0
0.122906509248
0.0101146861817
0.14557579831
0.037179594942
0.118427920819
0.0730231027396
0.107074341164
-0.0227767174759
0.00121087003097
1.0
-0.00403922166617
0.0623796882418
0.269486337194
0.041913867974
0.0722249237184
0.0777856264517
0.220684513017
0.0413380770529
0.0395715240065
0.0292779435968
0.644096457282
0.175449159809
0.220916739065
0.0526773300114
0.0088574215571
0.115324277201
0.13954267717
-0.0467172799767
0.126170837402
0.370718911478
0.202778248016
0.390095011245
0.0489848869593
0.159973757714
0.2206676417
0.230850152771
0.122556486473
0.265165542801
0.207440726766
0.348193174544
0.0724828242712
0.121268461882
0.205398355612
0.0974435219688
0.236176469463
0.733661939581
-0.060690105031
-0.082089475003
0.801917797008
0.133150680529
1.0
0.292518071186
0.146410895013
0.0542749918157
0.243051806556
0.0980650928831
0.440769348164
0.652194861988
0.0942450526817
0.0686367774726
0.403859539778
0.0407630056073
0.0765278602552
0.505852899523
0.693930960501
0.0693224540636
0.0939822449051
0.0175210728407
0.457434948907
0.376332448411
1.0
0.204180518498
0.36902097565
0.284027383244
0.707133500582
-0.00342359126934
0.0321814057212
0.112902172285
0.355822382366
0.660725530036
-0.0184622489653
0.0444655745436
0.206769506128
-0.0173069088818
0.400366266817
0.125841955272
0.346339823663
0.424191302744
0.228588099147
0.576791607187
0.150567865369
-0.0197739568901
0.0264975289593
-0.0728317210605
0.0381753406958
-0.0435673263349
0.268186393219
0.237294599718
0.235351270472
0.156445385395
0.239231926704
0.737173118165
0.102954360929
0.0929213772047
0.0333787929137
0.194188400373
0.751381953236
0.159061046264
0.222987840279
0.222987840279
0.182454543945
0.643771143987
0.0759453295172
0.162517087656
0.442099894534
0.3725611668
0.402034014675
0.144301576249
1.0
0.297934877698
0.0845583665438
0.238002759346
1.0
0.224315214409
0.270387232538
0.0918193806767
0.204676761582
-0.0375448689556
0.771872535046
0.0158940338923
0.125756685291
0.131263810594
0.710709382209
0.0739914576282
0.0571782046347
0.239170859051
0.073429275238
0.241711566829
0.670320697483
0.120046151216
0.0145625262654
0.230866571649
0.0686877054108
0.0994768851074
0.135555708617
0.108344645767
0.285750372376
0.178647117069
0.253232489679
-0.0201941341532
0.00830725331081
0.708414447334
0.00604395920077
0.502742592826
0.293856214532
-0.00745099297018
0.118273342278
0.0654590071577
0.302757539491
0.302757539491
0.223378251934
0.658932141396
0.218302073759
-0.0107874675269
0.324637289784
0.0333817191694
1.0
0.154900595578
0.249450094466
0.0795153099934
0.35299670811
-0.0308436154949
0.0984620535135
0.0681091766196
0.019357183655
0.0375406608707
0.715140829932
0.191872825848
0.217952875754
0.0428622406141
0.0425144337839
0.125363549963
0.0440596958461
0.370299321861
0.357073237094
0.394086765241
0.386598784822
0.0353547302849
0.146838490777
0.673921622555
0.0265473802895
0.251547895168
0.195336042989
0.496498998946
1.0
0.432499899849
1.0
0.0937945451494
0.125659731733
0.165908571389
0.0155525672261
0.109075180635
0.165525478506
0.218114491246
0.185836548087
0.692966224791
-0.184542808751
0.0623814945467
0.0549772837886
0.0859179303699
0.0877937967437
0.266752523479
0.208377462398
0.504336168251
0.0551384085681
0.141440289951
0.229134802126
-0.00403922166617
0.163019959084
0.617526449814
0.071619615901
0.477384781754
0.0304174897268
0.656699917289
0.329441784996
0.567420577899
0.163897821538
0.0996618587809
0.199628329566
0.717230761133
0.138058813958
0.29214095048
-0.000288140394265
0.127320065249
0.264584573998
0.264788376315
0.417048201177
0.0893422007676
0.0779217196379
0.134623113747
0.450676336547
0.253721548516
0.681773804025
0.123547917669
0.26224850408
-0.0497525423524
0.133181238949
0.157300754049
-0.11595458212
-0.0328104218254
0.0899315630595
-0.0581798453961
0.0493634777882
-0.0945269341337
0.038262642578
0.0107365596429
0.118172284325
0.0672973752891
0.317618640319
0.3147444233
0.0755079735949
0.0787069492759
0.119905665498
0.141897188678
-0.0354444630057
0.0976198375289
0.162630410803
0.132002504155
0.0623292666579
0.317233449544
-0.136744672249
0.0366569889035
0.158667216487
0.27479634819
-0.00917575203241
0.0755465525024
0.249538626697
0.260431249885
-0.0793231077299
0.217321393044
0.143404766387
0.123660903202
0.203349015261
0.109435655676
1.0
0.306496182649
0.0263555559098
0.777400870411
0.100296677777
0.311315819911
-0.0157118730959
-0.0689960527373
0.20559587872
0.0990950881255
0.148936740595
0.681887876143
0.177905334947
0.302232363718
0.47213119699
0.0270429118924
0.226194976304
0.522810621855
0.0679412446485
1.0
-0.0740877559167
1.0
0.147239093119
0.175104632402
0.271132125667
0.357328279871
0.136924460173
1.0
0.277391343306
0.216972144948
0.157272868485
0.0575609807505
0.206752225882
0.196303913615
0.0222282560972
0.702842094925
0.139527052479
0.144834564093
0.304292475246
0.171242148565
0.126932762741
0.79386233031
0.13329764573
0.153294268591
0.0777025802899
0.310450190662
0.177455073115
0.120961263036
0.208498967422
0.171045713718
0.0632228373755
-0.0446679169939
0.151892794969
0.304326854087
0.0100336290575
-0.0446529082146
0.108661947542
0.120662289998
0.0848217795747
0.00105160086211
0.192888077202
0.268954701406
0.0634517341247
0.151242918239
0.777224406243
0.125147180587
0.166484308134
0.166484308134
0.116504542071
0.116504542071
0.634782272511
0.000193905788248
0.0487083801698
0.0614492398833
0.37605226044
0.711359210195
0.149367809982
0.0645087765161
0.0559775245847
0.0966336919574
0.315662953164
0.394357995438
0.179741004976
0.815913134431
0.0809525087822
0.549383705442
0.177062919245
0.177667849463
0.0819244120326
0.050707826632
0.674211832722
0.0859270438481
-0.005144679227
0.18477717183
0.336155263277
0.215205322738
0.70136729429
0.0700440388719
1.0
0.228447493656
0.0427467617937
0.0441441462894
0.236420376187
0.220245190618
0.171342630611
-0.0408269501425
0.358228965286
1.0
0.44887818049
1.0
-0.0509692999939
0.747016195261
0.106665999599
0.176229548997
0.084378100919
0.0363005976573
1.0
0.0225423404378
0.0525448501398
0.32966468192
-0.0989697272909
0.224051040492
1.0
0.160126395243
0.318093369719
0.185413918949
0.114694040573
0.307381578636
0.428142338641
0.2442153243
0.12489236121
0.25597351559
-0.00963726149163
0.150800298362
0.188022163767
0.0836451304746
0.23326930155
1.0
0.408701676933
0.107522570203
0.107522570203
0.194392466021
0.273320644124
0.0406167859844
0.206381705813
0.119599551115
0.646684313853
0.12216594945
0.0870800150282
0.269301394291
0.193755608731
0.707893279089
0.126777832559
0.301230891875
0.3145347844
0.226474097832
0.394733086776
1.0
0.238542244083
0.0909380103956
-0.00659491748443
0.0629171312836
0.00599551531876
0.00326897892598
0.00691347268536
0.46401616805
1.0
0.0719997862479
0.173451567814
0.089207516426
0.107791990412
0.107791990412
0.450041185754
0.0964267635781
0.060964652755
0.531087120575
0.829616151672
0.152654600303
0.364821720694
0.163757821995
0.368613054946
0.112415723217
0.429314635297
0.0947399056678
0.133185012838
0.0460482278352
0.0318121780247
0.27083020472
0.779726974184
0.0699016440112
1.0
0.70248638075
0.0101645944001
0.0514591131509
0.0193581333831
0.0810517754744
0.352149656932
0.220278559961
0.0281661706303
-0.0177006512098
0.350701171779
0.597225247673
0.0719845495693
0.0667463150801
0.738000198721
0.0958929796133
0.241740754873
0.0568974167348
0.157077866152
0.754619832655
0.307078829087
-0.0221577113236
0.117244329043
0.0931918581317
0.0255670158065
0.0798064245847
0.689550356012
0.248952717512
0.127541323527
0.179924585936
0.0339610876898
0.840761095204
0.0476017054124
0.102113609086
0.705977247874
0.278112378322
0.0983038837071
0.152496069381
0.352251502472
0.0358409133799
0.644594014312
0.7083914384
0.7083914384
0.515380267934
0.0491864540813
0.412418679876
0.209177360976
0.218445701122
0.0914719234998
0.15408428619
0.214551363619
0.368324723211
0.0870126755476
0.186993674786
0.17036359443
0.0334171606644
0.581710405514
-0.00971701905283
-0.0565790407549
0.0877664831935
0.0543723448705
0.205585069295
0.0918371832057
0.133749922018
0.0418212613315
0.1705356504
0.0814146611451
0.280695140656
0.280695140656
0.392417688657
-0.017423608949
0.0638687166277
0.119673944777
0.415665343592
0.0194143389116
0.295489440844
0.020701936458
-0.0648862211702
0.142653807855
0.705089844264
0.196333700888
0.376023133995
0.0394758980177
0.152312473203
0.135675719892
0.132813022671
0.303201050697
0.0976033334104
0.121775391974
0.146681389703
0.139206691048
0.695845672383
0.163270747184
0.00316732423106
0.22609916101
0.171934842074
0.196519969409
0.452839386809
-0.00944869136652
0.728102911306
0.0211765858809
0.138279208048
0.333711330465
-0.0248005540415
-0.0322310241639
0.00879767407245
0.0158597377709
0.0411961606067
0.0890369206341
0.375017354999
0.346395964519
-0.037215662713
0.106628108108
0.138692846448
0.787458549104
0.061896368623
0.0163526830871
0.260190940489
0.368174113454
-0.0156144826961
1.0
0.192512573504
0.226141574166
0.0380231896674
0.0647554031218
-0.0175504415992
0.0605636806932
0.534530153622
0.2242661825
0.280949878632
0.183385603663
0.103279981463
0.145203463658
0.37506196549
0.00451492360154
0.0790988127538
0.146051759246
0.255839112975
0.129214028965
0.0494880264263
0.115654674946
0.07089886528
0.0342596027469
0.274693161412
0.142762517573
0.57361093364
0.173434244675
0.238731907738
0.103466754938
0.761469373828
0.148557513297
-0.00329759415836
0.117176168463
0.0677119494787
0.237976719336
0.743657403906
0.0203521662898
0.0
0.0
0.636143989158
0.219808582043
0.159987706241
0.650779900623
0.00114147967749
0.226822129559
0.34914608009
0.229563392583
0.123068777801
0.308749026822
0.528195263844
0.0132173737217
0.151724898638
0.410398561645
0.243915471022
0.264692117985
0.0369067152974
-0.0347058154537
0.443867193919
0.38677943718
0.189608306925
0.151607278038
0.301654361959
0.108975476101
0.163655560835
0.293941917189
0.241849686533
0.139175896896
0.192940219397
0.0618650717353
0.127621515445
0.256808583779
0.242818011477
0.280004834529
0.18856444474
0.118447013793
0.350883915963
0.287676552298
1.0
0.11621385198
0.0796751288288
-0.0381507170097
0.19325372748
-0.0340424595138
0.104527638954
0.114076403002
0.624852182545
0.0465176461797
0.516123343174
0.344176617321
0.0543953901782
0.0474085905738
0.609497985831
0.189668742938
0.127108651506
0.156494201737
0.0348598857416
0.165798818309
-0.0127627061656
0.350994216384
0.216863566912
0.0587020717827
0.148228398366
0.45072329607
0.0473531653694
0.224833645984
0.694980009768
-0.0299158343873
0.0296023536132
0.270800245672
-0.0173069088818
0.129619979628
0.0144583441411
0.485556847078
0.485556847078
0.106595685242
0.141570855626
0.207563366486
0.395614778476
0.226398775927
0.712948219854
0.257782591497
0.324956501501
1.0
0.111198979091
0.18006410422
0.414912615759
0.0763142867871
-0.122424096765
0.0055702539737
0.0999587821115
0.0364408943191
-0.0103553844053
0.0324655731886
0.0436862375303
-0.101315850154
-0.0210387251942
0.593194134662
0.0593074587283
0.00696084058047
-0.0471222970235
0.273444420695
0.258265827189
0.620542069269
0.184927981281
0.0221426078781
0.108075949072
0.194857428286
-0.0146394908969
0.172257588829
0.0266088819471
0.554137279985
0.139472059206
0.281550157067
0.301230891875
0.114902462788
1.0
0.109747266207
0.0922924271517
-0.0345296117163
0.195096524338
0.227702051163
0.13905812688
0.294533598603
0.781982607869
0.0614598662328
0.267173659141
0.539649550899
0.166104979728
0.159759531925
0.109828345526
0.738269598594
0.0642985919585
-0.0055259916544
0.0885392619608
0.59468923819
0.842998650183
0.0386548560935
0.227373548296
0.353869017668
0.271384704384
0.136324084681
0.157276217623
0.04073697761
-0.0979691266706
0.0443192312306
0.168594949831
0.0746920375251
0.118354096317
-0.0273319981927
0.242975023721
0.192893590248
0.238542244083
1.0
0.236039957951
0.104019813399
0.805887664613
0.063089977456
0.204317909875
1.0
0.191979329808
0.29792857226
0.165110870092
0.76781102755
0.044851946317
0.0509423321329
0.227377432739
0.165426270306
0.414351033895
0.798797697187
0.0729880184033
0.18913103154
0.200016000397
0.458999211995
0.18745142531
0.0998908799425
0.0277632181848
0.245067173356
0.0402654516331
0.35675233148
0.409888222117
0.389058144476
0.664616900218
0.0168249882954
0.641047445989
0.520800979813
0.228042081758
-0.0203259961243
0.367961843986
-0.0312564005108
0.0462406397137
-0.0068663346579
-0.0700568132172
0.118482237485
0.15829015361
0.335658957503
0.62367168559
-0.0216109995036
0.350912579343
0.135476636058
0.282780644986
0.119610373344
0.117347846417
0.0190535943426
0.236577805583
0.642547482852
-0.000341385822129
0.130016066166
0.0282329752813
1.0
0.297629443935
0.25851895637
0.0229998045886
0.36891922027
0.253608711911
0.746816572635
0.0175164679359
-0.0601466898363
0.106366059514
0.208679097982
0.338078830513
0.226700782871
0.0
0.629010737356
0.108393260104
0.65209137967
0.0191889345681
0.0294126502676
0.70557335664
0.00655420043283
0.776219536509
0.206292555593
0.713812457354
0.169753271118
0.0667226801207
0.103059985215
0.214258369089
0.104273169942
0.137949888857
0.0257839362315
0.0819821223887
0.0351482031257
0.183276298721
0.0673392458638
0.11320591649
-0.0919409082972
0.174654606446
0.1624890988
-0.0214571103466
0.126768339263
0.217994053489
0.183706653236
0.269744795153
0.543372844947
0.251135415183
0.28212734784
0.394522240313
0.18750721842
-0.0120633925997
0.114434411198
0.000378743605341
0.236438809101
0.351137467086
-0.0208707172645
0.171196872389
0.100788859728
0.17810278132
0.0646809907399
0.556477026364
0.0495414445882
0.257707152319
0.178188439978
0.564505425129
0.193478396906
0.574461565852
0.0457510996317
0.115635805109
-0.0190502562017
0.745531958482
0.495325489214
0.00949717725178
0.0642674680193
0.210783571666
0.210701132505
0.365557211661
0.270592675386
0.728965241901
0.360889529883
-0.0690049320398
0.152222325261
0.31320518944
0.335975380135
0.373515268552
-0.0563796505007
0.696215874628
0.446518694266
0.136783543893
0.40492793081
0.0351737004848
0.260032241758
0.119894806367
0.141130506164
0.579208850055
0.117727925565
0.131038752459
0.0239523021071
-0.00853095627592
0.447251196978
0.405254166117
0.085833133883
0.0850195150083
0.325266828221
0.742503586629
0.282992792033
0.282992792033
-0.0164467748993
0.420871523833
0.195581994056
0.122859793146
0.444630507647
0.479315391143
-0.0380460017896
0.0993676508612
0.46666560413
0.667727258407
-0.0181358928388
0.118341433104
0.065482814137
0.0605282140889
0.185526588458
0.171467655436
-0.00384177444539
0.209016284619
0.126872550234
0.209343633709
0.209343633709
0.224806942076
0.697430124731
0.746995018096
0.664582117157
0.0361745079997
0.0694024026198
-0.00991224358041
0.450919057478
0.102670906245
0.315240278177
1.0
0.118673255742
-0.0530197606037
0.377136272172
0.307353723783
0.434826536831
0.0547311863498
0.190943982837
0.627806280051
-0.0389958250974
0.497874513104
0.121975251325
0.0707793953784
0.4478098944
0.0873035425706
-0.0229311309466
0.651284992312
0.281176470548
0.0115552539507
0.0755567286477
0.0538434622697
0.0357976245938
0.440801288211
0.0458274579212
0.136962669091
0.661552673113
0.146749407084
-0.00195078368138
0.0104637317508
0.0936817744832
0.695591747319
0.315751369393
0.0940959878384
-0.0648862526295
0.10130346947
-0.0230625840275
0.297096731446
0.0811433248666
0.0940646701219
0.029882089943
0.172357481804
0.46998202188
0.188031878175
0.10689105989
0.56320423075
0.191100596304
0.149401440818
0.053880405147
0.639263802204
0.0328829545407
0.0613874861417
0.0751707499631
0.215181886537
0.49164163898
-0.119841707579
0.239203744156
0.2377331428
0.0549325833572
0.129882303398
0.248217205951
0.18264457093
0.230475895126
0.00945354457948
0.445920989324
0.111800719495
0.220392268167
0.143275444267
-0.0212858583267
-0.0297855713602
-0.00177652427807
0.736244628134
0.320115864871
0.375134329328
0.089726130131
-0.0788189377848
0.0146422502617
0.159005295751
0.712582325871
0.0
-0.0465055931174
0.709712583509
0.0737477531889
0.335851699373
0.0512281609828
0.175578007815
0.0694009206494
0.349583831451
0.239659017802
0.073615682573
1.0
0.370644127796
-0.0830997393579
0.188563966648
0.577632186689
0.177870996604
0.308640872365
0.743106598239
0.476187393438
0.23368534645
0.181197500947
0.0115322891435
-0.0419208801632
0.197683095395
-0.0168379051371
0.0655620762783
0.347092443223
0.365401557295
0.156288390008
-0.0879404356982
0.110348064299
0.148268945709
-0.0147924757581
0.04087763914
0.118146337045
1.0
0.012814499896
0.0999060862536
0.410775770399
-0.0108971325725
0.786777448278
0.239425762318
1.0
0.053651630518
0.114629577747
0.756083826033
0.13016697626
-0.0626246200973
0.242052520118
0.505465234277
0.11646592546
0.0587947790519
0.196534762162
1.0
0.18661116514
0.336618883562
-0.0264638633829
0.112012822839
0.225314961183
0.0371317441514
0.342336045941
0.242474559902
0.0174934031511
0.0118304930213
0.199643211817
0.0642300988996
1.0
0.016297900679
0.67127230895
0.340999246229
0.0757030759578
0.187608799956
0.299427636094
0.476232972815
0.766233662945
0.312636789906
0.442693376194
0.487540472725
0.462865107361
0.157453367774
0.172533948714
0.522025948114
0.143482278274
0.200821368927
0.0508513425917
-0.0977891392586
0.214360287291
0.0271567416323
0.590004197929
0.590004197929
0.240837668459
0.0257072333448
-0.085987389155
0.824254253504
-0.00648083760718
-0.0329272951231
0.211656775323
-0.0142377493098
0.66318186372
0.273627763231
-0.0631626481009
0.114327339224
0.460989725835
0.0277468680702
0.217044541785
0.0224398709306
0.228585723711
0.544356181235
0.844460076854
0.259341644984
0.425133704994
0.303704127331
0.146971514323
0.743928353348
0.171483179249
0.0574176552396
0.37019446721
1.0
0.382805232771
-0.118713803275
0.114717160083
0.518773790737
0.141059829577
0.121348940947
0.467262538604
0.142780086092
0.0119069928035
-0.119424397514
0.231632297942
0.0189426636763
0.768706366102
1.0
0.513163305108
0.288831084015
-0.0229707015168
0.222297157045
0.0143373580732
0.180432556046
0.256391520574
0.157823319529
1.0
0.224672089799
-0.107905377014
0.043626091367
0.00206968001497
1.0
1.0
0.24630087229
0.0788704756991
1.0
0.131765244329
0.0651500355415
0.0569994252052
0.52040417818
0.161216619443
0.108554380531
0.0311170558104
0.106239585236
0.284968096002
0.242741939827
0.0422266087568
0.0422266087568
0.74695558496
1.0
-0.0544296568147
0.0545476341566
0.0120472536932
0.505593241177
0.0530331038731
0.251811183956
0.375252703567
-0.0836781612898
0.381257793559
0.173144630109
0.485613290796
0.113582422221
0.105348637687
0.107523199855
0.505896450347
0.0364091444449
0.0609224956608
0.604828199051
0.0794274687829
0.00091706182109
0.041785182594
0.584065498837
0.0942612688345
0.139085526948
0.170141546992
0.103584206223
0.0246601684375
0.558527256228
0.177155748234
0.0731983474903
0.233590459681
0.154516879739
0.777154505443
0.226080589844
0.380396699103
0.178252567197
0.243344030381
-0.0717464117441
0.0909670768537
0.287530064315
-0.00468426096937
-0.0339461413491
0.192672707801
0.210324767162
0.080555791966
0.750323302913
-0.0388932687309
0.0834653899373
0.165514628454
0.554273161366
0.210465400437
0.00278455322691
0.117421833102
0.29946144351
0.0665706062047
-0.0165892429654
0.0396690309148
0.119205250193
0.378156928753
0.391290155785
0.114694040573
-0.00222621248888
0.100085771453
0.260410990494
0.0960333849879
-0.00781677060735
0.681533470309
0.20138543519
0.320397882216
0.562296280683
0.235735780587
0.0231833263331
0.0874956852222
0.0347635145727
0.0950032790046
0.229151453417
0.197364734562
0.00329880484315
0.0796695131265
0.07719479698
0.291169035926
0.752252356317
0.158948406034
0.0709077597343
0.686188333469
0.391068977524
0.0257878217852
0.197557940696
0.829079269236
-0.0749443855779
0.73957136221
0.422366655107
0.186923251428
0.0542166850891
0.0660195672228
0.0110311778241
0.0382210185814
0.123513031642
0.0218639105196
0.0684200866325
-0.0583943572155
0.17496106493
0.176602809559
0.558380431631
0.0780105432502
0.14663326017
0.225041232991
0.570248869217
0.0124188633729
0.107786222355
0.00066554767889
0.0598536584865
0.0754177174143
0.149405309784
0.213006988826
0.188839404012
0.0499052468218
0.253186569151
0.776828234212
0.149949803257
0.277641426424
0.107202355594
0.19181571252
0.0778996052873
0.27609260709
-0.0199945508223
0.0225812247004
0.165550657424
-0.000369038044936
0.760939902167
0.531797638827
0.531797638827
0.205550694136
0.0200257209535
0.120670568957
0.128926178024
0.269462550594
0.0947514462424
0.0900529220401
0.179239856113
0.246810191365
0.018461345878
0.178192445321
0.215210365283
0.109079313367
0.0545384984239
0.234453131468
0.0858917189719
0.00239451815392
0.255579749532
0.0315984811919
0.590817197791
0.314079617013
0.0570325443489
-0.0821898394792
0.169511085319
0.262328327779
0.0823762936316
0.106157953313
0.159519143506
0.0688280872639
0.164253675126
0.0155299390079
0.707735150679
0.0864471280927
0.220852408629
0.168363429409
0.0481470443989
0.053303242097
0.127218969264
0.217475648166
0.21584165491
0.0878193656653
0.551854754015
0.131132636566
-0.096350588139
0.053563281801
0.166913059913
0.0324820638888
0.507789186339
0.10895611664
0.0980180658126
-0.0996068378423
-0.0518863835126
0.706298203294
0.375891911744
0.811540706388
0.289993256871
0.180670604186
0.127473079294
0.705342715527
0.231726703516
0.29096475337
0.104646534734
0.145662659052
0.0700257734194
0.0828661184968
0.0512094789047
0.150632970515
-0.0832378357829
0.286591948247
0.239953081145
-0.0177201970525
0.690317669477
0.496625601209
0.468553018798
0.608565814781
0.170454409566
-0.0349016041279
0.0089491846256
0.0956779217997
0.252899656906
0.00669710410889
0.267009754181
0.141369137785
0.0446964895762
0.215022623177
0.663630534393
0.149431785941
0.0666991108884
0.644499916454
0.298681353169
0.339097178539
0.333415967253
0.297079485441
0.707621779528
0.0866306738826
-0.0155016968438
0.179822727181
0.0290012463443
0.0832093120239
0.022011392922
1.0
0.03316637804
0.0411756293044
0.179119885124
0.409317531037
0.761341280388
-0.0229219572236
0.261265906231
0.0936646323679
0.193086949626
-0.114126858809
0.203677754204
0.110739074884
0.0254206658949
0.746250164128
0.172249307047
0.230262983778
0.34934202578
0.215124263701
1.0
0.190946307094
0.534617850381
0.225037973826
0.225037973826
0.00878290974974
0.344215602553
0.197883192372
0.566550574358
0.029658228148
0.373414105981
0.505558782213
0.0824810791632
0.147276139085
0.106427233611
-0.0672733653952
0.234433519171
0.200486825522
0.659207326128
0.0812651242082
0.267695390714
0.305241105954
-0.0120013559682
0.0728730403215
0.0174875938213
0.151577881686
0.317570870721
0.361708937944
1.0
1.0
0.357303186567
0.356974156044
0.145009340271
0.153439742815
0.664574474129
0.16860097971
0.187892783899
0.19922548286
0.0374775099429
0.236809258959
0.0140827138539
0.0221488865879
1.0
0.309819243647
0.223327002434
0.184082727241
0.00637008907397
0.061196565193
0.0380841060134
0.535225483658
0.147773159204
0.143702511091
0.100546696808
0.100546696808
0.0171963034571
0.0455466662149
-0.0420142845373
0.0553120138713
0.803540416528
0.16054862699
0.116277039165
0.152141896021
0.152141896021
0.749696266848
0.224453173629
0.589800049761
0.0766644416223
-0.0344684312278
0.269595992142
0.740382147705
0.175292324003
0.201722636456
0.257009982555
-0.00269966565298
0.360552625913
0.00491356585984
-0.0246862709609
0.173786827397
0.159134564582
0.896414321944
0.018961524132
0.114034629684
0.527854885723
-0.150822940679
0.0768419387501
0.129824527529
0.647399946764
0.109368577926
0.257498691075
0.181948094566
0.157675805115
0.287630755325
-0.0552132410467
0.106389201354
0.653054707124
0.0420161194748
0.085788184014
0.112321202168
0.0560090344303
0.154257560188
0.695050306038
0.385701741155
0.303650487928
0.451979307333
0.739269814019
0.234186477712
-0.0401849699234
0.0735477145199
1.0
0.323560785535
0.239172534259
1.0
0.101352148333
0.244055832167
0.0944451573181
0.240343545145
0.456649473494
0.198925095761
-0.0338056295221
0.429767608401
0.275451546774
0.487227038728
0.251892433975
0.0938707350802
0.342437870943
0.189582243797
0.11465169748
0.0251675080372
0.1933323218
0.20776083008
0.45072329607
0.00190871893493
0.430386776992
1.0
0.0447088915995
0.240171234634
0.0576107939932
0.647606411792
0.0130688651043
0.251953179936
0.0550203463054
0.276463433378
0.24636261324
0.0294397884206
0.0242855104038
0.302825019332
0.378530093311
0.089756386037
0.0436862375303
0.000902706857123
0.35167905132
0.292504517603
0.222755493529
0.381420418138
0.214088393059
0.776684225726
0.291091783446
-0.065948517516
1.0
0.0975111053097
0.29274122911
0.180177959347
0.860061164554
0.238630647757
0.363005391776
0.133744887989
0.15142553415
0.152927802173
0.272314337838
0.296820118075
0.329943273039
0.452645676743
0.383017239625
0.118426279987
0.237175334455
0.568144953363
0.087877988081
0.0522836675309
-0.0198687113805
0.150055806549
-0.01523004436
1.0
0.370862414581
0.173656389763
0.0215628610832
0.00181429131865
0.0974548909021
0.118767173742
0.0985612203611
0.669722729958
-0.00783712718058
0.140387609562
0.275095496134
1.0
-0.0366455744015
-0.109829958629
0.0651680403974
0.190159552686
0.0708547794305
0.06817225709
0.248055028785
0.187988626772
0.0652868075829
0.0316621393271
0.091190373658
0.0393615079675
0.00783224734326
0.611559297824
0.265039747872
-0.0775904519484
0.108992984893
0.231166675678
-0.153591098195
0.0943665734229
-0.0652362901007
-0.0204394799663
-0.102950301788
0.0243781118226
0.00385438891024
0.180435391133
0.00816434606812
-0.154634057809
0.0681589323743
0.0590734172751
-0.0111212490689
0.0379878032228
-0.0069959771062
-0.0182822428601
0.104305104251
-0.019194591883
0.0730057564438
0.118905050525
0.00822121395113
0.158262903886
-0.0724113968867
0.0508300675563
0.00994555318568
-0.00301694006715
-0.0132038092553
0.0207177681465
0.120536336705
0.0383012312287
0.0432690026445
-0.0305562239584
-0.0455773567866
0.0477257191242
-0.11590333892
-0.0861094698212
0.0237086032947
0.29789431803
-0.0694934132678
0.035507466222
-0.0204227920376
0.062664995338
0.0766939931575
-0.0643912164908
-0.00490861344526
-0.0564283069367
-0.0750637421216
-0.0630401579256
-0.0951766368553
0.086804058405
0.0993032436167
-0.0226950069329
-0.128797811757
-0.0579446321471
0.0469343416569
-0.0240607149983
0.26474703477
-0.117693147188
0.0396402955653
0.0186214149889
0.11762034673
0.0735739132251
0.00841826431883
-0.00164794857018
0.0568658998959
-0.0666089056094
0.0366134504657
0.0485289183772
-0.0434157073795
-0.149895864643
0.00773920301788
0.0504829833329
-0.0449434571697
0.0353342142903
-0.0358438869804
-0.0738075121557
-0.0621116624691
0.148904315616
0.0726357309986
-0.0584851595045
-0.0584020591031
-0.00808756932781
0.0440915038906
-0.00519539490016
-0.024768665149
0.075783349288
-0.00010075064975
0.0190628149113
0.0995678403724
0.0611945233216
-0.176413356366
-0.0506156234944
0.00561867693603
0.1465767121
0.0209970758833
0.0283555860363
0.0297543618715
0.0373192215214
-0.0369509087538
0.0146039101102
-0.0630570526426
0.0591250668867
0.144456649772
0.0758750497381
0.214620694896
-0.0753336281651
0.0924726387456
-0.0237151783019
-0.0809447027283
-0.164978918089
-0.0669965137612
0.137555762892
0.0366232017738
0.0571615326609
0.0485918299876
0.0587657684843
-0.0460270249528
0.0610679190074
0.0690250003635
0.0398185686731
0.18376241142
0.0595064184359
0.134479711485
0.0321690008558
0.0966538342753
-0.0132132685873
0.0330375955607
-0.0155119821464
0.00107705100967
-0.0511069886743
0.113331786456
-0.110107713196
0.0163135511724
-0.0857870538018
0.0167763134048
0.0338367920691
-0.00926212876676
-0.0765810756629
0.0408188394801
0.053837376007
-0.00904933412096
0.141131194514
0.0217351229629
0.0681850489258
0.199451444614
-0.123078139679
-0.00552070997922
0.123139271575
0.151913279121
0.10990527296
-0.0621839955672
0.0373751692388
0.102359901717
-0.040823030365
-0.0191447041547
-0.027384857965
0.0370610173814
0.367400271219
0.339571500947
0.306386392481
