0.0656977484807
0.12196201159
0.0387292871602
0.773254346609
0.573639649822
0.29681591427
0.770102541028
0.465285465216
0.623135601657
0.173013524895
0.552642654366
0.477142404336
0.332725016785
0.594822878122
0.334649430721
0.151175770025
0.0457646974409
0.389258750432
1.0
0.384138442418
1.0
0.447018864764
0.172007469313
0.168289075316
1.0
0.484174751229
1.0
0.240374856938
0.194776958036
1.0
0.113930709364
0.232056412758
0.621364539799
1.0
0.22828240532
0.291810137222
0.170901548955
-0.00560038935272
0.463202126838
-0.0550352858113
1.0
-0.0367380162039
1.0
0.0188703727796
0.343451803492
0.122916947556
0.442674725898
0.105096996912
0.079352311443
0.0255464039
0.576782310779
0.0819405999354
0.144083609616
0.248455177114
0.699285108025
0.128891865863
0.33131768469
0.204555487414
0.357490931194
0.0571139219351
0.525539638952
0.307113979334
1.0
0.0590925491598
0.18222604501
0.280366909308
0.382551042504
0.188783859554
1.0
0.172980717057
0.227620274466
0.382105304873
0.233484468623
0.367054219022
0.219250903239
1.0
0.328723018725
0.0648769625735
0.222386810234
0.134883807843
0.214480652871
0.411619136515
0.48102795647
1.0
1.0
0.133937965577
0.723470597752
0.0933723965331
0.123933886892
0.209238614515
1.0
0.304104245899
0.0878266297631
0.12511593849
0.128962082816
0.158763218807
0.0543930206027
0.207774771596
0.162262639424
1.0
0.0927811216952
-0.063240573481
0.435709681672
0.0072446910609
-0.0949089534854
0.631471666116
1.0
0.601873839397
0.103689555777
0.0580743482416
0.610869724186
0.198931992906
0.31580737231
1.0
0.302115735171
0.0833709349325
0.365194087666
-0.0603011629299
0.272279941381
0.324317903272
0.222285528014
0.176132863663
1.0
0.118964241225
0.67596130019
1.0
0.0965458015655
0.155816060455
1.0
0.112371744972
0.402992888375
0.465865672256
0.066418558289
0.0345618023348
0.0684644040058
0.543809701063
0.232928569514
1.0
0.0616183963348
0.289565396059
0.235933695155
0.00973727482553
1.0
0.358936126528
0.172582564936
0.368933082606
-0.0336649968267
0.140950742493
1.0
0.407230819213
0.259362692367
0.220359993967
1.0
0.101961868599
1.0
0.199347364237
0.104862771695
1.0
0.122864163434
0.0464931864157
0.348039751051
-0.0387170089478
0.447994863155
0.290615267692
0.278119094888
-0.0323481966322
-0.0255925891061
1.0
-0.004829858141
0.101201095644
0.331271932185
0.0361550953223
-0.0292760272951
0.0154306089666
0.203918003893
0.0752782866942
0.114447775979
0.035005941868
1.0
0.39660461153
0.377508806595
0.110689435189
0.0110992216696
0.127684946667
0.17907118051
-0.0228033852907
0.275538645718
0.410947847087
0.260531258472
0.588085444988
0.0452396913745
0.195744560597
0.243878082121
0.280246909473
0.174063254728
0.525176742514
0.278887693284
0.39352873972
0.111370156673
0.220318983957
0.403392001203
0.297313259527
0.390594349186
1.0
-0.0314127084338
-0.116822265889
1.0
0.171620128788
1.0
0.404191041806
0.403198476805
0.0684362614912
0.458079812219
0.117917078761
0.517310864952
1.0
0.149457521817
0.0418609501847
0.506429986168
0.117883055478
0.175175384258
0.513150580683
1.0
0.0787372748805
0.17969592649
0.107149749726
0.482707999802
0.403720977598
1.0
0.23436230438
0.389641886001
0.511638183184
1.0
0.0346515196071
0.0483366274634
0.156365748137
0.737809223093
1.0
0.0261209517609
0.0571943788283
0.351108540258
0.0671986649246
0.617629666849
0.322880505757
0.373066995544
0.472645722378
0.305026477399
1.0
0.317398081139
-0.00177877404289
-0.0897351218967
-0.352302644272
0.130484559935
-0.0273635414019
0.299404706056
0.241316401532
0.197544434756
0.265653511751
0.369788964022
0.752605875135
0.202704435798
0.144471181551
0.0224663566495
0.285765732003
1.0
0.257807082816
0.356345590946
0.356345590946
0.279087762155
1.0
0.0948981194208
0.149580519956
0.447267067348
0.391678658802
0.410434121265
0.168271639936
1.0
0.318913257231
0.156610546322
0.378881650313
1.0
0.252432926176
0.318586480589
0.0888783788611
0.315256871905
-0.0340224323433
1.0
0.064702933521
0.289556295396
0.145843902761
1.0
0.100968787147
0.122980009258
0.447351286044
0.137022105209
0.39400520514
1.0
0.0947229481589
0.0702915698378
0.360623576556
0.134736514377
0.266455557238
0.121272868497
0.225088120283
0.484858165133
0.24296288662
0.397026225254
-0.0574176003364
0.0185099323157
1.0
0.0675775658425
0.566820842297
0.369307912349
-0.0551852040744
0.22566261857
0.275704817024
0.502002191482
0.502002191482
0.275007548571
1.0
0.283149801733
-0.031973730365
0.503700793842
0.168258639064
1.0
0.222653214299
0.26434257271
0.143443392776
0.369913057377
-0.0212872212817
0.124049023645
0.129111647781
0.0887947537683
-0.0497362573054
1.0
0.410109563132
0.233402045851
0.0579132475913
-0.061483804687
0.128454124947
0.0050797587899
0.406426157584
0.419607194198
0.521156488328
0.501165138124
0.169730026208
0.183812485309
0.714854216625
0.0058557786875
0.264472511399
0.254739441366
0.518223738248
1.0
0.480763246968
1.0
0.137439964493
0.133162450928
0.26585229775
0.0264063593194
0.222096571179
0.23054043895
0.322802444535
0.264815551943
1.0
-0.334866032202
0.0876238596681
0.0959043062216
0.113701426192
0.211522472487
0.332056598894
0.244177124597
1.0
0.103423766517
0.308334181971
0.199954755592
-0.004829858141
0.0711009411214
1.0
0.0491497934623
0.737417250194
0.0384831314745
1.0
0.727897946952
1.0
0.194222017243
0.140864674533
0.444335754717
1.0
0.226843328387
0.408016508058
0.0559550296758
0.154087606796
0.275085456237
0.355494815542
0.43972108407
0.162644917149
0.0618782200749
0.148368808228
0.54640543347
0.387412391743
1.0
0.108679241871
0.548709197996
-0.045690704364
0.246059660246
0.221700314631
-0.146467198865
-0.0315045074659
0.0974423205366
-0.0213078544161
0.0647025858451
-0.105619162839
0.0643748773571
-0.053572010442
0.324312365863
0.097324563815
0.500457542217
0.477744758923
0.104787105326
0.0940099401286
0.197048763046
0.146395369596
-0.0451014601873
0.123754857834
0.251525748713
0.128787440242
0.157153001195
0.343590984805
-0.119947975964
0.14806864401
0.16153641794
0.376409025588
0.0201301719173
0.0880806108708
0.25975306173
0.393845070913
-0.0870738153035
0.242504755181
0.243713848529
0.148242522148
0.276106325101
0.196313326561
1.0
0.344522503041
0.031571727106
1.0
0.0989324921165
0.360018608543
-0.0243386507321
-0.100720122169
0.368158082043
0.0542223968773
0.0830341139703
1.0
0.142868379868
0.613090685276
0.611164201461
0.0107954741341
0.225649095522
0.553478865108
0.118461095965
1.0
-0.0297535502802
1.0
0.134018013732
0.209728450116
0.305996475109
0.367538213155
0.133993443717
1.0
0.328181764909
0.221112708749
0.154726782934
0.211681870658
0.279440319571
0.201786356066
0.14975192448
1.0
0.350153414167
0.295285913772
0.363882169958
0.147996400238
0.186741943535
1.0
0.223657581099
0.185186422658
0.0949568291454
0.280174409902
0.334612778806
0.265496286445
0.213852691534
0.1574056746
-0.0558337445343
-0.0654201453818
0.150544890186
0.617844004271
0.0267956504805
-0.0646834833331
0.192889556857
0.17436710386
0.185628706454
-0.0084710083667
0.194248782336
0.413585678716
0.102115591647
0.216428220216
1.0
0.103470455656
0.254689685196
0.254689685196
0.116050147097
0.116050147097
1.0
-0.0377705274184
0.0238616528663
0.128104263487
0.684510433366
1.0
0.148467852912
0.0696894866242
0.0383532196115
0.139072135457
0.477194318251
0.537347058249
0.238212910164
1.0
0.138847081156
0.651556184152
0.234395685522
0.317016090423
0.0551271369924
0.156964810934
1.0
0.129700255536
-0.00351590011644
0.228047661667
0.491493122803
0.246072237796
1.0
0.126925826945
1.0
0.328486675839
0.132091406605
0.0923742252018
0.402859949964
0.288882009259
0.176077179898
-0.0810025545851
0.448095668492
1.0
0.461189145647
1.0
-0.0818592258814
1.0
0.0377129491033
0.223765183954
0.0681922628501
0.1168542066
1.0
0.0713963825068
0.0457792605467
0.215987922032
-0.123301780686
0.252289729636
1.0
0.232552494068
0.341189927297
0.165616342127
0.119939236661
0.293224132059
0.459368946145
0.26938968252
0.180407370644
0.253223019402
0.0259248164548
0.229052371864
0.184323508213
0.130078147301
0.265743179839
1.0
0.43032601665
0.259053529762
0.259053529762
0.302384804869
0.345265901475
0.0808798331496
0.223399277005
0.11281188215
1.0
0.247272583783
0.129074489662
0.191793970881
0.285121084918
1.0
0.235770122845
0.365263312963
0.149005014842
0.293487149502
0.398311402944
1.0
0.288401584623
0.196630258467
-0.0506203380268
0.0478071788196
0.0407435084075
-0.0992738832415
0.0899912727823
0.482911278705
1.0
0.0946096911385
0.250935379477
0.174382753395
-0.0118743259792
-0.0118743259792
1.0
0.0848867953137
0.235514626268
0.610422059684
1.0
0.254633899071
0.497101264077
0.24224109468
0.414306122285
0.139598827289
0.586550889613
0.0296949780901
0.129877112162
0.170027305046
0.0571262612482
0.409746977038
1.0
0.227539031688
1.0
1.0
0.155039601571
0.0708382555648
0.0858069088258
0.125778776945
0.489253125551
0.50528745877
-0.101626323776
-0.0219799787811
0.537751946006
1.0
0.150219567932
0.139979016342
1.0
0.20164698629
0.379393157951
0.0865747428339
0.0385441363085
1.0
0.338371575603
-0.0804907206021
0.270461912971
0.199500379895
0.0515801681455
0.117610049771
1.0
0.378514188048
0.14876317369
0.214468473691
0.0335910809846
1.0
0.0854747742882
0.110654957155
1.0
0.365170560829
0.0768720179103
0.203732198607
0.254356816907
-0.0483115766169
0.679992585243
0.726333284969
0.726333284969
0.539350211673
0.106755991278
0.467301406633
0.281588764592
0.348520225768
0.124144259694
0.317589609816
0.510281419843
0.41001917793
0.299133276733
0.104509617318
0.254012441046
0.00249592144149
1.0
-0.0608633419629
-0.0612279353701
0.0715310304161
0.061534307883
0.204562422028
0.198278594591
0.179526224838
0.0575581516951
0.169539029445
0.176774332859
0.520345165337
0.520345165337
1.0
0.0862856588997
0.258053147952
0.187484252088
0.55803559298
0.191850058696
0.178365728599
0.0420527960901
-0.0372343063832
0.165242225964
1.0
0.30501034789
0.484536748912
0.0469389598023
0.164912166624
0.208970162206
0.176945472387
0.506384950229
0.345811917711
0.266931011532
0.338253273558
0.26667795656
1.0
0.323799959972
0.184158762856
0.321664193805
0.226491924571
0.254835855654
0.527978840846
0.0229923805604
1.0
0.0435397475091
0.165951920804
0.526886442086
0.0190658574215
-0.0748166438584
-0.000472325606363
0.00553139768095
0.0354296994722
0.0721582979632
0.404496116397
0.541203266926
-0.0240246875614
0.140107025326
0.165589541243
1.0
0.179464972325
0.0542229611988
0.313710942371
0.465647088055
0.0489807730085
1.0
0.353553824265
0.275448140726
0.0623344990445
0.127593744816
-0.0461280203746
0.14042334503
1.0
0.293047773438
0.291791158154
0.253430526859
0.180854427969
0.215386029471
0.383653455502
-0.0423335225739
0.120008998661
0.153960795864
0.31121862989
0.186154133065
0.14281744281
0.129641447971
0.0538084371094
0.0800630512578
0.369915669346
0.293342715421
0.600779223857
0.2388085111
0.320523850292
0.258396664712
1.0
0.379504024145
9.49111872502e-05
0.142000981195
0.125810980869
0.281571735903
1.0
0.0231005511731
0.213838088779
0.0905167523206
0.668431492174
0.375745664337
0.30875236682
1.0
0.0467576897356
0.359628627558
0.299798788517
0.257207625958
0.230045174477
0.474015110649
0.595923368875
-0.0275356725532
0.165594323152
0.577259015681
0.304234187921
0.340474698409
0.148910262117
0.0406294490714
0.462983809447
0.403429240694
0.245661104997
0.144075351143
0.387794538936
0.34223182184
0.138956591656
0.361510052934
0.301411828079
0.137999779951
0.48264337138
0.0645571295298
0.129029876968
0.325507601478
0.396371560756
0.368788518868
0.231022419651
0.229364854828
0.577747760427
0.354413272842
1.0
0.170462788444
0.0744041690872
-0.00690135203245
0.209042293326
-0.0270312896691
0.0922789938095
0.116935879759
1.0
0.0508378957224
0.555263151083
0.354162200065
0.0173451521594
0.105347384561
1.0
0.362342565994
0.0862188791454
0.172375597305
0.0171129402785
0.191967631701
-0.107639620278
0.364557202909
0.291768836709
0.108195112315
0.21102425277
0.704018001189
0.0127662452162
0.419903316241
1.0
-0.0996811114348
0.0601811507408
0.325767712301
0.0671986649246
0.173186718108
0.0563784006341
0.610579227413
0.610579227413
0.161923639445
0.132963131959
0.205682829659
0.456630956642
0.208977972233
1.0
0.364141905611
0.517538407488
1.0
0.155061993901
0.344556766667
1.0
0.504873854016
-0.205164032934
-0.0194026928317
0.113203115759
0.179091813954
0.0254218020929
0.0246522250812
-0.00415393227131
-0.089122976563
-0.0253591964092
0.62954489322
0.0845645040078
0.141345287286
-0.068454240567
0.436420448289
0.249336158624
1.0
0.0352032554363
0.126977804523
0.205014809248
0.280721382839
0.0139367822054
0.357132635349
0.0597432515372
0.581918638189
0.0337366345421
0.13944474588
0.365263312963
0.220222718239
1.0
0.108586079035
0.159311080415
-0.0590917101822
0.265002423934
0.381673623567
0.256847526458
0.382802845143
1.0
0.0996300551897
0.40777448674
1.0
0.220938371144
0.336455773355
0.154742413617
1.0
0.154679369257
0.0126334179502
0.120563470519
1.0
1.0
0.0871853458177
0.317016773897
0.527063338345
0.360954966398
0.201766959504
0.226179129039
0.0763182758854
-0.134046948023
0.0965007537995
0.214280691973
0.109855187542
0.402437494793
-0.0184612740194
0.256620829796
0.36205866484
0.288401584623
1.0
0.230620023345
0.155164006333
1.0
0.0907726469146
0.268770466196
1.0
0.227031575206
0.32194697924
0.255975037531
1.0
0.159977468813
0.0812489460171
0.325020279502
-0.00152521564511
0.441567323547
1.0
0.115207890109
0.302071387577
0.282265281097
0.503617236536
0.201887659585
0.110429439528
0.0567864064735
0.283453663407
0.0671273103286
0.390819560478
0.437550181037
0.477040262383
0.65212419811
-0.0209137210127
1.0
0.556336910444
0.416234769063
-0.0613349471068
0.806845628665
-0.101830543891
0.0370833418054
-0.0529780261501
-0.0619021686639
0.269558153328
0.0865706120562
0.447157221023
1.0
-0.0538129391193
0.416798999464
0.158248847825
0.366811240548
0.17258533881
0.119382608967
0.00558865779353
0.365099579553
1.0
-0.068068445085
0.171988310418
0.0744961363244
1.0
0.461914804662
0.310079909505
0.0670242617053
0.422351994195
0.309078471579
1.0
0.0409319459466
-0.0770725721828
0.18234830832
0.292741021379
0.429261495584
0.376373187497
0.0
0.662743222657
0.280234086971
1.0
0.0616754575406
0.00582762084925
0.723387607602
-0.0491250229022
1.0
0.319621269036
1.0
0.146494714336
0.129592239393
0.129559259131
0.212999277743
0.385879582672
0.367805382284
-0.129527668122
0.131078314028
0.105314258077
0.203972413659
0.0675043418622
0.146586246937
-0.10991906817
0.223724467366
0.186959174058
0.129849913826
0.17468299086
0.290633548374
0.227968615445
0.302115735171
0.691623498107
0.267196088469
0.333582064402
0.410967406335
0.184208114434
-0.0117640698298
0.119021891569
0.029781180499
0.243301499143
0.352316909784
-0.0261533296274
0.140460974735
0.16843959184
0.189441328933
0.0557540148014
0.885527853598
0.192728167951
0.261776941902
0.23189710559
0.609600705864
0.349056569724
0.676492233507
0.0193603675155
0.0492794386084
-0.112813645456
1.0
0.694470308785
0.0535599346254
0.0764430240448
0.343895721586
0.399760854222
0.462807054505
0.461123031615
1.0
0.636706089608
-0.0854134295441
0.171287170077
0.355505143851
0.415319351912
0.395996429299
-0.148024406801
1.0
0.603373408252
0.160090843136
0.420175027346
0.0748017938458
0.341362435445
0.100173469982
0.285682610133
1.0
0.208443305111
0.331174882421
0.0650096396618
-0.00622476610977
0.513645462609
0.446941141578
0.0573511610259
0.115702643051
0.407933274243
1.0
0.484957680303
0.484957680303
0.0231023807842
0.454753080957
0.27290598564
0.174156915816
0.50526592896
0.518524526181
-0.0476342186471
0.369005959799
1.0
1.0
0.0207096272498
0.104339302492
0.0422965541899
0.16003325713
0.343467445483
0.179542809185
-0.023911135767
0.240002848771
0.159357025128
0.309273123806
0.309273123806
0.301418712291
1.0
1.0
1.0
0.0722219380375
0.173076467737
-0.024582717222
0.510234391579
0.102196769781
0.330708797041
1.0
0.0991987536953
-0.0441789522813
0.397467176174
0.313520723066
0.500934426543
0.082278915827
0.205104594288
1.0
-0.0760548118631
1.0
0.197345757756
0.0716349692403
1.0
0.237684699836
-0.00110533946916
1.0
0.390427375464
0.0278600762181
0.153157946638
0.0581088777837
0.0649691204657
1.0
0.147832973384
0.331154337556
1.0
0.221456148221
0.0224301792567
0.0244834867704
0.0807884707021
0.696469403951
0.407301155168
0.131662622625
-0.0465719928208
0.171359754802
-0.0190240506728
0.30987901025
-0.00408250250256
0.191907609608
0.0339824070919
0.195625371304
0.519726223518
0.325221237798
0.194837972629
0.731523682098
0.246256520495
0.222992300787
-0.00486739784621
1.0
-0.0868384344229
0.105739814139
0.0949012713891
0.345587121424
1.0
-0.173106511195
0.460411141583
0.420691458256
0.0827053319832
0.235585467755
0.399917834346
0.185843569221
0.248031409063
0.0450024215245
0.476279489867
0.185689034998
0.269929037021
0.189704740736
-0.0358881818688
0.0358773379922
-0.074547887017
1.0
0.44002105715
0.41270287617
0.13676385555
-0.0594402469091
-0.00367009095882
0.187277783438
1.0
-0.108436523119
-0.0645142025905
1.0
0.173607641473
0.475195646537
0.112102558668
0.222817186659
0.17016968418
0.380685962092
0.258139857937
0.0858873107675
1.0
0.37106514833
-0.0886756283173
0.2342734525
1.0
0.274947749964
0.24970808191
1.0
0.519470624661
0.309852473997
0.256955484696
-0.000950308865982
-0.0284205146064
0.289384922903
-0.0578871247465
0.0722476085041
0.486526570784
0.596416127243
0.217510101334
-0.111518184702
0.163307797725
0.132466800638
0.0274979662401
0.156405809645
0.189036496245
1.0
0.0658389377342
0.200022746033
0.597111664291
0.00596382287791
1.0
0.240701009566
1.0
0.145928136865
0.159030964037
1.0
0.253791598744
-0.0736417990416
0.396983160223
0.549302435135
0.0968370790392
0.0596717914403
0.252471236162
1.0
0.186758523002
0.38672519286
-0.0210258568459
0.14470006006
0.253899779063
0.105755852403
0.43020286901
0.398799331392
0.0546707424361
-0.0770902292516
0.203776097213
0.0456433937545
1.0
0.0444994104042
1.0
0.405494650756
0.146153652917
0.204524059478
0.38098277794
0.662453613875
1.0
0.336537266773
0.511183652777
0.516268320398
0.498542896559
0.154026522886
0.168808252419
0.577504684025
0.167468185959
0.402678201947
0.0778442012992
-0.0896461877921
0.207943683886
0.132498933212
0.614355370862
0.614355370862
0.229893344454
-0.00155613344879
-0.0868390533581
1.0
-0.0742418602052
-0.106747088873
0.257311756507
0.0188437428028
0.696453120873
0.288272646262
-0.0913119208501
0.242249635124
0.644846539703
0.0347225786272
0.322217229125
0.0122167542533
0.27262545959
0.681734118762
1.0
0.379230691338
0.597610806042
0.282534261553
0.225966305398
1.0
0.342959862903
0.0937433482406
0.393954774216
1.0
0.37918293023
-0.138942655126
0.29283633331
1.0
0.300499461215
0.00219216313704
0.462663846077
0.182914646468
-0.0157804247933
-0.130739549203
0.501937877577
-0.0439968352471
1.0
1.0
0.516756445558
0.471907713101
0.0245144055572
0.252386615447
-0.0245853199193
0.242133423184
0.277811062535
0.141751288026
1.0
0.174059176233
-0.146121462631
0.0221643667516
0.00688323140691
1.0
1.0
0.408099730283
0.0950652329011
1.0
0.183456702007
0.115511016466
0.170987345037
1.0
0.287296309575
0.390621740435
0.00361280378969
0.236069628662
0.352846220725
0.451955094878
-0.0054629044225
-0.0054629044225
1.0
1.0
-0.054197815375
0.100315435569
-0.0222195410985
1.0
0.101618213263
0.470891973108
0.543123171613
-0.110415802896
0.413768556939
0.173402557261
1.0
0.369962812354
0.139457609697
0.134298091051
1.0
0.0572640133049
0.242420538489
1.0
0.131763419576
-0.00520919187556
0.307730049431
1.0
0.0912277648265
0.242631856578
0.276194975581
0.215797151277
0.0985324850325
1.0
0.24674227488
0.108001287137
0.229448011983
0.256210096726
1.0
0.256280852212
0.39846318791
0.373146984532
0.324889943258
-0.126818529557
0.196648400665
0.348217787468
0.0184523850009
-0.00597700621953
0.203965566518
0.347478356406
0.356229035812
1.0
0.0402793553381
0.0645580172675
0.183885570472
0.585455110645
0.239025700936
0.0181423230758
0.204696655124
0.344365428934
0.198931992906
-0.0454390691318
0.0910974631101
0.202936857103
1.0
0.473462563628
0.119939236661
-0.0155503458878
0.120982329938
0.523154974372
-0.160316862193
-0.0102842685498
1.0
0.290003290813
0.263688685766
1.0
0.379182889549
0.0197188023249
0.017994225063
0.0261520178617
0.103594001722
0.298486332487
0.395382299684
0.0799630465842
0.136802793599
0.0963585820615
0.400534518101
1.0
0.299712158279
0.0964167419154
1.0
0.519567584662
0.0383558240244
0.350591607361
1.0
-0.103896521171
1.0
0.550136724542
0.266632172211
0.0732711577744
0.112371744972
0.0456298100701
0.0522026369435
0.181071545732
-0.0366733647617
0.0411632330246
-0.094643178076
0.213803301483
0.29071040489
1.0
0.0815083708325
0.300479475349
0.342204788218
1.0
0.109336239588
0.247784798375
0.0209088827905
0.219195285292
0.28265507035
0.0815008480349
0.283999243226
0.25290331675
0.0827836482649
0.352290820072
1.0
0.193288881292
0.3105716331
0.18252109959
0.198174650845
0.0621241323841
0.446444659151
0.0462984628655
0.123602929409
0.424728577193
0.000312572318985
1.0
0.583488773906
0.583488773906
0.308308011218
-0.0417039925688
0.140514584632
0.0497494479837
0.432079063015
0.148585751383
0.166350346559
0.286563871483
0.499156713816
-0.01596943251
0.308407101363
0.409267415817
0.159411429093
0.0712710596793
0.220875517794
0.106811636309
0.0227723360627
0.29927799987
0.0617258217803
1.0
0.370178324988
0.250494794044
-0.147242852957
0.205723803652
0.463464602894
0.0684486387654
0.107929305849
0.239104255142
0.0257508773488
0.323375194994
0.0133169244866
1.0
0.126845137555
0.262460834575
0.274809143924
0.19973887743
0.0214899896762
0.13458813756
0.312990793007
0.293674918837
0.227533439782
1.0
0.235071777071
-0.139751671575
0.0805432498728
0.27900625401
0.027502640824
1.0
0.203348788528
0.187871375543
-0.15216855425
-0.031377600578
1.0
0.507792563855
1.0
0.447727131
0.299615593316
0.260970206758
1.0
0.259080675138
0.369721924766
0.196382294462
0.268396995148
-0.094193432866
0.105394642063
0.119479583388
0.305449799524
-0.061632157197
0.582288203119
0.292376532838
0.0492184948771
1.0
1.0
0.663016500728
0.631471666116
0.259026136344
-0.0560996099618
0.0859338534583
0.226673102181
0.352701124258
0.0588092762603
0.342090672909
0.079802789295
-0.0321726226626
0.30692721663
1.0
0.269883671036
0.110209639803
1.0
0.303012977302
0.472938908199
0.391310235033
0.426570384053
1.0
0.106232539248
-0.0510922407085
0.286621754152
0.247549779788
0.129126420145
0.127727443143
1.0
0.0895458665667
0.022684247544
0.103146042832
0.599592137791
1.0
-0.0293457047711
0.377294453651
0.219761343269
0.238433427697
-0.228221398384
0.260546857809
0.295134960037
0.127044269591
1.0
0.259506642089
0.222677798624
0.587800186354
0.299679093499
1.0
0.342816019097
0.54685716205
0.380576728637
0.380576728637
0.0448719650368
0.408730424538
0.294434699599
0.660390424876
0.0612314307919
0.44890155284
0.683669685741
0.2493097667
0.175179464799
0.202928884178
-0.0730252729156
0.238101135925
0.40671293444
1.0
0.230577059488
0.256697463366
0.401606923095
-0.0168096957657
0.123085909412
0.0490965733488
0.158532676232
0.340310424204
0.386972669525
1.0
1.0
0.580143546911
0.633319942967
0.18087639554
0.317346416339
1.0
0.200029384779
0.185047096442
0.306975246221
0.0687350295852
0.260991000385
0.00738880492107
0.00317769894255
1.0
0.331044072266
0.352528066469
0.392967771556
0.0297342728361
0.0964744401139
0.0479585668866
1.0
0.313123198882
0.192662830398
0.0716214325753
0.0716214325753
0.0162614809793
-0.00639204351603
-0.0869913945487
0.0489603604103
1.0
0.230984065694
0.165052473697
0.172297184248
0.172297184248
1.0
0.374353612109
1.0
0.147110880274
-0.0820177865858
0.282038725831
1.0
0.176071326201
0.244809520417
0.291090246128
-0.0277647898396
0.360195650244
0.0411434619169
-0.092918425126
0.286085088683
0.167280159358
1.0
0.0331875200276
0.163498560598
1.0
-0.170497414676
0.0811429005603
0.176516505034
1.0
0.214086719471
0.369875524923
0.476897172294
0.239501727462
0.244238364263
-0.071618751512
0.183113942074
1.0
0.0247405272233
0.157281868983
0.125192082104
0.135665129048
0.169629619109
1.0
0.503344579867
0.384282655193
0.657149101306
1.0
0.396018726293
0.012955655886
0.230817019256
1.0
0.364696359491
0.331930796464
1.0
0.234929510335
0.366040533834
0.0951160434267
0.284684003307
0.652743301461
0.237485851038
-0.0238609987305
0.509044506166
0.429537150819
0.579480984188
0.506142243196
0.0788922773084
0.429224829165
0.233439927008
0.106323454786
-0.0361906098968
0.2196696069
0.277656607646
0.704018001189
0.014112901349
0.506231632783
1.0
0.0697771302428
0.241976390463
0.0844523863436
1.0
0.0084503249199
0.440249202309
0.0802865824844
0.529876006477
0.340204034508
0.0694531388678
0.0224679038485
0.443063412913
0.488581375447
0.095508549201
-0.00415393227131
-0.0441885511696
0.400641993554
0.441301660884
0.261886653231
0.505300967336
0.488136375215
1.0
0.450478522479
-0.0981854851195
1.0
0.143233347149
0.382860334714
0.193487339899
1.0
0.326543664716
0.403238384502
0.22934678218
0.183146596808
0.214430676527
0.438729104986
0.480889268892
0.428760610043
0.772083076484
0.523986583161
0.0218809574895
0.333573353865
1.0
0.213361716861
0.143741961291
-0.031324563652
0.245939887381
0.0809864853397
1.0
0.47171006405
0.414348251402
0.00878345684393
0.0315252321974
0.185798637978
0.214450126667
0.166208296084
1.0
-0.0507002561047
0.132792254387
0.250095076392
1.0
-0.0376321763922
-0.0180310608666
0.182893761354
0.280003879058
0.126306558029
0.18570908297
0.355426998261
0.231471315079
0.0199674912127
0.06126410187
0.0773653275812
0.05954089273
0.0238625094709
1.0
0.260995892548
-0.0716827346174
0.135451688358
0.228072939933
-0.182180916485
0.143899970931
-0.174845010654
-0.0431721149601
-0.113692298262
-0.00156117845149
-0.0360511082235
0.147389576406
0.0102055356947
-0.15789435825
0.132442106302
0.133605846102
-0.003917883913
0.0132841152731
-0.0040409680009
-0.0302766807551
0.101195494255
0.0644834515763
0.187383032269
0.217861051557
0.000533457829437
0.277335314687
-0.0541357085375
0.174171926445
0.108604254361
-0.0423799994388
-0.0404144027611
0.0602358824091
0.162194744568
0.000469876349309
0.0737359636454
-0.10559881572
-0.0817831638017
-0.0164051372014
-0.0872649425838
-0.109839932872
0.0113755096695
0.32019942859
-0.0753676424394
0.101081488066
-0.0214592716419
0.0609620604234
0.112276926274
-0.159987214931
-0.0386503869547
-0.0895832663349
-0.164676503559
-0.0793625193829
-0.225379510764
0.152056218519
0.068647253906
-0.0256966611209
-0.158653143927
-0.0480264037035
0.0673508508608
0.0540238838948
0.391624730123
-0.093868708218
0.137739122085
0.0563337509457
0.240688289911
0.152015989159
0.0287593193815
0.0283467495744
0.112789084955
-0.113485087746
0.0741042248994
0.0625059632289
-0.112606370046
-0.210469687275
0.0260947835284
0.0473531087957
-0.00767521268344
0.00731254764374
-0.101976359608
-0.143768911248
-0.0577914604199
0.142056280855
0.0964577390067
-0.0884338198609
-0.0178243138294
-0.0629146565563
0.102868934136
-0.0388831637666
-0.047638647858
0.0894855495157
-0.00635024190294
-0.0232209709485
0.0924738814003
0.0553236261596
-0.215182830676
-0.0340961571198
0.00291992164717
0.217141369222
0.0519682318468
0.0288103704652
0.0500006395088
0.0661234432138
-0.0305620978139
0.0293254162792
-0.0201941708602
0.0470514966663
0.2410581289
0.0588985839565
0.240224924928
-0.131075993198
0.176235905486
0.000655878664947
-0.073666517151
-0.194825634102
-0.0853356727033
0.139287251807
0.105309201939
0.0515811711164
0.0723530789408
0.0870046597874
-0.0493394048223
0.161413402681
0.0789731106616
0.0589951082409
0.223985304411
0.0667098170655
0.208073813246
0.00108947930181
0.108125957383
-0.0435475557315
0.0652260859877
0.00187643218199
-0.0053484114631
-0.0714432173936
0.181144141987
-0.11781310949
-0.0247475782669
-0.0936288431286
0.0468451878656
0.130363458601
-0.0241832630753
-0.106527031165
-0.0163300718108
0.0657138266868
-0.0701163073711
0.19676143738
-0.00306638817572
0.0391920983596
0.237336841258
-0.183324988816
0.0560767781887
0.163843961822
0.133885375385
0.16011284817
-0.109677200902
0.0761301682138
0.103757691027
-0.0514299421054
-0.0287877554071
-0.00642043008355
0.0163573042913
0.388553628097
0.454655462872
0.348171978784
