0.0374483854812
0.102398532182
0.0353871583017
0.753701330283
0.5610931296
0.284789948052
0.74322513458
0.434688273487
0.587336869738
0.135951973871
0.510927812337
0.467232313126
0.325891845545
0.574544495871
0.287402178646
0.161632321943
0.0575662818509
0.377160121573
1.0
0.355593303023
1.0
0.435986388148
0.184668110734
0.168957089747
1.0
0.463638319415
1.0
0.22343701271
0.175872524295
1.0
0.094803336798
0.230667022406
0.577046245186
1.0
0.233923784725
0.284020412461
0.161170037253
-0.026885040183
0.455449367022
-0.0448104199629
1.0
-0.0558894560157
1.0
0.0058388369756
0.335528610319
0.11202475374
0.421001603868
0.110006115865
0.0830715998955
0.0141552815104
0.5325671115
0.0669685211637
0.187689418171
0.224881817623
0.676864400442
0.133199031831
0.328235464417
0.164033968855
0.32076018203
0.0496215624576
0.482140505883
0.285747610178
1.0
0.0588070351268
0.173679395276
0.256393055194
0.37496604381
0.183004633624
1.0
0.189367544717
0.189731242469
0.383879216417
0.228974605873
0.33994536202
0.203947230105
1.0
0.319467884603
0.062225894167
0.227590549435
0.141627258215
0.190844581187
0.422259499463
0.444951982699
1.0
1.0
0.0810411882542
0.667443391911
0.0914263735646
0.115527836561
0.204307820325
1.0
0.302168132089
0.046697013316
0.0939503612853
0.110866379476
0.128176592214
0.065473863179
0.185434615054
0.157408786127
1.0
0.079608973623
-0.0394230420907
0.427346253535
0.0147194598559
-0.0790816769809
0.607811167861
1.0
0.554504130145
0.0984624626009
0.0536400833583
0.557374373089
0.180534474224
0.309631056954
1.0
0.267288617114
0.100320036849
0.306586927965
-0.0722812689066
0.236668112596
0.311944968807
0.233586955643
0.172361986786
1.0
0.123674741673
0.66825003196
1.0
0.119701372719
0.120315258509
1.0
0.098780901498
0.376897530258
0.448501836473
0.0464172594743
0.0282822227258
0.072618308864
0.520553865886
0.199361871346
1.0
0.0576007792311
0.283732358759
0.203172850608
-0.00929580552079
1.0
0.347438337917
0.164416718257
0.339930770227
-0.0347764515263
0.120996831737
1.0
0.389180085211
0.225631756484
0.200025969483
1.0
0.0836949379762
1.0
0.14849968468
0.145841471532
1.0
0.119247567542
0.0272400125505
0.340790249006
-0.0374848513391
0.427722276325
0.267569233609
0.285379920549
-0.0281132868628
-0.018760333673
1.0
0.00259625031364
0.0755126258742
0.287004340693
0.0497686126117
-0.0214490348585
0.00210133781718
0.22091851229
0.0456707664614
0.0989236903358
0.00655472790486
1.0
0.368567738869
0.349168730681
0.11362662541
0.00654821844088
0.12094533144
0.175477040474
-0.0157587007685
0.240838437535
0.40631630807
0.24992661536
0.508267139471
0.0386474277408
0.200714487204
0.251531412322
0.255165085346
0.190355763935
0.501045168617
0.284209245847
0.376105544244
0.128861673011
0.174965979198
0.368572981539
0.267100237926
0.351555447957
1.0
-0.0475640885925
-0.099322737675
1.0
0.149636211696
1.0
0.385829814881
0.356461047513
0.0678223903472
0.422387534234
0.118748732644
0.494102602977
1.0
0.155643725078
0.0365149888965
0.517536448776
0.102459419644
0.15854509136
0.504463147619
1.0
0.0457788179241
0.150862928053
0.0784791615867
0.450308274926
0.367448721423
1.0
0.218177494611
0.375867247571
0.475437909011
1.0
-0.000834789128982
0.0279394198357
0.148328600417
0.719291761892
1.0
0.0247285837927
0.0543441048407
0.300783060106
0.0967038443753
0.556635468945
0.320807712545
0.351594339937
0.462250467338
0.272902287139
1.0
0.281244023537
-0.0105747265207
-0.0803807130383
-0.329823391292
0.107054149697
-0.0461638813928
0.288945200829
0.223023078604
0.194093389113
0.250739336052
0.377898222719
0.72672244001
0.224436836358
0.142429204565
0.0285488764235
0.271718497326
1.0
0.249178950501
0.328921212014
0.328921212014
0.260472884368
1.0
0.0991283047579
0.1469735547
0.44983088844
0.366824461222
0.423304639714
0.165341553968
1.0
0.29853365315
0.150791655423
0.339817510719
1.0
0.248703056381
0.307378117008
0.09820221827
0.307539717785
-0.0181494519153
1.0
0.0396086291376
0.27409019776
0.144415897336
1.0
0.0734180212434
0.110808393259
0.409796758001
0.132340167949
0.344486877872
1.0
0.126716718134
0.0622082425073
0.329424169445
0.0876297329729
0.259175588656
0.126592536825
0.190892076441
0.464679855052
0.232407497123
0.378922548775
-0.0562314589984
-0.0206058383812
1.0
0.0586331277694
0.540859965517
0.358244256429
-0.059165787269
0.217886588227
0.254897794549
0.480182954145
0.480182954145
0.264171374573
1.0
0.290861114512
-0.0291358181425
0.449305740875
0.163163970868
1.0
0.206458190706
0.261635699853
0.147041355839
0.353547069734
-0.0285576979136
0.12864788182
0.119341337135
0.105542271611
-0.0548188254029
1.0
0.395892472136
0.21917941243
0.0835202578125
-0.0580902516679
0.0997276925939
0.00209899905094
0.386684886084
0.391296791889
0.506672694963
0.481667258687
0.155496769602
0.156431690892
0.692728018505
-0.00154197991497
0.244069386803
0.256753006032
0.516625740172
1.0
0.453365613053
1.0
0.118618906962
0.1349091377
0.267535816686
0.035515546019
0.19625580114
0.206249355956
0.296427522826
0.207758006098
1.0
-0.322837379082
0.0778077486728
0.0844220356929
0.0869218686619
0.187150737178
0.304799449234
0.256644574703
1.0
0.0963348221733
0.295042282149
0.180007722942
0.00259625031364
0.0244607861121
1.0
0.0405834131746
0.712372454287
0.0226726186653
1.0
0.711865535556
1.0
0.149047781909
0.0978852726893
0.408291936619
1.0
0.212595157446
0.381921065204
0.0128201309746
0.156496817052
0.261427839824
0.349484030594
0.433092319557
0.133488064855
0.0512026432127
0.158115586952
0.494830101115
0.376002822102
1.0
0.105663177147
0.504604877932
-0.0403543882223
0.192012410878
0.224400931431
-0.142120747394
-0.0255832408515
0.103179269635
-0.0223676641456
0.0937854580508
-0.102870885169
0.0866924553486
-0.0541733610633
0.25145881548
0.0851924209842
0.476370568925
0.46393192071
0.0925497272096
0.0963983762454
0.185038238868
0.152045213455
-0.00325312489341
0.0768013947247
0.215297454503
0.10948683321
0.154852908691
0.324085517236
-0.12892715433
0.106243660099
0.17074615372
0.35945200208
0.0368608616732
0.089159029624
0.211267805986
0.374081132244
-0.0708857585833
0.213688316211
0.223457969567
0.161743427413
0.252667211009
0.151719563356
1.0
0.297914735027
0.0214515625723
1.0
0.0944276069141
0.32282040416
-0.0288773152346
-0.0595055813977
0.343239592675
0.0416002064236
0.0794026252719
1.0
0.122442978565
0.578519657051
0.568285211822
0.022651847824
0.210125984271
0.524107867867
0.130321570588
1.0
-0.00853231852584
1.0
0.136388353436
0.202908325987
0.278795140927
0.351695030022
0.119180222629
1.0
0.280280633509
0.178997428838
0.141861603985
0.202405758867
0.264679251951
0.200005166782
0.136761946185
1.0
0.326266898331
0.265190614221
0.33326147153
0.166414834943
0.139467955334
1.0
0.208022710137
0.168971635472
0.0794105070967
0.257270970627
0.301930134587
0.231609290219
0.218416726917
0.172929230494
-0.0494465207215
-0.0583135115337
0.135174533969
0.580464910405
0.0247073954737
-0.0738593866498
0.196169369339
0.164625800457
0.179203664507
-0.0223865091951
0.180320597132
0.391211883173
0.10907592715
0.206457285647
1.0
0.0861870384199
0.207268943177
0.207268943177
0.113562340819
0.113562340819
1.0
-0.0480001462529
0.0325673134685
0.124959100217
0.693229010529
1.0
0.19033831628
0.0756048201284
0.0450054509218
0.14243864897
0.417959447005
0.524741270357
0.233419639096
1.0
0.174433883494
0.634220967621
0.226604255606
0.302591074707
0.0510226956966
0.138555087283
1.0
0.11820232587
-0.0103621584927
0.201663279495
0.460611999077
0.228856413141
1.0
0.104394146465
1.0
0.312598505154
0.113457613525
0.0543110603409
0.392003386235
0.269906786438
0.196110331827
-0.0732582364215
0.431928916773
1.0
0.446891409964
1.0
-0.0848432857335
1.0
0.0560177783068
0.167866856163
0.0722561607442
0.0884670453798
1.0
0.0724659446739
0.0424612659246
0.230508800759
-0.0962393899784
0.217253454167
1.0
0.216843139541
0.320843358614
0.178615111544
0.110002219696
0.304104677428
0.43094642097
0.259123280758
0.176053530183
0.244633163073
0.011555967116
0.224818613915
0.169569585277
0.132669438207
0.246858623005
1.0
0.434890450736
0.254294906317
0.254294906317
0.286310310936
0.336410578131
0.068143896659
0.216970246133
0.102913629735
1.0
0.207785552899
0.124662003552
0.183296141228
0.301484667694
1.0
0.195554007642
0.351416115679
0.157971547497
0.269067434261
0.373948367232
1.0
0.270119006423
0.145350259609
-0.013416546529
0.0182290747742
0.0260761184158
-0.0786013882108
0.106419195316
0.471292399626
1.0
0.101780916362
0.22445968125
0.162983310062
-0.0237633952584
-0.0237633952584
1.0
0.0821052371763
0.201995365606
0.516281871534
1.0
0.239533435865
0.491451747574
0.222022276507
0.394618756416
0.128126612854
0.577394468538
0.033905823124
0.119134235868
0.153451965981
0.0484426770681
0.38393480071
1.0
0.239312734109
1.0
1.0
0.150218425574
0.0516161532195
0.0930214830117
0.104809619096
0.456151897573
0.477082914001
-0.0771770285274
-0.0309252091242
0.524929855682
1.0
0.155840364585
0.128996829778
1.0
0.181861562529
0.353124839069
0.0732687928955
0.0503428203079
1.0
0.331140911052
-0.0720441981632
0.235028842288
0.191503986169
0.0637378043908
0.120506025991
1.0
0.349032740627
0.127131929061
0.215440240262
0.0047777571477
1.0
0.0907661571756
0.131808844304
1.0
0.355488692827
0.0691578828001
0.155357953552
0.233862235835
-0.0237073518088
0.665187466809
0.714656480814
0.714656480814
0.512056536353
0.097782541032
0.435056761405
0.251376281824
0.326058385141
0.122122371053
0.283295364722
0.503196697266
0.371382497545
0.280996223372
0.108413801067
0.247499367038
0.0117417010108
1.0
-0.0682176440261
-0.062257039145
0.0477118752776
0.0472427479451
0.201105977568
0.164048346933
0.181659396655
0.0465639021295
0.17965237538
0.151264670217
0.476614625661
0.476614625661
1.0
0.0978094788536
0.266610527348
0.162568724456
0.528556294972
0.18886338988
0.184098031821
0.0100340306795
-0.0444828410426
0.159833448037
1.0
0.284673063205
0.466749643762
0.0536918427246
0.152616352039
0.173872731471
0.15092763171
0.469504481623
0.304433302477
0.236187006925
0.349027980889
0.235347723622
1.0
0.312985133257
0.150404860686
0.298057040792
0.224736188023
0.195943008573
0.503458195525
0.000201375223028
1.0
0.0359634699011
0.163810528251
0.512316983475
0.0228055235103
-0.0679124424986
0.00271474084031
0.00255733461506
0.0316242471103
0.074378424934
0.379922455798
0.529507607397
-0.0352052479309
0.125539199167
0.161422242174
1.0
0.169577013626
0.0412693951646
0.312005876768
0.451998742142
0.0275328845625
1.0
0.353729643366
0.225718145856
0.0783657060966
0.138174621415
-0.0517810784812
0.117861770593
1.0
0.275460415257
0.258820040484
0.223176028294
0.144596344278
0.211868316053
0.391183573262
-0.0256052551033
0.148812827413
0.132464807735
0.300073181102
0.157183232899
0.144380683556
0.107954905349
0.0659957518927
0.0552880456317
0.32982696071
0.251232201938
0.55730505587
0.224398703861
0.269072390035
0.253322054466
1.0
0.345004297264
0.00682706366669
0.115248875366
0.146380871754
0.269532338907
1.0
0.0289121713533
0.207056134398
0.0742320560037
0.638031461853
0.337005212807
0.312313306305
1.0
0.0111867314192
0.329235604537
0.269862010347
0.237387268439
0.203977507318
0.463442454052
0.585178033749
-0.00942332586501
0.146924972019
0.562344734155
0.288190428522
0.327680504351
0.136197546922
0.022276718509
0.454365425012
0.398340059724
0.217860919526
0.143602535975
0.383715817452
0.32549834018
0.123501067213
0.328852592529
0.28175791177
0.188759031503
0.472295854745
0.0651906867251
0.131815363562
0.320568833929
0.395371652367
0.343952896482
0.217630124229
0.20845606154
0.553369412918
0.323043263292
1.0
0.186540105577
0.066514602661
-0.024528657351
0.178938640933
-0.0165855000996
0.109328536777
0.0834634668197
1.0
0.0550068917627
0.528461876842
0.338494846746
0.0435044489786
0.0888878147023
1.0
0.327663877335
0.0267080257346
0.17700418281
0.0106791406637
0.198081313716
-0.0885375065725
0.347677027195
0.257211265846
0.118785372088
0.197387219365
0.672654478804
0.0124512962772
0.39912242817
1.0
-0.10010560871
0.0570730864132
0.316017930121
0.0967038443753
0.161138266333
-0.00316257916171
0.575722843871
0.575722843871
0.137266369142
0.126105779084
0.219505350723
0.436180198115
0.183576743686
1.0
0.344326966843
0.484164036932
1.0
0.151832580842
0.345147774405
1.0
0.50667481717
-0.223667414791
-0.0272704838624
0.109947365359
0.148697332663
0.0327187259698
0.0151087729938
-0.0249080262414
-0.103465782233
-0.0298650802574
0.599831508744
0.0765886756864
0.134488438193
-0.0418223866786
0.42207809175
0.261676674608
1.0
0.0568331810648
0.132943552419
0.204754180871
0.240965049584
0.025466655733
0.332796121785
0.0578975787199
0.589001998426
0.0339314981479
0.139858924821
0.351416115679
0.225446154777
1.0
0.104680354962
0.142983068841
-0.0433958782345
0.246634383706
0.342243946586
0.235866663687
0.380134679118
1.0
0.0791123265118
0.367645564556
1.0
0.183157296905
0.288284328949
0.122975976736
1.0
0.12229404604
0.00461042581712
0.11299748099
1.0
1.0
0.0581184245548
0.302656037546
0.494404066837
0.35007545919
0.190400247366
0.21479309843
0.0645810161894
-0.144972161827
0.097404010214
0.224758277026
0.111106448845
0.40263302848
-0.00937860821181
0.216191534232
0.346933767816
0.270119006423
1.0
0.213724039046
0.151278796896
1.0
0.0860030507709
0.21771780802
1.0
0.211019500329
0.321073177321
0.237796699816
1.0
0.141217639652
0.0677241230486
0.305184093678
0.00117760175763
0.44422601686
1.0
0.123920705868
0.313190699486
0.252692920046
0.488240233115
0.196349453196
0.105420755133
0.0410750354321
0.267136547646
0.0302015026394
0.338250180582
0.388457490675
0.439187801986
0.627865423451
-0.0253128833096
1.0
0.524112431106
0.41053830477
-0.0574635909125
0.780532307777
-0.0910614396376
0.0405796796077
-0.0376865940075
-0.0958345214998
0.241439390994
0.0815283194037
0.442055119001
1.0
-0.0722472132258
0.400476392331
0.156312415586
0.328183694643
0.171028401246
0.1717034917
0.0011151270978
0.333549307584
1.0
-0.069440654857
0.155666712241
0.0677019891067
1.0
0.420708304667
0.287535477609
0.0773571136721
0.388385649403
0.314403625841
1.0
0.0357069135949
-0.0250144502835
0.165013773782
0.25792920142
0.383942135506
0.372687019647
0.0
0.623219514468
0.255315937417
1.0
0.0438075617815
0.00282137585559
0.689476617238
-0.0389695174547
1.0
0.268452129356
1.0
0.188792216555
0.104794481622
0.116854316946
0.188213366611
0.347978326779
0.338459677338
-0.124836956082
0.112802101998
0.0760095467665
0.2003705459
0.0831216542211
0.131731210352
-0.105051031935
0.181734764394
0.176310175687
0.139106963014
0.174621727363
0.270378822107
0.20973898922
0.267288617114
0.660198304155
0.243142966152
0.29238508593
0.403782239903
0.149661549854
-0.0224363963046
0.11108426644
0.0266999244893
0.228220589531
0.347786830126
-0.0209591782824
0.111516777623
0.17754848422
0.165505237175
0.0563055054682
0.870760006146
0.184470182325
0.265827455845
0.212715506039
0.584530510384
0.312811142487
0.625064104799
0.0349817231147
0.0743977394532
-0.119426966468
1.0
0.663205134204
0.0417170712252
0.0871986289879
0.321449728902
0.389212718362
0.431213600334
0.431196410154
1.0
0.572926596349
-0.103797795943
0.15438044239
0.300830467591
0.365576791778
0.364899240141
-0.107656164764
1.0
0.571827749503
0.150188184435
0.405098827087
0.0565268235172
0.320096440427
0.0991037612239
0.283223946824
1.0
0.212430623503
0.301483078093
0.063486897701
0.000884848470674
0.507282140822
0.425071122004
0.0804746428766
0.103840755089
0.404857357529
1.0
0.468617265349
0.468617265349
0.0046211236731
0.413879177066
0.230238964555
0.144433382856
0.472403577372
0.505168848961
-0.0789582303003
0.355304556232
1.0
1.0
0.000410632076932
0.0900949450162
0.0245701416782
0.169392742158
0.327473245771
0.170907706094
-0.0203775223292
0.21726432655
0.195863818693
0.301938729902
0.301938729902
0.286120540952
1.0
1.0
1.0
0.0646362486258
0.115983407949
-0.0102619778852
0.470801644419
0.0886134890121
0.30739502176
1.0
0.110933841115
-0.0598281786893
0.380656905389
0.302980892435
0.450142401956
0.0617764093757
0.20181750889
1.0
-0.056456453677
1.0
0.205432699116
0.0693080663767
1.0
0.237416347342
-0.00991475150916
1.0
0.371617130829
0.0314028677333
0.141850357215
0.028790283365
0.0717891696359
1.0
0.124755282414
0.323955918429
1.0
0.213248656973
0.0324476536682
0.0045887474555
0.0903212169535
0.680006295155
0.350552831683
0.126601089847
-0.0730051296742
0.153205856385
-0.00739493750961
0.278285517007
-0.01373200314
0.17763600484
0.0165644812661
0.169358544934
0.480074966292
0.309993992549
0.173484361206
0.685759466933
0.22123119647
0.228608358387
0.00756482765078
1.0
-0.09102585998
0.0760004826942
0.107527414482
0.342731525381
1.0
-0.166011097543
0.45908327337
0.402237064706
0.0814156776784
0.234932605859
0.374839914251
0.179336857664
0.226855678379
0.0305476302913
0.445099651761
0.194558642649
0.264559712312
0.19311225928
-0.0344651592718
0.0254543509808
-0.0683597810612
1.0
0.415797245283
0.384099045141
0.127009387962
-0.0793195608369
-0.00706975828531
0.145476996585
1.0
-0.104535218722
-0.0598272344977
1.0
0.124052044893
0.468254200188
0.0916766837483
0.199638494849
0.153730378346
0.356561367253
0.265685931905
0.0760886200616
1.0
0.376173157514
-0.0867703036502
0.197601750977
1.0
0.26277358928
0.234003025881
1.0
0.516465827371
0.292763092245
0.262236368245
0.017993298725
-0.0550806961994
0.274596860317
-0.0536127669763
0.0695242654152
0.46769101761
0.562782664411
0.218421986848
-0.106422184417
0.141298347958
0.127057355719
0.0255388216382
0.141896540018
0.179543138957
1.0
0.0550021679872
0.18359280571
0.584891610418
0.00746198765517
1.0
0.233255123926
1.0
0.149036928878
0.17813314012
1.0
0.235247602142
-0.0799649958184
0.392115294389
0.53065962915
0.128789111961
0.0452361386444
0.241564591793
1.0
0.165894068198
0.343674968143
-0.00997028926077
0.125773639132
0.2385020877
0.108607376358
0.401718268447
0.378893690499
0.0480639317108
-0.091950984737
0.162123650879
0.0552266839352
1.0
0.0263192474245
1.0
0.337409128056
0.137519023385
0.207365552491
0.36515481706
0.630779233223
1.0
0.336334037725
0.454317401422
0.493593620643
0.475114491836
0.161704753211
0.180629917074
0.554422441413
0.164898248164
0.3865849283
0.070702813526
-0.0948075182482
0.214289544826
0.118875521605
0.594451654504
0.594451654504
0.245827854067
0.0143064979172
-0.0960819263596
1.0
-0.048875459321
-0.0925019890951
0.206951838956
0.00686261276717
0.676112213227
0.260201025546
-0.0593709425968
0.223453144207
0.608948052303
0.0436919033276
0.307868322742
0.0109786775103
0.27611976028
0.706990784907
1.0
0.371980535987
0.570670421822
0.263497193894
0.211018066811
1.0
0.299644788403
0.0697240482587
0.377013286055
1.0
0.373227763664
-0.126578682184
0.263704795258
1.0
0.287801368966
0.0215065098686
0.452873598572
0.17163704907
0.00740011207786
-0.0895808189034
0.480730334554
-0.0360095730019
1.0
1.0
0.499954620917
0.447687534614
0.0236483009482
0.253808015013
-0.0159952992903
0.216820094581
0.254408240384
0.14206825368
1.0
0.161636069175
-0.13353372728
0.00776158592918
0.0342512603719
1.0
1.0
0.403065507001
0.100358567304
1.0
0.155092143023
0.0853558824596
0.174291623626
1.0
0.274643428045
0.365924485026
-0.0088236310695
0.226590841785
0.339383330799
0.405630056169
-0.0141686030831
-0.0141686030831
1.0
1.0
-0.0702583093782
0.0964364411775
-0.00139555206268
1.0
0.108313603936
0.433928242451
0.50194548785
-0.0821465261067
0.36373038093
0.164878563504
1.0
0.342618832386
0.151298083775
0.123614748991
1.0
0.0458256467563
0.224700374258
1.0
0.137155151003
-0.00570689298266
0.300792257906
1.0
0.0833358526688
0.204993309156
0.258575521687
0.225435724931
0.110919653858
1.0
0.229529125213
0.0963227338445
0.243234655718
0.251966541273
1.0
0.247417781256
0.388481830673
0.348885789094
0.305340380172
-0.0832687789857
0.178405996532
0.323964822603
0.00686509742637
-0.00694938233942
0.170497661767
0.327730932008
0.330534073314
1.0
0.0209092233025
0.0600464987442
0.153935839397
0.535853538666
0.201790791415
0.0243880199637
0.200700077081
0.317556046315
0.180534474224
-0.0313321811571
0.0677113897364
0.190912294909
1.0
0.46794794329
0.110002219696
-0.00324502022498
0.10247509178
0.509855830795
-0.168828595636
-0.0342502550883
1.0
0.267363026761
0.326796025799
1.0
0.349381462953
0.0324096829148
0.0260159311748
0.0435527354493
0.0894408585579
0.260560623818
0.342518645633
0.0581375904276
0.135973094136
0.0797379502344
0.369064885799
1.0
0.278781943422
0.117793943398
1.0
0.504597634819
0.0330529095284
0.345433678644
1.0
-0.0885890226339
1.0
0.54908269164
0.230699605478
0.0606969877782
0.098780901498
0.0203404836957
0.0404638305637
0.167796305635
-0.0177151760004
0.0532636430774
-0.123637819573
0.240737323817
0.262590379187
1.0
0.0924012444203
0.25481752007
0.31807000986
1.0
0.0687667001201
0.229288239005
0.0176135728014
0.203156007452
0.289183986303
0.027359022523
0.292801166487
0.22655224047
0.0977594013483
0.334079457699
1.0
0.188696502
0.287235594326
0.185130491165
0.198682482178
0.0668087524821
0.448433218053
0.0503381912444
0.116922994066
0.378270573643
-0.00799971008636
1.0
0.565729086114
0.565729086114
0.283555212663
-0.0539704350667
0.136060396118
0.0295716142251
0.432139791614
0.137405914653
0.134629697896
0.260346288712
0.490363041729
-0.00510089443308
0.279737273177
0.351481277441
0.166508607027
0.0678939830925
0.217333797796
0.102633579918
-0.0196896141642
0.231849337524
0.057299146676
1.0
0.354540329586
0.228440999288
-0.132585080427
0.199544851022
0.427377577068
0.0474135838508
0.102566450289
0.222758588402
0.0303208538912
0.319891905345
0.00831029541346
1.0
0.140034691271
0.263522859056
0.247123213754
0.16965473433
0.00956284054687
0.14620998226
0.283931941923
0.284526914663
0.216236920959
1.0
0.205314085726
-0.136735982048
0.0803055665988
0.257053811724
0.01982608132
1.0
0.156959708938
0.180348158203
-0.146089910056
-0.0310385885468
1.0
0.513058513616
1.0
0.442603267558
0.260210558444
0.237218998694
1.0
0.255348920657
0.319836877633
0.159067414613
0.262670329759
-0.0572569629254
0.0728347386143
0.120610779256
0.27147001923
-0.0868519234996
0.528039483004
0.278090516273
0.0519182336685
1.0
1.0
0.620515035584
0.607811167861
0.222764432795
-0.0570871697887
0.0709966802289
0.172297479039
0.334569696721
0.0574073021004
0.340826231417
0.0907606122343
-0.0410665705013
0.278145072651
1.0
0.254557017195
0.101119329875
1.0
0.301686053777
0.456636548607
0.386729639417
0.433617566149
1.0
0.112411445745
-0.0682952361004
0.288952111886
0.246791954786
0.126944984489
0.0950292167484
1.0
0.0687348790643
0.0290441652078
0.106292220192
0.561969176153
1.0
-0.0190109193553
0.339396913956
0.204965225721
0.21776623481
-0.200826325538
0.253648850211
0.265320607001
0.116268098772
1.0
0.259301779641
0.215538562952
0.573793637576
0.299597806596
1.0
0.34212358778
0.515353620206
0.369742896924
0.369742896924
0.0163572163068
0.369880056802
0.291261793793
0.627888380743
0.0463539360816
0.443126969056
0.660942989148
0.237275212457
0.165080430107
0.214880827627
-0.0543236355777
0.239769894117
0.367251139895
1.0
0.209636360546
0.263673177846
0.394809623976
-0.0247421913153
0.115307126783
0.0253424437891
0.145972729402
0.319042205602
0.38280223119
1.0
1.0
0.564788896602
0.603487218283
0.182441107351
0.289786818951
1.0
0.166973129519
0.164610131567
0.299358353548
0.0471190020541
0.230953764327
0.00127417296833
0.01219119296
1.0
0.30030501246
0.335054996704
0.388588747315
0.0328209174419
0.0446278505735
0.0863723594702
1.0
0.307679955214
0.181266647459
0.0740237219893
0.0740237219893
0.0145862955632
-0.00775677972052
-0.0699380525055
0.0313829154535
1.0
0.222511325174
0.157962620097
0.17172361731
0.17172361731
1.0
0.365872435691
1.0
0.146534502625
-0.0499346671532
0.25797833118
1.0
0.168113000676
0.249114149371
0.280728354855
-0.00731518510013
0.333214935441
0.00326359360289
-0.0624512127731
0.26273477931
0.13032966053
1.0
0.0196702597625
0.156608003768
1.0
-0.147921748089
0.0696901078718
0.154072252363
1.0
0.237263242951
0.371072478911
0.484140774921
0.24772823474
0.24234410031
-0.072149957807
0.186106633299
1.0
0.0284895695106
0.110291464178
0.124186922456
0.130882452251
0.169809529261
1.0
0.482856510449
0.373152119173
0.663482440662
1.0
0.357411507644
0.0269258722324
0.223872364199
1.0
0.361224838141
0.3145263687
1.0
0.244716117795
0.357425502692
0.111166294925
0.260170061411
0.612279583451
0.220730107683
-0.0302899497922
0.463819781795
0.406489906212
0.498383840304
0.480351248586
0.0486892398879
0.417761335496
0.199948741746
0.0871794867933
-0.0260135174594
0.200423773436
0.252194098562
0.672654478804
0.0148165509967
0.469483028033
1.0
0.0639799579737
0.237157415348
0.0625008926589
1.0
0.00427969920737
0.416126711826
0.0573603896559
0.491986416441
0.32609926694
0.048236496619
0.0186872653009
0.423625566865
0.461604887461
0.101088978856
-0.0249080262414
-0.0300322862677
0.382980127745
0.418529469613
0.255344383214
0.47214013115
0.458673232381
1.0
0.442757268117
-0.0984446744259
1.0
0.124352200039
0.351335644049
0.199092395008
1.0
0.305257038364
0.394873971062
0.217792598398
0.158804779162
0.197455840754
0.410218157977
0.464964526499
0.400350291144
0.731528919269
0.492693672591
0.00590637242903
0.32999927895
1.0
0.224368735181
0.121989520634
-0.0181804427173
0.202845679711
0.0547374350703
1.0
0.480905829032
0.407030630534
-0.00974878395938
-0.00672741375593
0.174920476566
0.217947383503
0.141230935501
1.0
-0.0382574671726
0.12372319628
0.246425025429
1.0
-0.0310747929798
-0.0128094890088
0.178116993479
0.284744285145
0.127529032416
0.138908931019
0.37839727866
0.217472957455
0.00486438170576
0.0777218271668
0.0898107355003
0.0803788441553
-0.00566432511879
1.0
0.245634066619
-0.0599722973596
0.154642238445
0.229761215651
-0.166639380068
0.149788513456
-0.144066734275
-0.0384127408702
-0.0999774072617
0.000176219659746
-0.0160054069826
0.117762552484
0.015613454148
-0.158819278281
0.130446691382
0.158006952805
-0.006428922831
-0.0162702377124
-0.0144114859691
-0.0399340822025
0.112845411069
0.0633811283901
0.179109638643
0.210970025646
0.0137421970736
0.284568461856
-0.0219376752542
0.171547259795
0.0796025215467
-0.0194955355683
-0.0444280127044
0.0669515674448
0.156047225701
-0.00452551151509
0.081367292919
-0.106826993628
-0.0781223035487
0.0557930681427
-0.0847763365977
-0.109290201311
0.0158586108973
0.327520867718
-0.0606344578435
0.0865105059149
-0.0362514084426
0.0948847829143
0.0821652105603
-0.152857387284
-0.00839259577149
-0.0929493555749
-0.11292240881
-0.0643528213331
-0.197684873297
0.130473252439
0.050751627575
-0.0264398925023
-0.15428330398
-0.0404612397671
0.0450638203887
0.0630389549438
0.367471936758
-0.113994033621
0.137805491974
0.0641651981305
0.220278566706
0.154587878769
0.00565238778483
0.036446889962
0.0998198746843
-0.125011321757
0.0839436002195
0.0284708266379
-0.083561864281
-0.202859609687
0.0150931233722
0.0556885079383
0.00592432328474
-0.00646927984589
-0.118945533836
-0.144495577862
-0.0601491405937
0.151087984774
0.08440827853
-0.0731405739722
0.00358779391531
-0.0715566489724
0.0929288144691
-0.0212451533545
-0.0204679657357
0.0825491767253
-0.00878793505783
-0.00589859188265
0.0798348216327
0.0660349532502
-0.200643913058
-0.0250856315929
0.0136332609985
0.195869223882
0.0455533605297
0.0104149013938
0.0527784237191
0.0258375472713
-0.0150059427459
0.035923355926
0.00434860685006
0.00808781191209
0.217954826441
0.0489605965364
0.23860527573
-0.123239649227
0.158335039041
0.00883553109364
-0.0524773496995
-0.166034999904
-0.0857388188641
0.155640853545
0.108107777803
0.0604191542349
0.0498479418083
0.0868727882574
-0.0334613900948
0.130304186231
0.0606139459128
0.0534190551932
0.217556693867
0.060234478552
0.20239154357
0.0146456191372
0.126960166833
-0.0278463123487
0.0490586186479
-0.0277723163111
0.00190653998801
-0.0662922214452
0.154957594116
-0.116383031832
-0.0287607477272
-0.0954434780779
0.00789645395281
0.108242971174
-0.0314441763638
-0.0924713152108
0.0332344287729
0.0585196324678
-0.0489520893176
0.180445008685
0.0172464097787
0.0808971252731
0.196772154198
-0.169061659093
0.0322460535574
0.127808162583
0.131177413525
0.144281112824
-0.097355821713
0.0653094657939
0.0729303355912
-0.0454014184842
-0.0270913432002
0.00621458868997
-0.01719374817
0.359430822052
0.426093487095
0.356783137049
