0.29018121623
0.261856661588
1.0
0.384551493851
0.432357760415
0.417354599861
0.409292090577
0.316388373006
0.265012821769
0.565427736124
0.36863582275
0.301376228797
0.446808502017
0.342520761125
0.525261644788
0.114882666098
0.346484020584
-0.0444939015247
0.42631468976
0.302273869368
0.445458154277
0.0146853180033
0.141072074952
0.0690163340003
0.143255367342
0.213435407398
-0.0311238743613
-0.020894260018
0.201368759543
0.323681959371
0.571468114919
0.62927685145
-0.0196559094169
-0.0283115025635
0.569035607361
0.157014542631
0.306142841145
0.539027907474
0.489687856144
0.0686246437621
0.174921503662
0.301761586232
0.658474613475
0.582534121831
0.465808883242
0.288176321246
0.337775999232
0.302275059992
0.100631431832
0.373826614869
0.37738112662
0.255579499339
0.130604478713
0.288170071995
0.1878240974
0.620481140882
0.130515044941
0.060742371576
0.362387483322
0.402951590887
0.161943742457
0.14138793611
0.322410935369
0.5786869335
0.604754804102
0.265255104829
0.782760305364
0.719230832141
0.646586157266
0.614795237426
0.472362931155
0.137825388248
0.581255823396
0.859383207397
0.435571139436
0.408807699548
0.377294397967
0.196461952389
0.230090618844
0.342097880791
-0.141268726451
0.505918936689
0.125754196829
0.0984531904271
0.27386520287
-0.0366285965377
0.218099058831
0.196916394374
0.242761458761
0.180557727953
0.294656667997
0.302116342858
0.0582477760761
0.177601672313
-0.0206285478195
0.0588667853298
0.39797008543
0.62927685145
0.182925078916
0.328405950158
0.232530170759
0.0599976037804
0.323681959371
0.244426250352
0.00477560332376
0.102651602428
-0.0317781642771
0.287742138435
0.22091405178
0.136115118923
0.106985556119
0.182686234837
0.0146925291222
0.149624010535
0.247203184404
0.609799010583
0.127033056945
-0.072552516562
0.0924116703084
0.15824403785
0.0629877741907
0.264349236276
0.144432261313
0.259613701184
0.548893796746
0.350536267185
0.518489038087
0.179234526396
0.290309476878
0.410110879206
0.300221023764
0.346518226166
0.36258213458
0.203262596164
0.275059991091
0.0522590358624
0.0547895583711
0.402287914916
-0.0146578074482
0.0156054351126
0.257472673427
0.204154361536
0.0842587343315
-0.144480248914
-0.0407848929007
-0.031087906756
-0.134402911749
0.285906464237
0.0282606381082
-0.064230563664
0.17894569847
0.238367829194
0.262674136132
0.0423655649976
0.350670500287
0.0774835822663
0.372307666134
0.170340551105
0.210254798068
0.464611713397
0.131712744064
0.129324083208
0.115907401887
0.23136153483
0.261748263577
0.355806027741
0.123771638916
0.46197278789
0.198745847224
0.181512510086
0.674543396616
0.0255601895385
0.174994107417
0.304639289111
0.0865810731342
0.428416727353
0.281878506184
0.395657713809
0.406848860499
0.161989633986
0.0359503211397
0.248097848316
0.23788767107
0.27200186755
0.205080782412
-0.0558228658984
-0.0407170021057
0.265090413891
0.0754974809585
0.111077762774
0.173837199509
0.384935129551
0.209186373978
0.334146568314
0.206133194788
0.247164809773
0.13611934704
0.196698930493
0.127182348663
0.052526160409
0.325386969225
0.241796692303
-0.0521450263156
-0.0194994979435
0.566350354187
0.280078734337
0.0604892297836
0.415683701499
0.128758512312
0.656259975717
-0.00826493889348
0.0966365463875
0.2699654372
0.0832134223305
0.242753455819
0.140114820636
0.212818544229
0.432304136821
0.116277603659
0.154797928059
0.176445842245
-0.0410218732512
0.226058658386
0.0916801320872
0.215398132045
0.197758906403
0.289427500969
-0.0663435441482
0.211352418177
0.366345184471
0.340104404355
0.215185017692
0.226203866901
0.392888320956
0.455331226771
0.15241013505
0.561724813778
0.186600705883
0.430678489207
0.368787768727
0.324167519327
0.236255485994
0.214650806209
0.172288847567
0.0199701421744
0.586156827854
0.194419456224
-0.0536516035583
0.0161387121183
0.359123260125
0.413727504567
0.0642522615391
0.4762633396
0.0727243264098
0.0346535053186
0.295177980886
0.196790762197
0.835135865096
0.35073617694
0.463003551248
0.311497426534
0.0187723464191
0.27813192803
-0.0114203654348
0.362654135807
0.416669386949
0.615113691402
0.359629532492
0.120761894474
0.594963348991
0.385689018104
0.178119788171
0.0183386570316
0.2312709289
0.39372340468
0.0688507469854
0.100711510507
0.485460084684
0.179463666735
0.240653872851
0.301132712336
0.299343269004
0.161519516283
0.207544743114
0.282639051698
0.2079574034
0.443589639431
0.457196828549
0.183515312859
0.290797928881
0.27901620585
0.260699191857
0.243313909177
0.278798831742
0.336473482585
0.199956311143
0.624921155616
0.346392672478
0.000263753243219
0.422979168144
0.224591664118
-0.170073608949
0.396570033612
0.444270487367
0.37656601194
0.0953567188908
0.708340717111
0.00333999834982
0.476635303786
0.124476648013
-0.0127705738837
0.285915368581
0.111429951822
-0.104081214136
0.418242560327
0.215981671494
0.205986790331
-0.133621224411
0.34015732872
0.270100417967
0.318756586066
0.477576671814
0.437777621551
0.296629889787
0.0603996791131
-0.0226506351851
-0.0564295720365
0.366495031983
0.073237170352
0.366344782461
0.136257368689
0.286254432941
0.175483127059
0.175676862738
0.178846530496
0.0644425235217
0.513917112173
0.675251098522
0.204112505662
0.150087494839
0.195375609312
0.374533682505
0.3873152208
0.160787284327
0.202730728692
0.131654746999
0.177667704353
0.24185670429
0.119787320326
0.349834384651
0.0578745584433
0.345653561853
0.199285198014
