0.329520595448
0.306966742884
1.0
0.424661292954
0.509247704708
0.440646294518
0.453528855258
0.366710115231
0.278809796768
0.626970771363
0.429714754392
0.296974587901
0.616491559523
0.497581920485
0.613498348171
0.150411214685
0.373019759183
-0.0461475806862
0.472127451613
0.3046938383
0.527245460839
0.0272099318722
0.157439213945
0.0797493028618
0.16069094825
0.243763065596
-0.00393488432104
0.0228722700808
0.198600697669
0.382011507739
0.606862081758
0.691623851969
-0.0243356118411
0.0663948818961
0.662084610499
0.271636169476
0.368888110074
0.623135671274
0.5969142836
0.0698333946267
0.187239441073
0.388553961547
0.72637656075
0.646465356014
0.53936212756
0.382536270337
0.397481575015
0.335208156281
0.136040416731
0.405922227334
0.46144692659
0.355028306742
0.153078063854
0.351672882006
0.246219090053
0.701865217875
0.132930563289
0.107402403857
0.43643487987
0.579453670599
0.178213087599
0.138416106296
0.369581398401
0.631065117262
0.680234048438
0.290114281226
0.809700711532
0.783588239072
0.699739151261
0.671869164815
0.527622201747
0.173089337681
0.686952229814
0.902661369147
0.538098074942
0.442221854342
0.468411014929
0.252734887098
0.239836201381
0.407600628962
-0.174670239944
0.574342682436
0.125903544943
0.148730944966
0.328584411664
-0.0756941282707
0.270176048086
0.2273810097
0.275194745789
0.223651403036
0.313222386053
0.38123768686
0.0808565907002
0.195661758816
-0.0142980348116
0.0922809500073
0.41811670408
0.691623851969
0.203256997008
0.353651385653
0.256495927771
0.0514560973858
0.382011507739
0.296790181662
0.0108233014525
0.18422452054
-0.0237177448238
0.379993520258
0.309793698217
0.185088543945
0.147593963469
0.247259237965
0.0254009549655
0.171681523562
0.306285152868
0.70433895637
0.121123475867
-0.0790390457103
0.122841531826
0.168860455924
0.0778725077671
0.339082072946
0.164147875603
0.268485928683
0.59467327942
0.401751764434
0.588134880829
0.16126164132
0.367094515913
0.446090883058
0.335033216877
0.387032918586
0.415975805778
0.234490829708
0.321472144225
0.0655727198644
0.0281243792863
0.459480145138
0.0162407021686
0.0253635563107
0.305173809222
0.269255854238
0.102660285882
-0.128948984459
-0.0382829249986
-0.0336360978127
-0.133000242027
0.33228422457
0.0395706144035
-0.0436386824763
0.220499048641
0.288916507252
0.332162449441
0.0657013321435
0.387878203704
0.0655379332217
0.424413446336
0.191145681018
0.253213090475
0.523036279424
0.162072283761
0.166995109878
0.141297101637
0.267694159689
0.293936730824
0.389901360263
0.159348196934
0.54310050726
0.229904291264
0.241340452576
0.746496376469
0.0602067833371
0.202419225936
0.33793470199
0.121034471262
0.47535634243
0.314499984845
0.459921377305
0.465285658056
0.168086106904
0.0554764721135
0.263397042347
0.318522751612
0.331231446996
0.227562082022
-0.0982001119875
-0.0541631459591
0.298021356529
0.0872238550444
0.145540136169
0.18471419681
0.419309300307
0.251094726686
0.399870185403
0.261973606543
0.291444966676
0.166773561598
0.24847007781
0.156189934253
0.0489813584298
0.37026851953
0.259596119074
-0.0461609663339
-0.0296724355394
0.611721886372
0.310913709315
0.0740439661595
0.428750553695
0.155975808066
0.773254452942
-0.0115700569989
0.148562069499
0.336326210519
0.0931468112401
0.292650036278
0.143446691797
0.22487139419
0.462341880139
0.133956360401
0.184615024476
0.218865426771
-0.0319212240587
0.251760256406
0.0934991072569
0.215916448109
0.244833576793
0.335174779716
-0.0857542436189
0.251027863191
0.43649028138
0.35447291145
0.252880739829
0.242397095281
0.410017812785
0.494567173938
0.189482870507
0.582903189461
0.180376008575
0.507035521089
0.461035969014
0.342638602886
0.271752831988
0.292772820697
0.180632076725
0.0757062353591
0.646405837942
0.226954908613
-0.0561474191469
-0.00618660169553
0.374869018576
0.547309708918
0.0858573482499
0.544316050252
0.0670713544761
0.0357253022754
0.353954891956
0.209264024545
0.863000679397
0.397097216738
0.526565269124
0.350728330585
0.0507816453935
0.328007212283
0.00497164399191
0.400779612112
0.501748390406
0.642684699983
0.403804429284
0.12230258574
0.633448557824
0.383070377247
0.217813183444
0.0438977751905
0.271586458142
0.409542194702
0.0534956412172
0.0922845517921
0.559669102581
0.209129669358
0.285618219248
0.320781814098
0.373662228185
0.221725113995
0.265599043682
0.330390653828
0.256647645874
0.489648829652
0.58543746881
0.247472248312
0.365837530279
0.318916803418
0.29650885857
0.256405947395
0.333465139115
0.411301664227
0.253789883405
0.688816554062
0.409726270256
0.0011507252615
0.48844452033
0.265797096251
-0.197085699258
0.478249033916
0.488094160954
0.406285944381
0.0573052857616
0.768120711677
0.0295996331789
0.564770748072
0.255107166033
0.0299902813895
0.284510730238
0.101613692974
-0.0785776571412
0.461964853588
0.220832431997
0.227662762572
-0.131599368067
0.355969614065
0.284105370125
0.345538143522
0.552658597154
0.487018367898
0.309418133098
0.0390269177633
-0.0397381964717
-0.073875343208
0.353243360821
0.0995283170022
0.374007150373
0.188658782748
0.282564427815
0.196084974006
0.165317191969
0.188939395811
0.070565070305
0.5795786884
0.743630975904
0.211499515353
0.212139092966
0.245257150552
0.445817113783
0.435648485787
0.16815084616
0.205851018266
0.136438140406
0.216274252511
0.312079811774
0.14952244483
0.405551371523
0.072615990442
0.414340099676
0.23256264097
