0.342501054637
0.228635163396
1.0
0.264500827805
0.392980817935
0.357444893702
0.320494437344
0.343902577187
0.30948768475
0.481815108806
0.301608545372
0.307811720103
0.483782000724
0.589856382211
0.415253044053
0.226394189109
0.413921445345
0.209823000893
0.388181141552
0.307978170428
0.332852823041
0.195079059934
0.172079050967
0.17836636255
0.201714381683
0.323405276299
0.219995435218
0.225669442965
0.24105739684
0.408397081188
0.341764874394
0.537777045629
0.123382546983
0.23253955495
0.590054243628
0.380602593019
0.303663821126
0.457470949188
0.474622053179
0.185638443854
0.313889212621
0.412350056624
0.711493055478
0.641136678382
0.494687199284
0.39074475938
0.398877977966
0.326344420479
0.183695513124
0.48439627637
0.427675508279
0.371091831025
0.266609335329
0.445529092871
0.292783855964
0.590934370026
0.129526848142
0.204824367216
0.332383936593
0.524678805848
0.281720652299
0.20289682507
0.348062840121
0.576327788602
0.434961142057
0.300000872174
0.840670353306
0.486192023661
0.51554702828
0.597917465006
0.394639171108
0.321822697748
0.664424609305
0.891905134354
0.372350876157
0.36201594097
0.42482805998
0.278672963173
0.266918700098
0.285599169676
0.0537112916966
0.500720601514
0.223692490254
0.217586269144
0.369767656625
0.159036114676
0.201983195553
0.222041463219
0.220611929252
0.127742671643
0.222207439308
0.405030740935
0.177245725905
0.268630441129
0.157449497891
0.149743668094
0.431753231942
0.537777045629
0.263486808633
0.391981931637
0.328204660742
0.216826050163
0.408397081188
0.33739196072
0.211112140396
0.359318112882
0.174748173638
0.337137288704
0.261568628003
0.209915009434
0.211249455217
0.266346621087
0.116047493491
0.237730243559
0.360587350046
0.682053811479
0.258030379757
0.141526242622
0.258092469205
0.185190230364
0.16117959296
0.320888151086
0.207318879045
0.250461151962
0.493231726045
0.257150879285
0.51216847624
0.287902510301
0.396907179698
0.418657734365
0.293901977209
0.388591701161
0.425812119868
0.437660665926
0.261332673771
0.13072483705
0.107607800944
0.340505578978
0.133726831907
0.063386798491
0.253666982213
0.294294970889
0.151659308167
0.0974022671634
0.126802324171
0.147785594535
0.0688782857578
0.376606020425
0.205806606025
0.234811170698
0.330802705329
0.25182523638
0.425571527385
0.301134915631
0.34993578819
0.189828081005
0.32248620162
0.300874924361
0.216952258213
0.327674868688
0.3056273909
0.119572522787
0.189149588053
0.365998361328
0.26501415771
0.319113816392
0.275467429059
0.496616687938
0.279395257705
0.265669824151
0.719728860246
0.219196354461
0.20625878829
0.204355732315
0.201327770475
0.457494395994
0.246199404241
0.332722766265
0.343126667089
0.311447562739
0.208492659555
0.255856273354
0.448884977229
0.378205231574
0.283305007514
0.112112967053
0.243265387569
0.218184391546
0.215426586805
0.241073454184
0.189878310156
0.449671858716
0.261274595295
0.358127564986
0.250094846664
0.429376419346
0.393304615263
0.22742728715
0.268012222207
0.277186769516
0.366871335021
0.343350523943
0.199343860023
0.133768987143
0.542328980024
0.248201108873
0.138071303672
0.309133615086
0.0
0.417062005658
0.180614295931
0.20784674901
0.385108716915
0.255160812264
0.463531561054
0.277558614894
0.192030050565
0.287112336096
0.233579150063
0.297363725216
0.218030783273
0.153541769696
0.307721802726
0.22120902753
0.304940822779
0.341155120341
0.28746865841
0.187640438555
0.223252917898
0.33703761554
0.247337111693
0.341080115895
0.284829860513
0.270027465497
0.34865202051
0.233961439379
0.320718758445
0.273457360597
0.398013910737
0.375135712076
0.397400833936
0.202251166854
0.22972396481
0.188878876899
0.255877244598
0.608532767157
0.260811070093
0.172475943979
0.149751629147
0.323745173191
0.493189644358
0.266097423426
0.355075884339
0.151349081481
0.193264487926
0.38522957151
0.186363897966
0.821902091604
0.277625359779
0.453713075471
0.221098215372
0.269082823107
0.359860704931
0.2158225975
0.370740421654
0.624366821486
0.508805162446
0.340769636967
0.239747206901
0.572743659916
0.271315157648
0.219374219179
0.273496313937
0.324661845873
0.206779114004
0.282074187364
0.122283350678
0.390364116526
0.213297750942
0.300783580034
0.276909282498
0.308449551747
0.269737141747
0.34948681733
0.280408029102
0.316889657231
0.506248869872
0.626939400853
0.329977753506
0.277313961046
0.270544724156
0.182211723128
0.401108957664
0.352912857183
0.271913518545
0.285567279293
0.670023092643
0.402589793475
0.174873687609
0.34779712598
0.311770464167
0.152862128392
0.456739730147
0.371359880568
0.389544616514
0.236111515475
0.423974354757
0.163831226706
0.492538979509
0.360212629741
0.242788936112
0.249192129746
0.271188414366
0.217853737508
0.449644269513
0.305094388345
0.27275314676
0.216963756535
0.339063617201
0.366051839159
0.362517783726
0.352913673579
0.462351126181
0.326838111823
0.296704160549
0.157314109899
0.144583709952
0.248240438913
0.143831051524
0.371426762793
0.182885595867
0.335284783792
0.194207599689
0.236934333428
0.233105032473
0.199297499934
0.412833095337
0.526852143234
0.25331901604
0.252181154518
0.315690156106
0.408839361475
0.359066912085
0.174605446739
0.247919202381
0.192900558333
0.26972754278
0.229131220627
0.24776564932
0.391104764604
0.269933708238
0.436160504019
0.154468804291
