0.413820250688
0.560575820221
0.479051927623
0.454262165693
0.242198141797
0.572595852095
0.404064951191
0.318376333326
0.553559503251
0.436216082418
0.220158454274
0.636840695611
0.336277813954
0.742960797398
0.349247003854
0.155561077908
0.304090897098
0.351900753549
0.455700420188
0.0932597579001
0.335656995642
0.337794939806
0.269776238415
0.181150233337
0.134123655645
0.160750679707
0.392883879612
-0.11663732821
0.0598546243267
0.197820119322
0.267519162336
0.110062354039
0.233318895707
0.127881760395
-0.0311242003052
0.171633665492
0.223490002236
0.20249593584
0.274060118238
-0.00374700021512
0.132261199742
0.212062746382
0.240178659942
0.0841058733957
0.075596060337
-0.0228085982539
0.151937204363
0.286505815808
0.242462120481
0.0461529372455
0.159065476089
0.00568074285587
0.317966821826
0.149295110812
0.12162976971
0.0605629328358
-0.019721546055
-0.201499360626
0.206120891823
-0.0565393520911
-0.00469579856216
0.0865557247464
-0.0433843775243
0.0335113503385
0.0491410864221
