0.554263153325
0.662743222657
0.513150580683
0.544076385783
0.289562383489
0.642257424923
0.503046679004
0.352528066469
0.651124578209
0.484858165133
0.297145954839
0.704018001189
0.471846585347
0.820500267122
0.488127354166
0.198444850245
0.364077853947
0.477040262383
0.55803559298
0.123933886892
0.39352873972
0.365170560829
0.32983686148
0.241716767556
0.179573041547
0.246649189809
0.456630956642
-0.145426648227
0.0400454333287
0.23734079321
0.322594441687
0.108195112315
0.256699819344
0.210241089648
-0.0351262361896
0.225088120283
0.292272201168
0.213283372004
0.359926011981
-0.0483115766169
0.157423565433
0.276567647283
0.273448200812
0.105623314407
0.0687305409649
-0.0261533296274
0.181207092641
0.397818521037
0.266455557238
0.0375605203151
0.16843959184
0.00504510769234
0.416597274976
0.165951920804
0.213830044679
0.0699305876072
-0.0232956149913
-0.217272055236
0.293332139885
-0.0870495228114
0.00674300612487
0.162910810331
-0.0476342186471
0.0851057852984
0.0400966080636
