0.505760133152
0.623219514468
0.504463147619
0.503508109746
0.29688414444
0.62578876243
0.476864972698
0.335054996704
0.601929341215
0.464679855052
0.273004128073
0.672654478804
0.44076977205
0.804717224429
0.427706226168
0.150171152217
0.337436514802
0.439187801986
0.528556294972
0.115527836561
0.376105544244
0.355488692827
0.312825215078
0.217030037392
0.196880830441
0.230952004148
0.436180198115
-0.128778089163
0.0493381739518
0.223809709827
0.300916929522
0.118785372088
0.228773315793
0.171377032783
-0.0286633817843
0.190892076441
0.257126677827
0.223408099219
0.317551611017
-0.0237073518088
0.150828619528
0.244998989748
0.260872056923
0.0882799571521
0.0817160604578
-0.0209591782824
0.17638991246
0.336072901715
0.259175588656
0.0255303769566
0.17754848422
0.0204645137101
0.382874188461
0.163810528251
0.170987290394
0.0810498568563
-0.0404026162846
-0.215080411945
0.252371972555
-0.0538092798538
0.0139186733462
0.129811141549
-0.0789582303003
0.0569599816726
0.0443497643845
