0.0957343231385
0.20498186733
0.16176105247
-0.153203144471
-0.087587407985
0.0823444913466
0.0127916185052
0.491723816966
0.407462162001
0.0962709371059
-0.0733114321498
0.0679243120766
0.0241081701419
0.144568585286
0.0277602958253
-0.0632436205713
-0.0132905559783
0.54598779471
-0.0564209587068
0.0565305057208
-0.101849618122
0.607803782215
0.625048556946
0.0752356200215
0.474170404317
0.0283205996403
0.122086582097
0.481935332848
0.253496203202
0.126682996042
-0.057561999469
0.333186434686
0.520306709137
0.342315164337
0.0552829816454
0.195818137575
0.148498862873
0.356068173624
0.0599466163461
0.0523098320984
0.152662194307
-0.0206423643542
-0.00927715530064
0.190114655802
0.0917233744043
-0.0556982215829
0.303394902338
0.0942063431657
0.0461224496062
0.377557171734
0.117944744602
0.0522699862434
0.0778248181097
0.098559259531
0.724177598704
0.0350178888794
0.199339234847
0.213838483959
0.12986518576
0.0831939933501
-0.00790736415175
-0.00404001539391
-0.0624899162292
0.0911952573955
0.444738900506
0.182397495329
-0.0276512975655
0.118712116464
0.0185450708894
0.0193567256645
-0.101110959862
-0.00840116587417
0.180612255395
0.200590507342
0.173124073993
-0.0670230975837
0.180106470828
0.154718751162
0.106025404142
-0.02118505417
-0.177761745078
0.298557983969
-0.0570300194933
0.0560472877401
0.42545526777
0.354668223131
-0.0170448240867
0.193427772853
0.00157790743302
0.126802869558
-0.100851666839
-0.0108247812061
0.615397019791
0.387271548236
0.554816308696
0.172345734439
0.335118767
-0.0732070149494
-0.0811790158209
-0.209736339045
0.249687094263
0.00751038972787
-0.0527490751257
-0.0833292548173
0.231097420985
-0.0512217006047
-0.0852151865831
0.170511919349
-0.0107565454328
0.656532155346
0.0738354397564
0.152346896846
-0.0038722814222
0.13126485787
0.651870637543
-0.0314957000819
0.0721568899197
0.265227266276
-0.0591554955437
0.480739837481
0.174720385449
0.0937219187122
-0.060477020423
0.587571492143
-0.0199889623999
0.342976653675
0.535774207974
-0.0318178655497
0.153727930377
0.100485302144
0.0968773895067
-0.132729033492
0.0170953538028
0.101153750141
0.326361504425
0.323594151262
0.0594961736656
0.214373735145
0.443206176092
0.204384100535
0.240738783068
0.160291255096
0.0469998097264
0.18958163485
0.369178402341
0.826337336255
0.577138637438
0.227231758654
0.53799262217
-0.105935400705
0.0583077440994
-0.147133367342
0.135461432871
0.0793524070067
0.0453362197014
0.104538164321
0.113327801261
0.026223529024
0.436825129445
0.0542548899297
-0.0914116022117
0.126971770105
0.0530939176234
0.159056344744
0.214861229323
0.302002471764
0.0425499863344
0.0110977802089
0.371688939567
0.00959703938342
0.35412382083
0.368012854328
0.432843392283
0.262473820895
0.135022943248
0.276134815006
0.182504084619
0.0540552464575
-0.0528223329367
0.148323417999
0.231166745505
-0.0820243096183
0.7630139858
0.0627399397723
0.257947131438
0.0410094741186
0.0921298016061
-0.0232583965329
0.281808736824
-0.00191161557282
0.0202219975061
0.329610023512
0.0855943790242
0.0745717619343
0.135708155093
0.0101903437383
0.0645763118699
0.0476176127976
-0.0354649996568
0.241852361279
0.171648702339
0.0122099624804
0.395569426306
0.00815054469006
0.146633360217
0.131904066542
0.390632977423
0.0781433615916
0.0427890787468
-0.0450015129076
0.0190961777639
-0.0187229625462
-0.220518246933
-0.000289198752925
-0.00480216224009
0.302598242453
0.423487031849
0.137767459437
0.177843489423
0.327382930188
0.199990590908
0.430370744105
0.0339612164546
0.011195910856
0.546534466976
0.63098632775
0.444069923618
0.070981001181
0.144035491141
-0.0232345959533
0.14977995553
-0.0241356901717
0.289267464553
-0.137189331044
0.125130816954
0.043389609903
-0.0250760399642
0.131459488955
0.0113870572986
0.0128993286264
0.0821417431863
0.0554721656184
0.302713338033
0.0456664741759
0.0117367901192
-0.00555558095262
0.289267464553
0.524834614407
0.146456051931
0.172818005691
0.143503681874
-0.0433581349533
0.471484506693
0.482915085377
0.321680096505
0.0521911195693
-0.067942226041
0.311998215048
0.42928320635
0.168059712753
0.357800210993
0.663741068873
0.274605164614
0.122178409634
-0.164992683493
0.156841826332
0.0967525147529
0.207990124431
0.00978913658543
-0.07731104282
0.335328900205
0.0111682723028
0.264008540496
0.385662737862
-0.0135192560678
0.17537336488
0.555995417302
0.290910461218
0.190912511041
0.278432601171
0.640290504622
0.68906272235
0.00787483329946
0.736982663312
0.474207914757
0.354905807568
0.0643998173275
