0.0847692574469
0.179941402044
0.124972755706
-0.124613587608
-0.0721213092065
0.0635558275542
0.023287349174
0.485850848049
0.381480762304
0.0816161081114
-0.0725142767109
0.0718748409304
-0.00168697866607
0.133505359843
0.0257458163074
-0.067584840579
-0.0102278282776
0.535603331253
-0.0276424344092
0.0716199821378
-0.091525584619
0.575801014711
0.594918488509
0.0911323502089
0.4694182829
0.0220210690635
0.101591411467
0.479911523908
0.231435891694
0.0973097405382
-0.0602522912221
0.306185373925
0.462151257939
0.270041740188
0.0522503216487
0.146271398501
0.136578573515
0.337281109854
0.0565697885205
0.0600237750059
0.155155176802
-0.0253237863097
-0.0113235286432
0.174927082686
0.0929444287706
-0.0638843572814
0.306865119679
0.0962363853476
0.0547166359523
0.344051637351
0.120879724923
0.0324600154374
0.0739267933624
0.102983458428
0.687366300503
0.0339212136907
0.180232001707
0.165411164256
0.109177713486
0.0712699101175
0.0189820316502
-0.0194165497963
-0.0591069710085
0.0891730466605
0.38413036546
0.170599115974
-0.0482805975064
0.118633866719
0.0232747155118
0.00401546868338
-0.0808165755553
-0.0197443286445
0.173220277578
0.201313540634
0.125702694934
-0.00551734619149
0.150250080023
0.1335111108
0.0745269979741
-0.00563370571487
-0.165874232712
0.293890809237
-0.0493023893043
0.0528783197239
0.389310866733
0.333652596458
-0.0256924117935
0.184117624088
0.0238770442402
0.104200081281
-0.0999210373869
-0.0188404813243
0.585053689228
0.383214325186
0.520482598526
0.156266073502
0.308049753426
-0.0764535570346
-0.0770395439436
-0.182186444058
0.2342119584
-0.00112102060567
-0.0454013586002
-0.114231213846
0.213546614623
-0.0588526084239
-0.0833483214893
0.168063545793
-0.00206118910823
0.632623107948
0.0962839606728
0.144548330001
-0.00523857647913
0.12086119814
0.62041018164
-0.0203199514492
0.0509337283384
0.23873922732
-0.0367649808228
0.464939324787
0.158105278538
0.0955690439479
-0.0465159291517
0.559321795497
-0.0231095892123
0.311214369586
0.527592373017
-0.025732629589
0.168774400213
0.0930418498357
0.0933583270342
-0.11898105089
-0.0192367306827
0.0956178993799
0.295857863798
0.283240581476
0.0332750314557
0.197511322409
0.418843982305
0.197612040612
0.243655516277
0.156885459818
0.039608718076
0.177197919811
0.323748888204
0.813869472052
0.542689520049
0.223652371239
0.497679488232
-0.093857571032
0.068788664277
-0.121494280611
0.130351919733
0.0807329814531
0.0726944555981
0.0812587166076
0.11274112988
0.0328137447961
0.411553069989
0.0840984128132
-0.0739246874425
0.127807353261
0.0605036888226
0.113134557824
0.220324325659
0.268102390329
0.0618477530051
0.0144667116546
0.327959991672
-0.0012419702234
0.315941045232
0.33300148003
0.403794940018
0.253785326575
0.134164263391
0.248013309603
0.154939535191
0.06818165914
-0.0431157033687
0.137743200083
0.219802978751
-0.0763809637484
0.735656585692
0.0719838962369
0.237593645595
0.0445746748178
0.106407436039
-0.0341451920862
0.256193620729
0.00229014074958
0.00556232997467
0.295886534681
0.0755348577241
0.0825429170182
0.119741792482
0.0207775272053
0.07253847255
0.046778853623
-0.0177107033867
0.211894095904
0.146134700457
-0.00396012660297
0.348522951681
0.0275244381737
0.142808099954
0.11868171796
0.391342166609
0.0600153813274
0.0422307576571
-0.0253155232026
0.00162073779572
-0.0174506794742
-0.220626217956
0.00733276269355
-0.020612817425
0.254799204083
0.40957892178
0.128507669616
0.18242615417
0.307725394947
0.171074328588
0.401755101335
0.0201732457694
0.0134850537358
0.476499509498
0.613425700157
0.416326578738
0.0744010330815
0.120016265282
-0.0298400416529
0.120224771436
-0.00471047457224
0.256070840535
-0.110057078771
0.132559149408
0.0466817580136
-0.0214291060962
0.115241761195
0.0241327179819
-0.00774124836803
0.0753444010134
0.0404893419111
0.280872951811
0.0395277909691
-0.0168102949081
-0.00600649178752
0.256070840535
0.48809794225
0.144652508435
0.150134076271
0.154154884413
-0.0493211772572
0.43766116839
0.463376045564
0.305732259466
0.0447805182228
-0.0361445121797
0.301503698278
0.435115167529
0.146210041906
0.332468578509
0.649685870776
0.255992149859
0.128769944239
-0.147721296666
0.141901352912
0.100040799006
0.195728973388
0.0339549827407
-0.0870789733916
0.32765708773
-0.0109224119502
0.242567751348
0.356526453325
-0.0169832146811
0.168234821547
0.556382499165
0.287740162842
0.149910995314
0.246640138098
0.589357238715
0.669259234149
-0.00174554274033
0.714589460048
0.458597256874
0.33338680739
0.0506882594512
