0.118952899011
0.255168902409
0.274417272427
0.177297202424
0.116519756866
0.257272007266
0.12055828449
0.703582302752
0.442897749019
0.353832460422
0.101359908484
0.15064836917
0.161292867986
0.204388088514
0.215187234148
0.0639155852827
0.313930996741
0.697303920332
0.0286294695771
0.187278475501
0.176258742676
0.620270194061
0.693027815215
0.264694168173
0.618853070294
0.243831982478
0.138181909292
0.582937785384
0.315304908777
0.116469451341
0.255147963629
0.403587606063
0.526154283575
0.462901020708
0.223852677927
0.269792715315
0.182409900807
0.46251253577
0.194310293885
0.137505198872
0.19639161243
0.103592706746
0.275925744895
0.39941802995
0.304883739605
0.138500221836
0.308974894745
0.316688532179
0.312643285647
0.601018929338
0.343034959558
0.168520027859
0.178451907821
0.163399093694
0.727997597031
0.145300929143
0.189033812687
0.201006595636
0.211272844241
0.183198739292
0.177023733718
0.108474313002
0.0677131349442
0.280297829576
0.476632573096
0.187549706892
0.0691482148434
0.429902481354
0.116249512334
0.118223722104
0.1936009652
0.280082745811
0.199306830187
0.205169582375
0.201135863204
0.0953159005192
0.280472538061
0.274970635966
0.206267195594
0.133623992001
0.083070450942
0.466610996594
0.0738370046913
0.215834587757
0.442858747516
0.59149869974
0.0804860173991
0.326000436807
0.15457154595
0.161088695374
0.215303168778
0.127732018117
0.682361101116
0.503912209248
0.616264149709
0.311521069539
0.34042441732
0.0681785212692
0.0774063077735
0.115637375904
0.291786300141
0.190451432141
0.138357534013
0.218887316017
0.399505326659
0.112225738886
0.0738092830746
0.205459223884
0.138112111327
0.766623618942
0.211917282876
0.29162240029
0.118205229485
0.197037299191
0.605435472076
0.0681122653173
0.237463543527
0.406206899067
0.13902267657
0.621467396668
0.199886820727
0.226156956198
0.135446093488
0.631573350784
0.177106883077
0.386931468673
0.492403319478
0.15828236991
0.416977080524
0.142563960098
0.272255566823
0.129145294392
0.210533250435
0.182974060304
0.424387633271
0.302441212361
0.185674517183
0.157792880478
0.402086028994
0.277170214424
0.354382330249
0.355068930295
0.193962098581
0.304178227599
0.32947439446
0.679042633744
0.601576054751
0.351249112353
0.48873493047
0.159652908458
0.166590920271
0.082861428845
0.279477708343
0.176729312392
0.21483199811
0.216345094599
0.137114508719
0.140095871133
0.481455227913
0.148824259698
0.120473866526
0.275698557233
0.26026256147
0.17382703649
0.213478430977
0.406547676772
0.29519959742
0.224800183872
0.426531743157
0.186740062828
0.32926978693
0.46503833547
0.459049411268
0.367731012864
0.307064298312
0.451020222816
0.203184441489
0.148772811646
0.157890708411
0.359436372888
0.321492441848
0.105819425925
0.660960995055
0.170817629168
0.356602698843
0.10456315777
0.173620055183
0.154407815994
0.386152615964
0.217992766024
0.0629969380967
0.471772101763
0.206722378913
0.209040694405
0.186752132916
0.122061736229
0.243458450784
0.157307442602
0.112305105095
0.337605821032
0.276073602631
0.227758805229
0.390191257309
0.18449024322
0.22410804435
0.305130718813
0.448015709023
0.264935852882
0.190241569644
0.158485741292
0.239952586905
0.0769970941807
0.018666753088
0.292966881911
0.206118621479
0.380560608154
0.416732932832
0.25982370357
0.229949106623
0.351302895798
0.195140459381
0.503808442072
0.134648380261
0.14647514429
0.435326876119
0.580574812221
0.35798036749
0.305437810147
0.213573334907
0.111511373942
0.179359189171
0.048928587809
0.239637651185
0.158668802148
0.198153000124
0.230859207947
0.245867460794
0.247737182721
0.236884588931
0.167613607267
0.26402642765
0.252606627322
0.324989907021
0.087441951638
0.193522828067
0.220385392633
0.239637651185
0.604811024626
0.436998411465
0.158550340345
0.213985611522
0.238515174937
0.357458631692
0.388740869131
0.268981583189
0.111683861754
0.0561420094525
0.38791458929
0.462655454463
0.241113249676
0.260844756297
0.679087459613
0.299209783189
0.329451965007
0.0490903722129
0.197475173154
0.284721081552
0.224025681021
0.157501235357
0.206576353835
0.434847556704
0.249638926906
0.317837886564
0.330517794717
0.199758904783
0.30122793099
0.653261958872
0.383870525931
0.518862728969
0.382803277017
0.632555921925
0.593778838923
0.170819269758
0.774456739457
0.497831877149
0.426572871211
0.237313573292
