0.0957392030305
0.132238522154
0.145109194984
-0.0989670076996
-0.0449518160412
0.106700529174
0.0237018482342
0.716421054819
0.399947247255
0.186053705026
-0.0767950460548
0.0723330087457
0.0240806572002
0.161664193144
0.0777653504521
-0.0606299981164
0.0236927289647
0.588490296956
-0.0564204898666
0.0565019863376
-0.0712759696178
0.580098673154
0.637180150584
0.133292188034
0.504923234462
0.0668322451742
0.122085862615
0.481935938899
0.240272108476
0.126712730789
0.0137593807849
0.338232889262
0.508475785767
0.411914004587
0.0375124822149
0.195873794111
0.115276978629
0.406920182689
0.0434642560968
0.0235006265408
0.112397726586
8.25832791286e-05
-0.1009747215
0.216318435853
0.135980696305
-0.041615026867
0.30336170594
0.136822147486
0.0743768216254
0.5705261167
0.149053841197
0.053281454479
0.028602301875
0.0985228178725
0.72954871577
-0.00284180908004
0.199328018348
0.206153790413
0.0901854254083
0.0859955926633
0.0209343431891
-0.0396912370156
-0.0569302960606
0.129179688357
0.444778006983
0.18239769037
-0.0275824003409
0.326080276809
0.0185448390204
0.0193748813885
-0.0513233302168
0.0597475337284
0.122515421794
0.200579505904
0.173123450584
-0.0670234645277
0.120235144005
0.146071172757
0.135965074736
-0.0204075557328
-0.164054378173
0.298558108629
-0.0672296444248
0.0793317178837
0.440785716173
0.409279714274
-0.0170689213985
0.193411431599
0.0119734717309
0.126861209344
-0.0284378174527
-0.00665180429161
0.661580284315
0.387271665502
0.55480020801
0.0802105980274
0.335118230677
-0.0665834112352
-0.128648019955
-0.220078676045
0.249668844543
-0.0206995243008
-0.0771964294596
-0.122477976091
0.217306697126
-0.0515675639027
-0.141327119757
0.112392829286
0.0102885788648
0.65654629276
0.0827231918953
0.190513005306
-0.0050796139542
0.147157064992
0.651870697098
0.00841800534613
0.0687961389102
0.289108116369
-0.0838483995111
0.521093444786
0.174250653235
0.116347528558
-0.0519703426789
0.529769605811
-0.0467366712411
0.305495629312
0.543453526899
-0.0129684754823
0.228528117107
0.0979822932294
0.0969844142647
-0.144690552096
0.0314982676347
0.119640072004
0.308148994897
0.303277821437
0.0218669283294
0.214373195734
0.443206371795
0.199639948019
0.322997117244
0.2040803384
0.0953317758156
0.182435073364
0.316896693785
0.763415740423
0.468933694196
0.23331000885
0.509048618076
-0.127120116314
0.0185842764981
-0.209366195178
0.101782204567
0.0757794949097
-0.0367617889811
0.125916996254
0.113422691463
0.0278964070661
0.450257231282
0.0542573724647
-0.111726736205
0.109828037279
0.053270626347
0.15429634001
0.253056664359
0.298572873485
0.0832729720627
0.031957393004
0.414707019239
-0.0821644560126
0.350251667916
0.398351143371
0.393419066477
0.253151105286
0.188887831144
0.257849388084
0.182503296197
0.0491296517926
-0.0825886367671
0.142189384317
0.231201026892
-0.102228479462
0.739892006839
-0.0124868477909
0.296703168133
0.046022422502
0.113883665029
-0.0300984566809
0.255351921456
0.0519648918954
0.020222341971
0.292650036278
0.110236073712
0.0745346992332
0.166810093817
-0.012969389361
0.072183047658
0.0169571291724
-0.0354538114422
0.332382691144
0.129989002569
0.0645445547206
0.358782791819
0.0321252714404
0.14684753586
0.146966697345
0.390687002682
0.180460791324
0.0427975606902
-0.0106160214124
-0.00607974686283
-0.0379602666474
-0.220545878676
0.120545398213
-0.0261582146488
0.302597786879
0.414155417036
0.168821470078
0.104603547583
0.262505912518
0.109989756164
0.489598031324
0.0338045496258
-0.0408847449606
0.428053977714
0.635840741323
0.394368493749
0.120339109222
0.144018256356
-0.0374108271975
0.129055886329
-0.0663871038861
0.282468149251
-0.0898557406196
0.0684140199078
0.0281189424611
-0.107781616184
0.134361392707
0.0163945876444
-0.0262920626878
0.133641644546
0.104460999416
0.342364842281
0.0456888031063
-0.0155520187569
0.044042250024
0.282468149251
0.524834132041
0.288245399074
0.172782813014
0.121629373051
-0.0676180553778
0.447079606946
0.458365862543
0.321692327128
-0.0059948188822
-0.0679177210116
0.321540225272
0.407571011357
0.165738673827
0.276855456737
0.596133507787
0.187342294462
0.258073925141
-0.165024456744
0.18036064166
0.0899821349262
0.201383364317
0.00978923742006
0.042375322409
0.335329383626
-0.00312818718683
0.266199277396
0.385663128788
-0.0898887458717
0.21648890878
0.556032740589
0.290933228207
0.190912882874
0.194894935243
0.640290421194
0.689063210397
-0.00651539083518
0.736964783079
0.455256412771
0.381800435944
0.094197522231
