0.612916563304
0.522544979803
0.553414752101
0.704002452049
0.390288118947
0.532246161027
0.677077788083
0.614504207137
0.358256722555
0.510878487279
0.620121652235
0.668251284702
0.483307037262
0.372079385511
0.533175549864
0.524914418911
0.59922811011
0.3930193367
0.553790570756
0.344032836369
0.492477345472
0.437512038352
0.559400550627
0.508068432112
0.434964001179
0.350258200524
0.326979108509
0.41371712732
0.402039599767
0.375675469359
0.344759372479
0.728906335749
0.603854956941
0.699021898199
0.479205587952
0.540635030091
0.549896082749
0.481397072532
0.313996011314
0.385113363244
0.499181370151
0.666600586667
0.246743136779
0.599140663189
0.32382023489
0.647276153236
0.509011492466
0.46046120003
0.522453968945
0.44762812608
0.565589975799
0.431064086304
0.588695364843
0.388133542422
0.485651627485
0.837265573833
0.637481489706
0.334739694353
0.387975784631
0.730111858573
0.625781484306
0.494284679247
0.515628536068
0.434396532612
0.445101363962
0.606419163666
0.565442524968
0.208066219071
0.40254338797
0.558574985816
0.511483881016
0.275676649761
0.307488052812
0.554389068958
0.604779280408
0.533627088302
0.615994913885
0.365059226569
0.501189136926
0.407901111951
0.412052414892
0.666109166623
0.499703443888
0.387578193662
0.675752689127
0.396495235325
-0.0352061794248
0.470052513202
0.45476550469
0.377724296571
0.360838904131
0.639418142748
0.525259308153
0.503157544778
0.506383145504
0.338429615729
0.427285505252
0.564626143007
0.305520009935
0.506351212782
0.344726250005
0.438882926435
0.681629775849
0.153963915921
0.546348562481
0.381572982504
0.38451213976
0.311174151073
0.417808435292
0.372059274483
0.364717992347
0.533516670993
0.510861895262
0.217798090127
0.478645745872
0.398577173758
0.395485588091
0.36779415857
0.387203864029
0.643160049743
0.359673955827
0.232510871275
0.460134565784
0.528933226626
0.411369981917
0.255231233188
0.331831888748
0.413065829429
0.511573523757
0.618132467173
0.550008918874
0.305196417101
0.552200014951
0.720016121798
0.299079482873
0.367848178243
0.400674793246
0.385528393049
0.677071491578
0.43499380267
0.224139684088
0.503517332436
0.520088402944
0.214367111784
0.59096452505
0.488990298794
0.17913119631
0.536597119737
0.41823027132
0.536134883229
0.357116106086
0.300242476967
0.644707386291
0.518433918604
0.234098841409
0.24412797859
0.36819372915
0.442969924691
0.48327419238
0.577232749348
0.423289347277
0.364280468803
0.518937105517
0.529209676962
0.28718868536
0.721262912382
0.407143225645
0.435641179578
0.531499497388
0.350760430319
0.412514876599
0.532745116564
0.378905857808
0.528151170279
0.471990659847
0.647032986988
0.468179748499
0.261537604013
0.552282310211
0.737309456727
0.614991815362
0.596186435697
0.385155286029
0.478155043978
0.498259716256
0.211004682918
0.462630698611
0.349349784429
0.468631903449
0.578538653723
0.327801939046
0.0400190561827
0.350318706248
0.638051920764
0.664962439042
0.481181281002
0.301504823499
0.410296538561
0.275774210575
0.038456683026
0.75492959315
0.115800281862
0.508230958856
0.280620802528
0.446428610667
0.642551784728
0.561693698634
0.467365176476
0.522992131706
0.390166137376
0.287985801969
0.629918263736
0.363993903298
0.391068222547
0.475510922937
0.329980209192
0.393857860258
0.214359381476
0.394543059375
0.193463273358
0.312389760272
0.443773226471
0.572560826761
0.602850329309
0.516035186963
0.301845400259
0.274924161888
0.391866576494
0.490832621872
0.553824282818
0.812936134781
0.31893536657
0.427402912323
0.46960490015
0.612703769897
0.496341557979
0.598189064593
0.283826576176
0.389640027503
0.443382681804
0.302122850099
0.579858794529
0.212784751562
0.642099641763
0.513810493122
0.27633829979
0.455236095621
0.607717501027
0.585542839699
0.537441636766
0.762675509852
0.200326610125
0.435826880729
0.314633934725
0.530530157359
0.823775821075
0.405627620424
0.508424927036
0.495466728526
0.242419938992
0.452994607501
0.409355406199
0.465334772691
0.508991257078
0.478726637521
0.404239498816
0.250362712995
0.552028152682
0.469333557358
0.280556384156
0.581075098309
0.249467055635
0.518514548097
0.257312659784
0.441776757495
0.483283628375
0.507232267968
0.258599255656
0.313415524987
0.464976806428
0.714886528299
0.488889823429
0.355493907134
0.366583265461
0.379306247059
0.4920241472
0.869929747536
0.350826274827
0.567322237108
0.642884588903
0.336959477881
0.400618447078
0.45377587879
0.45553077539
0.278827591525
0.353442233114
0.543085429954
0.524360352061
0.230111414841
0.320970565708
0.21314098778
0.697058129494
0.243293637799
0.350723953451
0.605701550126
0.282664868949
0.484688500166
0.462390503612
0.569586711577
0.31423231325
0.233024518412
0.339016944646
0.411619616098
0.588320567513
0.474635198344
0.313101158947
0.573983459106
0.577669475395
0.618206744187
0.403250971924
0.438984613996
0.79780425621
0.229632183435
0.302371172365
0.508035898849
0.495267949986
0.464589485883
0.202678110118
0.575932743297
0.447961208265
0.184849252368
0.557543476375
0.638863912911
0.646298070838
0.498312665222
0.502560496273
0.207383058015
0.427466894419
0.483624800566
0.464465006003
0.436460726792
0.522854000149
0.419229507584
0.297918378331
0.272942440126
0.548773124345
0.319814916015
0.19180704636
0.47540017299
0.265200671264
0.394468088696
0.530620608743
0.289044753225
0.497358509695
0.208552771495
0.62254070979
0.564125173466
0.514884617014
0.303046013946
0.45880704966
0.397739386298
0.502873651773
0.232292195614
0.42022161159
0.305735828115
0.530767427115
0.342641982894
0.52532165352
0.563909857505
0.39700397069
0.349491529388
0.456922181151
0.515299174393
0.394757535006
0.395467936114
0.262727403996
0.391764953574
0.353057433
0.487429002003
0.598249437214
0.677585610591
0.869655023053
0.307436324525
0.399668900585
0.671687423535
0.458278952503
0.303962310962
0.344137709989
0.407399838331
0.36196184786
0.591777031401
0.370752605034
0.34762862022
0.319219011491
0.110256082421
0.551085866004
0.292350642469
0.355458388605
0.238612944662
0.24633305096
0.57790176663
0.468331899804
0.24483762507
0.483906013694
0.120113871541
0.322325749582
0.469688590337
0.406831150942
0.415383902204
0.40766751249
0.533541014056
0.565980060952
0.373301557583
0.348786970808
0.33375923006
0.271824373452
0.391747553753
0.519268290336
0.220464725797
0.415795607882
0.443070775234
0.486806593225
0.470705996777
0.430627984493
0.595451843311
0.540453776787
0.149492774869
0.292078757298
0.719084711156
0.286227000377
0.31173853282
0.572407974925
0.534237191502
0.398372653357
0.233055162532
0.293884236901
0.28125272591
0.574307088417
0.519882194257
0.339809536091
0.557880473179
0.233268148857
0.393834972934
0.509837507037
0.642555734347
0.42568789624
0.357947991635
0.273959755393
0.343442720001
0.614035027396
0.288908627772
0.399802901427
0.484829843782
0.3495223271
0.39420784652
0.351727795964
0.497129338629
0.341102972813
0.386387109703
0.561803328702
0.523024308846
0.341209269676
0.612247921497
0.50386536828
0.476185620432
0.317231026345
0.604530204595
0.400578273988
0.423627604462
0.395159675812
0.190189930861
0.335639846454
0.647172216737
0.477865948464
0.368533623502
0.157816517472
0.560717977573
0.52939851758
0.223091306724
0.653106630025
0.489659934494
0.29023977104
0.364684463022
0.229384353041
0.344414757037
0.282950924712
0.512658586145
0.393150424583
0.529670555015
0.279949451096
0.724786622569
0.397142273633
0.2978279366
0.237364244656
0.313588830057
0.527577660621
0.385204389534
0.364398606142
0.0494516863009
0.257450339567
0.239847864579
0.674010606389
0.562626566675
0.354576119689
0.427814335631
0.346751569524
0.180247344138
0.330073015201
0.396864285903
0.188092159489
0.470302136523
0.508824676561
0.379243991208
0.453259843311
0.758102557887
0.347080798958
0.343083112674
0.294659698115
0.523633063556
0.394978853109
0.486914923132
0.582684384549
0.803923502832
0.414371267826
0.375172713886
0.386317314275
0.526232559797
0.174774492638
0.432356049564
0.3630763863
0.152350918154
0.426145612084
0.49120703628
0.562235512525
0.380566609632
0.443688967829
0.644837925428
0.393521320787
0.387558617571
0.522261348855
0.618689550245
0.311639458035
0.343617035285
0.340230629815
0.50701810626
0.608511659945
0.339108034115
0.286320592561
0.25419613697
0.343857340358
0.368937059572
0.689353401219
0.480702916543
0.346551309279
0.398317468103
0.35730326075
0.432667835315
0.30055814737
0.708215796167
0.523940500486
0.344631780052
0.532857481567
0.301153185272
0.168186275203
0.476383751103
0.418767467498
0.335323388308
0.400948903572
0.55278844225
0.244863345753
0.700755284706
0.330800021786
0.514790620962
0.421340317885
0.465060576033
0.575076032236
0.489335102764
0.257657505274
0.44584270528
0.454792127838
0.302462376799
0.340543060857
0.338953217548
0.414094861643
0.59627300328
0.479759310169
0.388435504087
0.319125179101
0.285130695015
0.311857448164
0.373368633093
0.35480315952
0.426444367315
0.350585964857
0.26441169387
0.234860735869
0.523074423312
0.321580024972
0.542511949062
0.376300824449
0.22877490364
0.49731705178
0.732134285855
0.309244054227
0.41585338583
0.458063938624
0.307902624958
0.422978327919
0.413488133307
0.406760791414
0.485619510149
0.189941753755
0.298186344415
0.365620791234
0.690614437193
0.362796833228
0.480956596046
0.564625165405
0.444111098353
0.360643526269
0.299701044854
0.0350287915349
0.34626359832
0.397927745964
0.309452972227
0.646516405638
0.532284467146
0.366042273797
0.363961448263
0.611826152026
-0.0126048068063
0.350341496098
0.408861158717
0.638357231926
0.182531947008
0.514805904959
0.494739667046
0.410848031517
0.498959030685
0.490563925943
0.399697895585
0.307801124575
0.420426348127
0.728420602781
0.163555660603
0.738600352839
0.196357309945
0.363516859322
0.324995087003
0.086720716309
0.254669339564
0.449897471515
0.473520585387
0.278375759791
0.303139812431
0.652590832424
0.656917074227
0.736208618021
0.479163768567
0.356167891038
0.493409850036
0.280565191665
0.413766475296
0.362323058437
0.472959038598
0.284554880406
0.0624368380707
0.204442058066
0.572052849207
0.386698811407
0.314617464584
0.467603875622
0.507742221679
0.262676190467
0.376395957821
0.353279115178
0.284137693405
0.310150118184
0.543279970612
0.348837436347
0.188534107176
0.443875309749
0.147378555183
0.403613097428
0.382510645081
0.449150655068
0.620386282168
0.486113486397
0.314003689364
0.293647972124
0.297918788033
0.314680367639
0.313535332387
0.589993311146
0.439125647934
0.37034856658
0.370211473059
0.361085308293
0.253996264918
0.512935315
0.231247560115
0.679000132985
0.376870418526
0.104763774439
0.354109656895
0.414021584582
0.348317983079
0.272412103054
0.23940894774
0.407066461135
0.341637439984
0.283972411832
0.403687726391
0.754095537485
0.499232592701
0.51188359862
0.497285159667
0.486208185833
0.401679275167
0.55796976066
0.297598024021
0.414684354368
0.463365918163
0.216943450689
0.37827058108
0.566356893774
0.380967099722
0.190361965573
-0.00896775678492
0.499792490015
0.30890579529
0.527388910964
0.356858487684
0.385878560366
0.289590645754
0.53363011983
0.356330812363
0.44292492197
0.706851579812
0.414474309935
0.269239227444
0.626386030919
0.363212459881
0.671564532899
0.316681198879
0.101445500646
0.177705318084
0.209974103726
0.447924797806
0.115855802239
0.48686079192
0.53454017249
0.477883598495
0.429049258166
0.381818677004
0.386913239922
0.67454564303
0.157217991678
0.332298806594
0.486987396396
0.321903234983
0.380697883219
0.273672031974
0.324773758275
0.364108314748
0.521403876627
0.0948958389281
0.358361976032
0.457455093727
0.361614658952
0.339544501764
0.560474672205
0.274359048846
0.509772805457
0.399445049731
0.244294590651
0.394693294312
0.299747233292
0.434244466771
0.373288836772
0.549839316833
0.265516460585
0.284745121034
0.121703262364
0.232609574338
0.303773278987
0.602452885548
0.225332527283
0.454333042314
0.611240387314
0.428512989861
0.231461003195
0.262722802717
0.414672813793
0.364059233604
0.414824652186
0.869223532324
0.597190360481
0.359668998854
0.483882032108
0.205926289975
0.469460155136
0.459613202355
0.332521593895
0.312153947716
0.647718240805
0.254362797872
0.609953398866
0.314294891567
0.0767941562088
0.324596757821
0.284528492242
0.483313056939
0.340980468535
0.329887361978
0.228947989969
0.405882416514
0.40218412226
0.442289073397
0.34318390478
0.383316291727
0.563791510756
0.330721159167
0.284116438601
0.571236699053
0.315347113445
0.15801494028
0.16961229944
0.390090548304
0.360234693911
0.423238168245
0.299179268185
0.371149337829
0.262603884412
0.125721522313
0.249161877414
0.335157996802
0.405585590709
0.0940563677769
0.294875514299
0.39349083438
0.341168868963
0.524832367419
0.567785233945
0.204302933721
0.181230544336
0.15245841479
0.510527114942
0.464224101229
0.276741050437
0.171879141562
0.343884631414
0.338105717008
0.0770431675854
0.385317094474
0.461295780229
0.210118539161
0.6593358813
0.128585489313
0.397747281324
0.597742878814
0.603266936437
0.257955679055
0.258176482413
0.538118489718
0.644906867874
0.354319767963
0.333670614946
0.440713713098
0.391693449016
0.282289505481
0.382136939806
0.347093757828
0.310865579122
0.502140307887
0.248315327235
0.0244976329075
0.259980584167
0.329316578179
0.40502294679
0.282679987177
0.476273016697
0.407117893574
0.471090206986
0.345312415253
0.344956884654
0.407290458332
0.222371472657
0.454474717988
0.502628148662
0.28227266043
0.173961945419
0.4224527402
0.311069266713
0.318828780174
0.273966141194
0.603062588736
0.226402214953
0.308773104336
0.412053683541
0.120568346726
0.229573836309
0.278475430131
0.298889512776
0.290748766507
0.377057500085
0.270859891318
0.403330005792
0.347293224306
0.286869737513
0.212674892242
0.383654223312
0.319462547757
0.251157618633
0.447298440414
0.366356046788
0.332963666202
0.22637227828
0.519169070401
0.352350394506
0.555093427117
0.360374073811
0.398688800329
0.369459954288
0.247294948286
0.481509412187
0.142093649584
0.36387030312
0.422386388661
0.261627334203
0.395849853516
0.598488257536
0.682184297821
0.329977001763
0.430899653582
0.402119490508
0.580261941233
0.484583226151
0.295020205372
0.254091928707
0.309951218947
0.285233688131
0.450479112258
0.148266408174
0.266922836224
0.310271543242
0.412206557922
0.285248291588
0.450762579165
0.370930827261
0.297777189277
0.574694783957
0.277793624815
0.262969347254
0.36426621137
0.407289097984
0.436282195122
0.546185568643
0.503437982972
0.379519803686
0.651110596316
0.446436127892
0.413207255485
0.255725537012
0.558484597872
0.425700832
0.423430404627
0.341923146541
0.33791707288
0.364030951164
0.554087931721
0.298309764811
0.520640869507
0.553043550456
0.395474123496
0.181031390097
0.374922457808
0.386327301822
0.416112064386
0.340830431794
0.421708636964
0.265786163162
0.303736290063
0.360283482826
0.627916877542
0.483414717479
0.284782010055
0.480324666193
0.513891664509
0.185498251491
0.426778375468
0.603791847946
0.199526955503
0.305002854788
0.298104343122
0.262646155774
0.450618640086
0.45382936893
0.243565028309
0.106520600616
0.18241868055
0.230983694649
0.246717514903
0.469776547366
0.334759042129
0.199624024151
0.476987100286
0.275336163652
0.138727711536
0.295826256926
0.324843373321
0.0153516461064
0.299112943562
0.398205213883
0.306928115393
0.272490421749
0.649132612268
0.214668179832
0.0330322623786
0.418257353265
0.49260063684
0.35865997557
0.0404483499399
0.447034880425
0.318066872274
0.215742331711
0.410861846276
0.23322889275
0.302408838673
0.462586495117
0.218824205897
0.23716286726
0.305557386504
0.328630886452
0.350789782709
0.66687170775
0.303970040478
0.398750967318
0.309299162241
0.811380335309
0.240705657644
0.350231819007
0.377126997903
0.309837025954
0.54004384043
0.324987934997
0.549436228745
0.23479819627
0.601670025059
0.288395640834
0.431296854176
0.283108427634
0.12771140605
0.26575345294
0.457183783002
0.236451157269
0.217893530481
0.148147712796
0.206755388271
0.322450546638
-0.0957149866836
0.378756291841
0.503664165659
0.33517529295
0.313206565985
0.433283375597
0.302915836318
0.247589326315
0.451096122015
0.434084263798
0.437067195645
0.492681710755
0.320201685661
0.41094434971
0.427799907155
0.277405155311
0.102849744831
0.0689115421664
0.250102720684
0.125924424754
0.362262350932
0.508849975908
0.573281509877
0.077305044944
0.361942770073
0.369057373687
0.265629801597
0.295578420231
0.456682355914
0.252615493378
0.0485803406758
0.197302086281
0.412942220815
0.308892142491
0.495176294318
0.186738536397
0.275987035635
0.216176688925
0.141945236128
0.162753516619
0.191195157019
0.186541912718
0.122820127068
0.34122445297
0.306463566433
0.557493656504
0.525842674963
0.201904748212
0.428234849102
0.522457165082
0.13959925581
0.614475302319
0.142876641729
0.441670587404
0.375198464242
0.400369685789
0.448314582133
0.453104484304
0.345303542373
0.211567004884
0.0882668488141
0.291110240799
0.234385917792
0.0243954519498
0.4069654108
0.422769298896
0.413383886774
0.212040272497
0.394585064527
0.202590200174
0.0124781204758
0.453538850516
0.382107451346
0.350234406099
0.267989669755
0.182490234562
0.350123765975
0.354734965485
0.292302751524
0.333002984101
0.520275825323
0.320130382527
0.502051377204
0.330572973695
0.483739965674
0.414063380669
0.376291193706
0.431358626507
0.206953436949
0.60636900024
0.482160063831
0.453673497895
0.365351543083
0.223035399521
0.25636964304
0.158653391871
0.376171295772
0.429024180764
0.422990413266
0.193520245964
0.477295195507
0.454459962188
0.2815939433
0.337882888922
0.356334475454
0.390184453517
0.411507185507
0.395505982195
0.210504756101
0.216734825205
0.200537878129
0.423760920788
0.402086577502
0.302052081502
0.25642368649
0.511151777299
0.445626427823
0.347637270973
0.241550421896
0.0780834186391
0.349316751502
0.542110627145
0.418072759492
0.454724681612
0.445664287019
0.523838181087
0.479787473552
0.205425947223
0.446820580869
0.307669457405
0.145985137534
0.550507669215
0.314753548401
0.147246117222
0.178419676854
0.383786937976
0.274735257047
0.458125601089
0.430328105711
0.262860977396
0.341317305558
0.456421044319
0.373728959709
0.254168713922
0.409802668338
-0.0912790180678
0.116268660754
0.17638883492
0.287883569936
-0.0261922673846
0.361728242008
0.639731002261
0.257565753371
0.568888732659
0.480187336285
0.252981142537
0.438828916852
0.473226968286
0.353848093614
0.309769742652
0.211606088558
0.552032568291
0.327161648617
0.30907314993
0.112983612989
0.4390984337
0.014840469393
0.397836363219
0.354584023296
0.266366338194
0.300289296117
0.264049298852
0.427035857997
0.111253214863
0.285047070223
0.277115632668
0.362894714805
0.152304233424
0.376494007451
0.253731924768
0.412317334402
0.316244431756
0.331194957904
0.380853591476
0.334444817844
0.293653324856
0.593253910348
0.320684060519
0.304046259599
0.474634910744
0.288563842191
0.12258003341
0.169200574561
0.430508227828
0.426890357385
0.230302907404
0.462805529527
0.169251862708
0.322422713125
0.167754079151
0.437770552601
0.0983147008079
0.151826405103
0.133475923267
0.502709636149
0.431867916669
0.116613805939
0.348496471257
0.255758382731
0.282543986821
0.133313406441
0.254732983536
0.214473561696
0.128575327702
0.318404980959
0.506207563988
0.420127877851
0.224445673654
0.236955298493
0.337321726846
0.518754777423
0.445591241086
0.38217877318
0.280334876458
0.450222670264
0.427881083728
0.0490727882429
0.29740192215
0.181218538103
0.191905575515
0.297244550921
0.329941662925
0.220413920993
0.620673136003
0.131610576523
0.459119766122
0.234188290162
0.241010826686
0.391273832911
0.253352722798
0.416323014531
0.413569724128
0.502868578094
0.405026363184
0.317408135013
0.4089620995
0.452991201706
0.333242443703
0.297199696599
0.219838488752
0.426670873789
0.256231768812
0.32845598385
0.348821213063
0.228426063524
0.206422538622
0.285535086925
0.150570996428
0.29794485895
0.209261216375
0.283332355528
0.354368340131
0.45388292571
0.333437870303
0.527907123058
0.174604815188
-0.0844938618038
0.543436832571
0.449209282157
0.286552737717
0.127753214652
0.401075047345
0.155199618709
0.305044757853
0.274628851931
0.522037965485
0.0632911336971
0.401806467282
0.224741877726
0.299209435681
0.429019983613
0.329051639415
0.137816649274
0.461167602905
0.369209102341
0.34846761406
0.31142676092
0.31468953975
0.505689002329
0.19373675264
0.28212052988
0.174327600237
0.202708751311
0.295544587815
0.287238629713
0.417293891873
0.237611278722
0.35646780861
0.22285230126
0.266594113803
0.414166233993
0.00969476938944
0.279703652513
0.0332716286442
0.264573402129
0.284977067289
0.143594832619
0.281433865442
0.493159540829
0.0480565530937
0.339161840642
0.171355703666
0.231815951309
0.102797193734
0.419158008855
0.496930256129
0.190939105298
0.341428826408
0.249265846494
-0.0224577779922
0.202451934132
0.270307677053
0.10167008416
0.414986166253
0.412194578648
0.310452894148
0.580424519174
0.20553195326
0.382253587084
0.31780876929
0.29575270905
0.444887326453
0.419756105586
0.379947835853
0.266009684795
0.279843318569
0.0838171700863
0.317535901009
-0.0272037044612
0.436113446153
0.251299341486
0.468175109942
0.190284806252
0.3686087792
0.154890762417
0.245928875114
0.239477174785
0.261398649071
0.275288398074
0.396622427366
0.177818978812
0.361712850508
0.408193936346
0.268676885981
0.358410356267
0.299225130982
0.330413854167
0.369998092507
0.157335753434
0.446865255556
0.304228013922
0.215105294139
0.146881070802
0.249838306166
0.235069730596
0.189719200165
0.07038736736
0.0325806690668
0.207137646683
0.332635438401
0.333046405271
0.181387193323
0.439349645619
0.444380644735
0.432542601345
0.295133044983
0.213256740104
0.513112276653
0.180618486844
0.273679440846
-0.0452869769517
0.210705980879
0.147696953345
0.244952255798
0.154696295597
0.216289514108
0.500052348013
0.347822340221
-0.072059343101
0.327669831339
0.400045097781
0.212523902495
0.596833970494
0.337191788994
0.329445536151
0.176092159116
0.199447463613
0.301146981617
0.253980672437
0.195335592206
0.254157064893
0.224218877756
0.0578240028012
0.307565553895
0.214309697601
0.178621035436
0.23116816509
0.214998968984
0.319632911452
0.374121399797
0.323005323183
0.541718683085
0.411705093845
0.2249317134
0.4748686011
0.454243533443
0.195165270623
0.415392515515
0.135947147971
0.336975061598
0.504613354512
0.289898203659
0.466024810855
0.105634804762
0.340452640618
0.110401918776
0.217644458951
0.0654839493699
0.21112853538
0.288633755794
0.426324548682
0.188610995844
0.147823053677
0.214144327369
0.210477976885
0.298995891031
0.231528107628
0.297766187481
0.254467712087
0.104017170153
0.212943949502
0.171924599526
0.195259179078
0.381416818744
0.317834939977
0.384575006208
0.365925690232
0.459671883227
0.195783229024
0.333346303959
0.0943271762196
0.307358704231
0.39075567418
0.362533697971
0.248386820795
0.284522438183
0.117530652606
0.105277441684
0.224658895871
0.245913651597
0.223456786447
0.124874969218
0.47109055184
0.141588169747
0.211639968336
0.217912914465
0.0947688897562
0.529255427511
0.635897457124
0.227079885536
0.460439841446
0.302402295835
0.251579783565
0.356053893558
0.416843563132
0.152161332306
0.375423953602
0.373298943516
0.485629797686
0.26153742045
0.398512068426
0.174214927322
0.339622566629
0.333145344009
0.144985134194
0.47603027755
0.327869493962
0.300732430293
0.0596906438408
0.0584992525148
0.129280704103
0.29346145994
0.354867906761
0.176465931785
0.439015831016
0.304001330339
0.241792912278
0.163731766355
0.298308298554
0.403745701286
0.0965418160223
0.220296520461
0.234565505404
0.246091534415
0.288244620343
0.395463985622
0.33564813197
0.234320268684
0.150243931226
0.343601575963
0.33685235522
0.103025808076
0.445620836992
0.226453864653
0.0927987286243
0.505143495734
0.424740080894
0.431596922481
0.227811548679
0.291973257015
0.233131050712
0.087164462248
0.290778153306
0.316554398711
0.235215322648
0.32738703405
-0.0872768127044
0.116801424138
0.496579910828
0.441312122024
0.313858175987
0.170898553778
0.312334871284
0.353549044413
0.231763156252
0.1773848937
0.17569447964
0.0679705313946
0.322663164344
0.339055452331
0.421719565228
-0.0314904070098
0.44491322463
0.378525929387
0.282888047588
0.460765445432
0.535223336416
0.0717954898193
0.148989442804
0.223452329844
0.443233650017
0.295734830325
0.166513393132
0.13331855876
0.166332415047
0.402188264634
0.227439616961
0.230947295247
0.317450096688
0.174525559698
0.296219092729
0.455689228226
0.248584882261
0.467914836796
0.391453495424
0.279963184952
0.261178348773
0.185839116158
0.300804267469
0.202966235137
0.171672906089
0.411229151209
0.290386411827
0.402066415317
0.112835711319
0.0838716927254
0.33991314433
0.196215872816
0.133928588515
0.187429642003
0.171140638898
0.321508094613
0.258139322431
0.230662935745
0.118862315264
0.449128949635
-0.0701665117012
0.196521371246
0.345378620681
0.135779726114
-0.0723413533578
0.484229448802
0.113166186556
0.321896378165
0.198912188377
0.459581928998
0.295871230583
0.40590255832
0.101868554733
0.137616485293
0.178806041346
0.124265969723
0.0164471031314
0.26113346242
0.175441483683
0.260704372237
0.201790836657
0.300256038576
0.172437583668
0.180331672034
0.204964586377
-0.0582704630476
0.143628097717
0.125393338229
0.459609601842
0.185468739167
0.214843828102
0.703028673329
-0.052825228112
0.276418309057
0.0481298847114
0.24818023422
0.241812993041
-0.089451553341
0.205508203505
0.206727500284
0.307857684477
0.12985457631
0.0151041211731
0.334992719344
0.0364690511301
0.0213153710366
0.266210549836
0.350243437886
0.464182955299
0.321739569334
0.519890616538
0.224530034539
0.501593833522
0.378892513753
0.133019968007
0.444553351548
0.260329661206
0.387665664712
0.271659433138
0.46867055917
0.253625138694
0.0107591192407
0.175364799258
0.377796796741
0.179173264757
0.428005889356
0.107748044674
0.1621500055
-0.11410247408
0.316728403075
0.129428976023
0.277625958801
0.233838088234
0.303885820488
0.221935891376
0.0908246103004
0.231219493584
0.264576322752
0.33654527197
0.267067100194
0.324480604226
0.224859645952
0.157960003381
0.273997514964
0.164589585839
0.385249117308
0.126905607848
0.0502435815822
0.319108146813
0.38722045527
0.36702406921
0.381508306719
0.22745692771
0.321151459049
0.381921906268
0.147959476016
0.184838777284
0.324254083649
0.0950669761773
0.166501067515
0.142751071423
0.375095552545
0.220718008592
0.423851244839
0.376851688725
0.336996069712
0.218222769361
0.201971989375
0.242514590713
0.342424045313
0.00149145482576
0.104670985281
0.204602697816
0.106816153616
0.184067243999
0.380628682528
0.237151622333
-0.0884603246937
-0.0907461876271
0.411265865417
0.320656799959
0.439203213331
0.289066124169
0.118329439813
0.250297306566
0.292309790209
0.328092739927
0.253392426759
0.145347650657
0.284105394688
0.224211685548
0.429776959862
0.134377178351
0.233439721441
-0.110219119796
0.256044980892
0.273968810649
-0.00604473432355
0.144824068052
0.444768152575
0.23522895162
0.0300812587311
0.0583008206774
0.283370096748
0.0682083227873
0.013634887356
0.166683694056
0.127267266106
0.312216605862
0.270754444415
0.0408283631396
0.340044457791
0.121825281875
0.254539807363
0.495917929678
-0.0925279210974
0.136271721504
-0.0218360686359
0.113391755324
0.412972427938
0.144037664536
0.334746010145
0.242522624899
0.110987423251
0.141903342348
0.190973514329
0.349920620322
-0.0176076490107
0.0623099437081
0.573986155916
0.270931129681
0.451154666377
-0.0699311863162
0.195935896357
0.02157443255
0.322165131791
0.344046377849
0.310291650676
-0.00285506498912
0.19770886061
0.415843062133
0.253843051703
0.342834229274
0.135912580428
0.273180612948
0.250598905426
0.242155367782
0.152587804324
0.472349391734
0.200219983918
0.327461636691
0.175396941236
0.130595449976
0.117907071641
0.308541213406
0.521435921231
0.0121268950025
0.196473701238
0.363252871061
0.179535909862
0.233630523392
0.068246335331
0.334838073434
0.0454512060558
0.174479288048
0.21745985955
0.0720934190667
0.38709082008
0.341391684151
0.123345847399
0.284812117435
0.0631799073502
0.274456488365
0.0321414985101
0.103521320153
0.246290656305
0.00527638990548
0.0532319504307
0.202509122947
0.138946402869
0.143759259055
0.129536111167
0.156237012208
0.100994215877
0.0414888952487
0.00848380578344
0.200526691418
0.415797992651
0.213346562512
0.394780565182
0.215913092689
-0.100224557757
0.200654491546
0.26088020082
0.202141465612
0.219424915428
0.177683972881
0.259249833204
0.0076722188282
0.308607215811
0.156848518759
0.283256263356
0.309182915594
0.335568047199
0.298432156976
0.265611353405
0.0812847538241
0.285219263376
0.193719251173
0.235675448569
0.297795344926
0.159257247325
0.287505140025
0.162188483765
0.324835973156
0.279297808658
0.524050326706
0.421220604459
0.142047896377
0.252380236096
0.209036632758
0.330886968354
0.160945302044
0.181825920664
0.45194177081
-0.0372893795203
0.40336115614
0.111361293427
0.0790023697188
-0.0398049277004
0.184514331859
0.224338509524
0.302249325087
0.110343332412
0.236468478303
0.084892241787
0.224707376902
0.204486553961
-0.0172981968799
0.328047645929
0.291750560636
0.142717363186
0.333143663528
0.0754171949185
0.0959801552702
0.310011745984
0.362822024965
0.156111851854
-0.0497861851258
0.266658455657
0.267079092415
0.19403907362
0.000943810605062
0.14246914247
0.151671089525
-0.0800023963526
0.555406853497
0.346783760341
0.348256520122
0.21443304748
0.145996260657
0.246575892852
0.216773700477
0.28147632238
0.354740399671
0.296997761185
0.106929179577
0.173490781798
0.159976687005
0.184186072261
0.064826085053
0.498345572356
0.238062160659
0.234963943545
0.00841076980677
0.124595749925
0.242020683904
0.194359120419
0.0695315551272
0.310465802483
0.233903849901
0.212780870579
0.107960593555
0.123008632713
0.0917462663194
0.185124956772
-0.0355719532331
0.352586525383
0.0532027375018
0.335106145072
0.20038662361
0.229458447701
0.209157445003
0.138413637809
0.138975474218
0.213088150629
0.0702899459073
0.278534221243
0.306577038372
0.381691551768
0.121744798415
-0.00317297538203
0.54827480043
0.148006171575
0.0549832868614
0.338676255153
0.0750477235353
0.275478886809
-0.100257400395
0.234176017375
0.0117084477237
0.157499098238
0.296486118434
0.202313026542
0.303184964772
0.20082018174
0.0671503945616
0.335775058744
-0.0418907265232
0.183740440787
0.0929903925036
0.207402261455
0.121792765154
0.415140775743
0.0217204178285
0.139143964648
0.223309559516
0.25992908848
0.614145309169
-0.00775298677614
0.182272814751
-0.0333428747372
0.200584070608
0.188452681754
0.241014293356
-0.0457592825283
-0.0569979247764
0.220890968003
0.120757128147
0.197372491397
-0.0401387951974
0.253575300242
0.0475369528134
0.0448626040095
0.249118732951
0.0668889704539
0.00853343806347
0.112502004854
0.172589151782
0.277619353919
0.17053159276
0.0911732140516
0.19671301768
0.147972761841
0.148871811796
0.493439750874
0.256437554852
0.241712886438
0.105222566367
0.146734080387
0.259496206161
0.0783401709395
0.281817324507
0.112319315649
0.387465290031
-0.0191686129417
0.1553860481
0.108937411791
0.244627977158
0.0116511096362
0.0502209373764
0.215170624823
-0.10584073886
0.109810797132
-0.0473988597501
-0.0212008884966
0.135123541181
0.37973595907
0.21643114751
0.0383756738235
0.188496375158
0.155517425791
0.275166082035
0.104227592234
0.0967821697155
-0.0236989991966
0.0621097441159
0.331752681415
0.212340502759
0.168812211911
0.180137417004
0.359207256925
-0.0298005429021
-0.0215687786868
0.348998159485
0.0286416161308
0.274114159253
0.377516519833
-0.012256635581
0.334480348054
0.155683674241
0.247879258958
0.0962294635046
0.320135187299
0.113348077777
-0.0876952277027
0.136453629921
0.0986877244577
-0.0940906552561
0.529353829602
0.0154877472241
0.0484409902942
-0.00988138743845
0.024683341094
0.37418901827
0.0997834630991
0.119923906555
0.260994313197
0.123898539778
0.150869722213
0.210319219456
0.204514948511
0.218255892129
0.0634363056893
0.20340390055
0.132518000894
-0.120803918842
0.119372780908
0.280132376677
0.00751668307706
0.0914039239197
0.146327719072
0.17164279377
0.0962787644803
0.313257777803
0.218067127493
0.179453915872
0.349045116564
0.0536455020453
0.0265963146347
-0.0738807207512
0.251221382106
0.378866319074
0.153617821877
0.0272648477427
0.147710948246
0.138182930633
-0.0779483268129
0.268418252824
0.421445720339
0.340804092875
0.225779006595
0.0564887544806
0.0404450079584
0.0540009319575
0.147735392528
0.415188477916
0.134863040048
0.0662418977782
0.0816044361227
0.140342279462
0.272785451787
0.113550963236
0.14483398331
0.197506485331
0.337256005714
0.14798983228
0.0414372181566
0.0900715384163
0.426523568273
0.124018715795
0.111778933891
0.0141453274168
-0.0192127499791
0.168094750242
0.206324726683
0.0441161756037
0.188055572392
0.0419260515481
0.0414518436393
0.078110446896
0.213691155965
0.168034801517
0.153325104245
0.276642599688
0.202510175879
0.313533645568
0.0228881068489
0.158769179048
0.110712430946
0.0532312430533
0.264451684095
0.126499277791
0.11134989772
-0.0319661083185
-0.0593471875286
-0.0586764580581
0.126517209266
0.431683855666
0.219276895343
0.0874872938345
0.0369206577554
0.152950856996
-0.0203262766314
0.0916571078707
0.223465183437
0.206026107449
0.13912594556
0.332444478439
0.404886045134
-0.081768063811
0.272351868595
-0.0648009051315
0.0742408611433
0.05595948847
0.211909455553
-0.0756586135787
-0.0199531449453
0.019943197448
0.147331844631
0.145266097948
0.0915620423548
0.241945281355
0.113931001005
0.104602423917
-0.00247362959249
0.634712465575
0.181953268145
0.0924573797435
0.0319872308375
0.264774508484
0.256067857252
0.130781453619
0.0678046176191
0.164261268608
-0.063102323438
-0.0836091520264
0.0285801746946
0.124279546866
-0.00497330794307
0.150429023825
0.132561848653
0.162029286354
0.27414412138
-0.076898178854
0.297080577562
0.0496408011492
-0.162494974681
0.105240268436
0.00804112749934
0.389997899314
-0.0362867024522
0.129109463351
0.202483442395
-0.034213790278
0.0499084980901
0.0840488992947
0.163538446136
0.192270714042
0.0863067158186
0.139272986956
0.0378828326355
0.136630793745
0.152339085682
0.0982097654055
0.154960130272
0.224483513182
-0.0398778138161
0.186290375416
0.282776566259
0.0783826155656
0.0167753211885
-0.037736197737
0.140445910345
0.173976882709
0.107592511181
0.269950714236
0.0826476850438
-0.00279547549573
0.212065106308
0.103776591235
-0.167908896884
0.100923146184
-0.229427423053
-0.0384655171662
0.103614119949
0.0662736986874
0.0661717061002
0.207428274212
0.51074360707
0.269392648727
0.0615051520305
0.213176151628
0.0689434148324
0.0920224528527
0.0590190958065
0.320482295035
0.0595493702037
-0.055663517709
0.279891397563
0.0514543240609
0.00364120536387
0.0278310946202
0.12141069116
0.233753399524
0.191424844428
0.157475816769
-0.0342906928622
0.110784903155
0.130081115616
0.357444436212
0.0194614988135
0.0720456484231
-0.0124171799431
0.146116813808
0.108709601634
0.229196339927
0.0586670641217
0.138538344988
0.162510676954
0.150358104341
0.127435709363
0.181432439937
0.255468074938
0.216530186295
-0.102161259237
0.19650298897
0.156823331546
0.294291273609
0.166334518354
0.224946824597
0.0838449154086
0.175097415871
-0.0114689034434
0.0270991191581
-0.0752176971805
-0.108251517063
0.066016644854
0.0992325835182
0.247412246548
0.242720706399
0.0148076372093
0.00917592189622
0.151894094718
-0.0813868226048
0.208483445917
0.244383039885
-0.032210231778
0.122117104944
0.141334637875
0.262081893986
0.322884308578
0.298289556277
0.132960022854
0.134452573331
0.433735625079
0.152335007795
0.175527576613
0.158318479958
0.0683232283572
0.0574076801343
0.105300824278
-0.104548425658
0.133562038469
-0.0890072674664
0.173983456279
-0.0564928123781
0.153562403622
0.0768338213262
0.0193535287203
0.33212359904
-0.0427244896296
-0.0509626610124
0.0350935188189
0.144618384622
0.104863716794
0.187370960471
0.166699792684
0.234607146213
0.104539463707
0.231357242883
-0.0103974323301
0.0296787997727
0.161147811429
0.0988140161504
0.0266432517764
0.00470443712456
0.295794640879
0.098841360574
0.0286642911725
0.111800581187
0.0891131723075
0.168043976542
0.328023234428
-0.0260942695185
0.228281162778
0.250569213824
0.126280975887
-0.00741570399859
0.01773636461
0.1292775375
0.172386491935
0.125516532833
0.170328332563
0.198851409845
0.143705747923
0.0705960747632
0.0222870840103
-0.0891303085404
-0.0314922521989
0.16668147139
0.298936822815
0.0050862357841
0.0914960872901
-0.011672029169
0.147636755506
0.13083901193
0.222809118396
-0.0187114940057
0.123962915261
0.0336492427881
-0.118897747848
0.188107628864
0.0654489687423
0.0950465142215
0.0947576419185
0.0598847332632
0.161884862739
0.152790026468
0.12751919133
0.270667795872
0.135269478376
0.0303983891362
0.231186521688
0.176662374293
-0.0145511669093
0.119892512349
0.0744338830902
0.279764301921
0.129155350721
0.199621103338
0.112415374156
0.0677004187471
0.110206308308
0.244779485769
0.0824368109976
-0.00890570303887
-0.0099745301083
0.146913786094
-0.124677315392
-0.0218621897879
0.0682420019144
-0.0893194279975
-0.04816667439
0.0228215906805
0.266198974482
0.0605247536599
0.0186845176014
0.0923948814968
0.0174256926696
0.00396408293116
-0.105855680332
0.119843940333
0.114125329872
0.090223758014
-0.0531417658074
0.291697347151
0.135636842171
0.0734432551342
0.00479597742438
0.0619492697151
0.076076407392
0.0796131270313
0.0501630650674
0.129384185044
0.0645666582106
0.200685542635
-0.0182521694223
0.180368001412
-0.0786617685409
0.185687008368
0.0900746835588
0.10190321071
0.00275799062245
0.0749104306151
0.147169170971
0.109169535781
0.146701218157
0.0972321638645
0.089849285601
0.168064369436
0.0412220612924
0.100869220156
-0.0919229310682
0.211201318325
0.0850120686055
0.0196890744882
-0.0180870890286
0.190960921611
0.222745933259
0.0291928650209
0.006878158594
0.00532954754806
0.101354360989
0.47602837567
-0.106596913308
0.0117236957329
0.341447273083
-0.120111255699
-0.00945504313274
0.01629670751
0.173687738279
0.211526025341
0.164813959763
0.0657481478248
0.223634259525
0.265804127765
0.0434341230865
0.255607300369
0.0845980038878
0.315773127695
-0.0649413668034
-0.0839434276121
0.043058034182
0.26818702313
0.154511220718
0.162376464915
0.220094725007
0.501162649197
0.206549887894
0.141048522424
0.0221726185097
0.0215579720477
0.406480174117
0.0568117914676
-0.0295609390645
0.0588302496725
-0.0536743176862
0.145364063807
0.117395087197
0.0601723666179
0.347826491689
0.0894858984422
0.0278833798305
-0.0507801866999
0.0696777493013
0.0636787606894
0.153105753138
0.05332438475
0.0604688145867
0.160053917624
0.0535450066436
-0.212112034739
0.0841614412529
-0.071287986063
-0.0847502681713
0.0253030243228
-0.00463659819024
-0.00678973702035
0.120732240789
0.0284544626919
0.207345942108
-0.0246347792531
0.272772264895
0.0930104755803
0.246019349324
0.061125643077
-0.0169231974998
0.196537053038
0.137262062882
0.0933509429654
0.0688813518667
0.0425139998649
-0.0113484662073
0.129248447925
0.0381377097345
0.108753077935
0.115929838789
-0.0284061859312
-0.116160979736
0.107162828914
0.181620820535
0.149539901014
0.0161908196109
0.205570189702
0.0973274984133
0.196235059954
-0.0427718096474
0.0986502177384
0.0248799020947
0.0610832954255
0.0496962366866
0.16886085494
0.213352946406
0.0650038727622
0.0752736805082
0.114236310979
0.108508192183
-0.0266972982509
0.246369769555
0.2214544022
0.101154594507
0.0723859709989
-0.0178723233687
0.316912519753
0.177227151333
0.0575143968505
0.130575038607
0.168640563047
0.157989461349
0.0677538464335
0.0295662824154
0.104266476563
0.213471335364
0.00609681841672
0.160132905082
0.17700163117
0.029650186169
-0.0011094598718
0.135980120067
-0.0171146300164
-0.119964243356
0.02886790591
0.122269954844
0.0238694745254
-0.0255146887982
-0.103680193644
0.284070788246
0.0909838811481
-0.0728872138831
0.17459114207
-0.0312137865075
0.00597828909651
0.051094948273
0.104763654717
0.0125250877171
-0.0066931479487
0.0551101075911
0.107187951383
-0.0186963953885
0.123350460008
-0.0939066246992
0.0156837127419
0.00646468083552
0.0990538819109
0.0854449117207
-0.0656291199454
0.12996784579
-0.0586356834549
0.0260840315788
-0.0119466009907
0.157976646934
-0.00301991154835
0.1052410543
0.0901412410199
0.0968213779654
0.264220897425
-0.133784059144
0.0817584307443
0.0750632451542
0.142886401395
0.147071685564
-0.0400634665646
0.166692619439
0.050250224886
0.125173799128
0.0538576483849
0.034751689098
0.0202919966566
0.0480613842203
0.178838337314
0.138847032196
0.141009585811
0.0198721019551
0.108189371328
0.175052045696
0.0716163331564
0.17502381661
0.0486371402174
-0.0839441333899
0.108381297672
-0.0399306101527
0.34828158805
0.130823513529
0.190022791457
0.039553137764
0.0942717242376
-0.0306335715875
0.124993080877
0.223976354354
0.0197200347828
0.0664501898911
-0.0279144530282
0.0803200484723
0.0748380259266
0.0760697083701
0.0829339317304
-0.0987617457475
0.162285208797
0.276479678638
-1.59360257578e-05
0.0672985359671
0.130808612953
0.0337728326667
-0.142617862444
0.149538277497
0.0644456409174
0.11613124347
-0.0212011976924
0.137012529258
0.165117631177
0.174037154826
0.10689786017
-0.00291010938246
0.185157177812
0.0730396775964
-0.0515368401286
0.126473207041
0.0345359812585
0.248575150192
0.236909356304
0.139101137468
0.234379350344
0.0744744830298
0.181633412088
-0.105049589321
0.232184602093
0.112154614863
0.0486142716795
0.0342929383956
0.119625050253
-0.00355169799009
-0.00769382248034
0.158405022619
-0.132890346731
-0.0195111301136
0.077244605859
0.0634616788065
0.251188523901
0.0914885786212
-0.00040471116754
0.0384738742943
0.327245467585
0.177390548676
-0.00653357239892
0.045660978943
0.0597462586572
-0.0269249699182
0.108561552613
0.112105195587
0.166838713382
0.117137288619
0.076011727221
0.0252098408428
0.158124118076
0.105984718564
-0.0290992960723
0.0987421964532
0.0027212548879
0.016698673245
0.0651797388896
0.0431258548606
0.0215657572287
-0.118094428759
0.0624300845565
0.113821930694
-0.107852562032
0.00164550620041
0.218960712436
0.0107411366819
0.0449195021438
0.273839192715
0.0602801404341
0.206097082139
0.119375321979
0.00399305531378
0.0323463801343
0.123064272132
-0.0172175600057
0.0614063712521
0.267185576573
0.130845620868
0.111394897544
0.118174289332
0.0630619318967
0.0298622191072
0.119876522117
0.0289676419415
0.242498319475
0.164272511244
-0.0470965905876
-0.0812757874161
0.068272537052
0.124309440441
0.210858100017
-0.031697306427
0.207731565047
-0.100620487807
0.183094607924
0.202387816742
0.0339573899527
0.036565390446
0.164974798175
0.0760620021237
0.0376509778945
0.211490724906
0.115695644732
0.0988265880732
0.133965462381
0.0126441015518
0.242558862274
0.203646738187
0.183824371399
-0.138881267665
-0.0203002930783
0.125921716707
0.0576988805811
0.129448178065
-0.0375299486666
-0.106012117565
0.213322305109
0.192205829499
-0.0751844604118
0.198068345818
0.0123553060541
0.111918953365
0.134082793487
0.0409844491005
0.0866964335781
-0.0441319189802
0.102904361261
-0.0970852668858
0.0912745784191
0.0765792388666
-0.0461867030998
0.0418663713978
0.0705724817982
0.095822543128
0.0757714796472
0.025640670139
-0.117636734223
0.00948271065423
0.0650038657788
0.0750504445665
-0.0833322474408
-0.0807172580509
-0.0163051340513
0.0803943672399
-0.0658523491627
0.0779818357431
0.0602389077297
0.0492034791029
-0.0105839429374
-0.012541122411
0.164001019621
-0.0379287194402
-0.0066694260772
0.127762326304
-0.0530343610514
0.0254554011811
0.205999141071
-0.00178903737124
0.203064416612
0.130145083937
0.13751516776
0.200535177807
0.00636798160815
0.192677936992
-0.115218230388
0.0560832915522
0.0539972026544
0.00749184101758
0.0897076966465
0.0332109100136
0.0886435782869
-0.0277446979455
-0.0362700775391
-0.074185372903
0.0454728893581
-0.122206100906
-0.0226896268472
-0.0298071199601
-0.0182340468235
0.001011150647
0.0705837066012
0.0783685528596
-0.0441419437899
0.175435527056
0.127042021105
0.0901121824433
0.0394454066294
-0.0373445453672
0.201112833291
0.0771389103049
-0.0166036825588
-0.0374941966193
0.151460869474
-0.0445633332023
0.0332571289595
0.0295138399883
0.0825360954906
0.0527610140744
0.101259743408
0.0978893545042
0.203619368864
-0.0878620651691
0.043145486108
0.0219890996424
0.0280807299806
0.0610385695331
0.247088299623
0.21159745369
0.252892905071
0.178517344369
0.0563854840662
0.014421433264
0.200568253755
0.106626994207
0.257968994848
0.0792141284959
-0.00323250865239
0.0606128718588
-0.0102039070283
-0.0485875432001
-0.108314364911
0.163708113229
0.142161367058
0.188637898442
-0.0577675842204
0.0823959496744
0.210911723706
0.0744579735757
-0.0490563074992
0.0257949035664
0.0813942053421
-0.0377017579306
0.0864653492081
0.0847073047873
0.0783239199425
0.0816434196065
-0.0310047150981
0.0564894441714
-0.0956205532939
0.170165402277
0.0848325381953
0.104175452396
0.0178489491032
0.0597235861687
0.0993646181742
-0.0268491185305
0.181013694888
0.0555042458435
0.0151496130719
0.12229492748
0.0786869102784
-0.019325242477
-0.0236169881302
0.016648915349
0.0466921217411
0.129239156517
-0.186390819114
0.118019986736
0.168576847069
-0.121086830628
0.0603990281648
0.164957299927
0.0753618983686
-0.0122047651239
0.16456165823
0.0605266172111
0.0325717829595
0.0523624454221
0.141749487584
0.033489568024
-0.0548479935523
0.0225877938487
0.152059806835
0.0838162514798
0.0620354828628
-0.0265912847366
0.0174950641808
-0.0400755811342
0.0857975582749
0.147630701383
0.0471325808564
-0.0518412328849
0.087811027876
0.132785957158
0.134039403393
0.153292936929
0.12046382919
0.0502634257418
0.0608896378575
-0.0969724961643
0.0573128759804
0.00769871713866
-0.123089762946
0.0566155648529
0.0221856999523
-0.018132309733
-0.0202050414882
-0.0862994207484
0.0936647913796
0.134261326629
-0.0871500187409
0.140953984867
0.154211840039
-0.130490367101
-0.00994734283911
0.0965489233583
-0.00425506640806
-0.0152512014727
0.154818245159
0.0419627311411
