0.543352982586
0.643201986758
0.504989482743
0.667336495982
0.40843804585
0.543489576434
0.610896485795
0.654621914256
0.540835488922
0.641634464287
0.58848010172
0.748812758278
0.575632836122
0.458522215114
0.578854428645
0.580671389317
0.616749712299
0.577732039477
0.530629795151
0.405985938349
0.418691434233
0.520613003341
0.569337834723
0.489575436002
0.381138748298
0.417470297946
0.459941622351
0.461808419498
0.409119462767
0.478336181124
0.472754654694
0.738509858148
0.667590223418
0.658220124709
0.503731115341
0.484789002343
0.635620253891
0.522403193762
0.447866637806
0.392506563248
0.435679801069
0.741144991972
0.372683678839
0.589246281662
0.402803411372
0.720343355567
0.457742416979
0.453304183304
0.464227240529
0.527996043295
0.610365951921
0.618340480852
0.590339517715
0.404170335123
0.486371699102
0.870197847617
0.600206758176
0.341736795247
0.51763934438
0.724063851808
0.761025430619
0.476713571601
0.441351430665
0.587240133888
0.464402291584
0.731534019221
0.511959908378
0.327620058277
0.433680561575
0.671910292932
0.584581217126
0.290927672407
0.323076540886
0.575614143385
0.572948859684
0.419904470485
0.683000051328
0.416153836106
0.523217424328
0.387926456428
0.458553823892
0.545846375435
0.392857824784
0.506445423468
0.541615376099
0.682107984699
0.205586215917
0.443461889729
0.494135581259
0.381852756014
0.368311669447
0.658535923349
0.528597035013
0.507362591768
0.288144804582
0.35786883073
0.397564515666
0.627173593975
0.369207864964
0.560399546407
0.407252193762
0.423586739601
0.703917344268
0.314224142816
0.45058741316
0.489466249283
0.392329904761
0.476406509187
0.444952716475
0.461701479017
0.278483352865
0.381021570838
0.516547346111
0.377816218161
0.42152910597
0.459128182168
0.598513762069
0.400617994632
0.39674862996
0.597863903963
0.399372250695
0.461188411685
0.507414218932
0.622639685809
0.477589979857
0.299520993444
0.390853940399
0.497914551836
0.507047009477
0.638929063869
0.648515601601
0.442407559186
0.559843402833
0.746782113325
0.377907566167
0.55006021308
0.425329129656
0.36259843071
0.605722383661
0.381996118943
0.283277751733
0.382850130898
0.484136592107
0.35862238885
0.541251659646
0.475399300048
0.239388686954
0.549451804337
0.371876445327
0.581575630684
0.394953304313
0.366930321406
0.444749673102
0.573239346475
0.313841791061
0.291879134658
0.560195059323
0.528316488758
0.554216033842
0.772947938371
0.525232776884
0.613458004251
0.536094828951
0.51176397332
0.455959030938
0.748065866923
0.404125820337
0.549111011484
0.520251138737
0.485632359479
0.416881868388
0.558265975495
0.354475088025
0.538286589812
0.396871055
0.615674790802
0.44157136358
0.31450398552
0.545118618409
0.727849369904
0.611058495025
0.59241786308
0.468360416059
0.513604935095
0.472700006099
0.328466698032
0.47361825174
0.442728844771
0.49223874057
0.546082497802
0.381562439437
0.250625100206
0.556843467589
0.714451706959
0.678159023465
0.445067310121
0.340486417417
0.490775164298
0.311127421433
0.100923341006
0.725687509244
0.30792445092
0.509023193825
0.337134220024
0.482320479754
0.713265784668
0.64651097842
0.459228162182
0.548493074191
0.458580963679
0.38600196216
0.627972398595
0.413000754277
0.477861735133
0.60886434811
0.355610764681
0.384163951621
0.300298086883
0.492077270556
0.329728640052
0.449894036342
0.41288820071
0.531265774344
0.6306789417
0.616745259248
0.525096172123
0.416507488016
0.412442043555
0.47996905977
0.672643498942
0.685877576739
0.319037516281
0.338671354466
0.525452280771
0.617914892936
0.495325186545
0.58633397253
0.401138003888
0.639616838893
0.513055355102
0.34454547455
0.575937078322
0.303524723065
0.578876155118
0.629725632018
0.235297782588
0.456416099721
0.607136455691
0.521067779397
0.73544095769
0.692332351769
0.278136220028
0.417680051019
0.438040180382
0.592029862994
0.771102869133
0.408573950112
0.573125294377
0.405278791172
0.443607662651
0.533672440248
0.491146073708
0.526821499947
0.473444385215
0.459551537895
0.444894201863
0.20550201213
0.583483496493
0.49827211447
0.31118067509
0.585094639835
0.348391281376
0.434809577935
0.327194848142
0.473744038893
0.407967651664
0.636834993286
0.394829605422
0.469257939257
0.589374927217
0.625230915321
0.51335794679
0.410366461953
0.386139664336
0.403050132082
0.478331580188
0.808267064316
0.419724416867
0.58382108446
0.68668003484
0.403891429417
0.460941345495
0.372206927429
0.404585649142
0.314863508055
0.475769509053
0.602522914591
0.560680763374
0.289786769156
0.29971081961
0.405571454548
0.620432733596
0.209344972289
0.347485067116
0.603311671865
0.329236329148
0.453095219058
0.532917906716
0.562395839026
0.497936135224
0.295973272539
0.397059815374
0.48941534397
0.581849715777
0.468632195119
0.332950913161
0.501685534696
0.530865252399
0.528728077332
0.417101820959
0.443645309457
0.708246201448
0.338900088985
0.374985332059
0.564753039549
0.469070606947
0.497750628451
0.294104307516
0.593145119676
0.48169049702
0.263774811761
0.392075386983
0.618620433666
0.58017492992
0.474500043849
0.459640572019
0.315971194471
0.446040625417
0.549067034961
0.491203859368
0.501351444253
0.475395640241
0.416677732149
0.416615900511
0.446205634271
0.523303714677
0.39508193454
0.280032884786
0.399422850356
0.298995847861
0.382665468714
0.641445528328
0.37517329414
0.430715825678
0.363392498716
0.609441261736
0.49845458463
0.451705726298
0.375739657337
0.449375715469
0.476371694396
0.562276172034
0.230133840337
0.423193066292
0.404970926246
0.603457646455
0.413729677043
0.514771482003
0.592706457795
0.486242839357
0.374026496686
0.489126393114
0.48555403431
0.425097464577
0.476592963344
0.421398621006
0.422089509418
0.289490931022
0.468081660392
0.716960233764
0.702021132626
0.802845281236
0.337602818452
0.435497151953
0.666200305842
0.555217066994
0.361536928601
0.265428355137
0.42417698046
0.384171479836
0.557819795537
0.334059300734
0.399130044893
0.46376716847
0.201171041525
0.514426365304
0.378383672733
0.366955987541
0.319037274702
0.32453152139
0.584128287917
0.461343646201
0.380234371546
0.542084860397
0.204961904604
0.463787728418
0.465926676761
0.422194505767
0.419231326671
0.425695662777
0.4903902513
0.509516294576
0.42891585258
0.471105358771
0.328607942652
0.353803136187
0.495221498138
0.55959684773
0.346226960388
0.420080961234
0.524158679762
0.556443267107
0.451422512438
0.471494908023
0.48180593393
0.416506912344
0.227008750313
0.355923049572
0.799995719666
0.370849050919
0.51046681221
0.509144229432
0.585435600664
0.406495841563
0.303901168314
0.386197607341
0.349974008273
0.434968783999
0.564255509719
0.439679742537
0.555659391252
0.32593048051
0.472436938429
0.53726617969
0.69591120377
0.415660776452
0.374972145365
0.23137654043
0.50237592121
0.560616483298
0.303116990361
0.380916271241
0.519776848375
0.438917256497
0.356683240822
0.426192136852
0.527581668535
0.434972384075
0.41006016922
0.464000961219
0.457985424589
0.371831552074
0.608762780216
0.594492264714
0.468102967705
0.516024148463
0.541817465513
0.413221670875
0.428524943188
0.539748579153
0.256080894992
0.4670251176
0.645520172786
0.54883010809
0.358461460152
0.179122114764
0.586726610235
0.572189546995
0.356421907073
0.690364326794
0.437295846831
0.333770477136
0.286528056724
0.370677268727
0.400766515275
0.320964091088
0.48187434866
0.414156400881
0.534048716679
0.366398298918
0.616087169743
0.454468805253
0.294984969668
0.346364859735
0.479265718356
0.554267766174
0.512411397789
0.34000327042
0.13698135332
0.403286497541
0.376230822304
0.618800735739
0.521032847019
0.39583456001
0.385513024551
0.339401236684
0.333247927769
0.249158325846
0.379850222999
0.256481098051
0.448824011823
0.553272783258
0.415172740377
0.481950881132
0.577376112434
0.380845846534
0.352238961374
0.354786900897
0.480064346335
0.497922889927
0.505321414895
0.529470033499
0.787762702262
0.411208993339
0.405102369907
0.427772974243
0.505663364373
0.2628548248
0.559002521294
0.425595500201
0.23651517303
0.348788707652
0.572030383972
0.621140806345
0.40187763384
0.475406618947
0.642772820503
0.353601979592
0.378084462118
0.530672158829
0.611555965512
0.327580047274
0.482150782302
0.327064643944
0.541091239253
0.541006490885
0.389475605378
0.313838452939
0.368572900562
0.355551425122
0.334669822918
0.720711818916
0.438029144636
0.474258320371
0.427446166348
0.407976400942
0.448501170693
0.284563547643
0.772611617384
0.478148018276
0.437261513858
0.578588723233
0.312684825791
0.381976270917
0.580663608258
0.400857537459
0.42934765448
0.467612097696
0.603861013273
0.27845249798
0.748012826473
0.33424743058
0.602176005029
0.439047161591
0.504310857597
0.592739865801
0.380139768499
0.261154552954
0.440992898804
0.507307736464
0.363869019516
0.497334692364
0.36740283193
0.566697088547
0.671246651814
0.461881198887
0.436307443199
0.452326235439
0.432271190219
0.475729652324
0.385166550135
0.432394700392
0.499240737202
0.424250287926
0.376081830373
0.340924208224
0.51449894796
0.335097396151
0.477791673377
0.287656984918
0.227971065364
0.488381689185
0.753768201283
0.304514088443
0.481357935179
0.448010301612
0.269704449474
0.41707809922
0.351544831522
0.462060958382
0.43062689954
0.20337322888
0.391751019398
0.343392469801
0.69303222137
0.440786294741
0.579059178078
0.50903375739
0.535828308717
0.474498562317
0.243214435018
0.22846240101
0.341875159428
0.428967762787
0.426963265006
0.628189712957
0.461616364458
0.343473604147
0.475779118224
0.564721226901
0.146021024594
0.412930638005
0.396084847035
0.679123956007
0.296170570422
0.505839911771
0.467442921432
0.353872081436
0.526648946778
0.488699601034
0.436637405982
0.455475000717
0.364772023993
0.729172892718
0.333107657969
0.768299748516
0.255503662091
0.408079529105
0.284438774717
0.243696233126
0.342942371169
0.508868313074
0.539484206002
0.432410778228
0.355426834782
0.6266904352
0.589096716216
0.692109000213
0.478152631464
0.295484926368
0.530308494807
0.324090111709
0.396262082705
0.414706798744
0.470120012626
0.349168604605
0.16756363595
0.1884721929
0.565339640012
0.370319768686
0.396974855951
0.474051376413
0.419070696216
0.401197761653
0.446961417027
0.431811974548
0.457169104717
0.298201025372
0.502663266005
0.309477414762
0.315434502947
0.484266136494
0.281489740933
0.471282302488
0.517206252592
0.42059069024
0.610315358003
0.498102302815
0.316367188476
0.278633024089
0.320528903264
0.354579167547
0.555437443777
0.690525500629
0.494112587538
0.471986287802
0.295485429527
0.369537629037
0.285541897546
0.503003246024
0.302689200115
0.743451513864
0.413251176971
0.213571613055
0.412180200924
0.440847005722
0.451837633782
0.441067624532
0.397470702358
0.4613455151
0.284082380753
0.39812908389
0.458006680739
0.734645262775
0.494940119677
0.599102032504
0.411794507586
0.464089538264
0.394825656141
0.613481771718
0.438675167929
0.416823358273
0.442119511791
0.239761166077
0.368747819744
0.528689624741
0.371754218945
0.286841931531
0.251800908542
0.519713484247
0.440778630953
0.540552391685
0.455601875002
0.408202019294
0.360389024789
0.522722575054
0.381660828206
0.37434544466
0.676675711347
0.439150051707
0.33167180592
0.622400741069
0.476974814858
0.638996305011
0.400868356115
0.179369072558
0.341882268468
0.419265188051
0.536921773904
0.320696091271
0.5427425474
0.498825805772
0.4617223521
0.460414715033
0.367575805116
0.474549391302
0.708326279326
0.251245562818
0.267016786311
0.592609814476
0.428952251153
0.315256012107
0.302216079384
0.404663435666
0.36113888991
0.417204721758
0.211328955182
0.431165453859
0.479107935672
0.402018615458
0.319964071834
0.511830855953
0.40312795721
0.419907364649
0.424889524552
0.349543005451
0.532627361154
0.361605553632
0.457551888064
0.409687085041
0.597227521795
0.21372884953
0.370211828873
0.171204929038
0.286987384105
0.455356347452
0.626513432889
0.25622332789
0.42735963825
0.511760089401
0.423772633157
0.277782562209
0.318923781638
0.47072984812
0.36981543073
0.488869370525
0.837285429754
0.557703077037
0.526106226898
0.401722618086
0.311112997372
0.455956542748
0.355992616602
0.418139191301
0.31187449675
0.595165633108
0.314227696407
0.700283332927
0.383419168488
0.155007406477
0.404296583691
0.261438552476
0.505229772666
0.404442511895
0.401764757908
0.277657208065
0.413902696584
0.474217549625
0.381727869509
0.508171748024
0.361759600884
0.490814023938
0.475863600595
0.31945064112
0.628758932253
0.333900257739
0.287428958058
0.349562500845
0.407605913026
0.479741347859
0.491234957114
0.37840818437
0.343877311108
0.363538600506
0.166200184743
0.286669841508
0.450815629378
0.426369551127
0.209548158976
0.358397927987
0.499900340669
0.464072505559
0.568720258751
0.540484495182
0.341009915682
0.325977810422
0.225926476357
0.479423852747
0.501949896008
0.428627739961
0.270759550826
0.387577802623
0.363817959592
0.164731629553
0.550571338656
0.427296270716
0.376358054645
0.580088304444
0.336870319305
0.411838107389
0.554630870978
0.551284789108
0.305317815983
0.305097033643
0.582764047312
0.628969314847
0.482117939754
0.34170289285
0.446617740411
0.552255874079
0.429451416665
0.550995452898
0.434981890235
0.343788890661
0.504541967481
0.375865052649
0.125037241514
0.312327481803
0.302570264634
0.411771148331
0.318386296523
0.455685863708
0.482514081922
0.437527426228
0.382271052744
0.467641780794
0.548071738189
0.344853940833
0.392914341069
0.553530303721
0.405684257103
0.330143364281
0.403430421208
0.432087501622
0.40979764467
0.480161448603
0.574526467223
0.315059781151
0.350039021311
0.508219713897
0.255811821407
0.344235597244
0.329245477782
0.382063928502
0.454561872681
0.463543507117
0.374580931356
0.388329967618
0.508650084641
0.413304678365
0.365972040249
0.488924945786
0.424799140849
0.33586977542
0.458115384836
0.447295197947
0.46308449594
0.261702011649
0.577797244999
0.357190067793
0.465818657994
0.456752295779
0.374447097428
0.419914672225
0.348761062271
0.559400536603
0.151448595642
0.412790934566
0.373029417494
0.354440342303
0.434175015802
0.641254441838
0.729504614184
0.409479836118
0.378412704661
0.437277951342
0.559131991457
0.463456123691
0.363679766246
0.303479409731
0.368453492526
0.278121773751
0.481647675255
0.220533749112
0.31845901587
0.265233129203
0.365916893285
0.273995736277
0.499254242059
0.405872990991
0.3925262742
0.528933890016
0.332357957476
0.318837153865
0.391890104688
0.522215490432
0.401556675534
0.472807092641
0.481619086977
0.483550198631
0.638575455572
0.537308923501
0.445167240757
0.388901346291
0.563830362171
0.458603844623
0.43365768522
0.434880736266
0.354189962543
0.373142979258
0.485710999834
0.287938677519
0.548672951151
0.583470540885
0.413644332472
0.288720951382
0.352494817976
0.333779956206
0.389908171664
0.447684065873
0.414026625396
0.331194167027
0.391008891828
0.373756593039
0.337164632361
0.431900045751
0.32685098074
0.435187609331
0.466979176876
0.340419139467
0.41413607518
0.612946574862
0.371952905622
0.339331355984
0.354231443987
0.288739993032
0.538542382605
0.514271790636
0.267727564512
0.230078124773
0.221385737546
0.301928946184
0.300455567602
0.437467907923
0.434043114309
0.260373712894
0.52991505306
0.372158993182
0.263238009213
0.349943726736
0.31863949948
0.17117681388
0.282135859645
0.443686599359
0.39489656945
0.270877605613
0.666564454849
0.340356845913
0.280003943512
0.384222886809
0.474781452765
0.322289782368
0.29176395732
0.470174185678
0.374665580893
0.370225357974
0.453790988854
0.270512559484
0.324992607105
0.470873514421
0.385361780787
0.44029906785
0.309041167685
0.359894375158
0.341612685154
0.647240739878
0.356400122381
0.541454498838
0.427719644369
0.819886314542
0.394468336214
0.361528950449
0.297265035435
0.322296966111
0.358859367234
0.341010628249
0.663570625961
0.308009407782
0.527403399572
0.277639265841
0.517602992516
0.325451178317
0.159578275408
0.398325683262
0.314503339298
0.253658452634
0.264390876317
0.330246804474
0.274452351485
0.358051559928
0.231344308944
0.401303942752
0.602473727168
0.318300108938
0.379253149227
0.48341683268
0.374341080708
0.378639699726
0.412555194687
0.398160882941
0.5346169943
0.505216322783
0.43966932669
0.437309855576
0.538020753069
0.326938246413
0.243931647478
0.249139163203
0.286745563373
0.254619883452
0.441161521805
0.468197417669
0.536982435329
0.180825314698
0.333085709901
0.370324350261
0.370703123231
0.224090712912
0.455561358182
0.379340408415
0.238493457948
0.213232231745
0.351118417149
0.431631999984
0.492203372279
0.292305539438
0.290791490287
0.255700568712
0.245675626158
0.200467698515
0.265055747389
0.296820794518
0.165300486179
0.297599119118
0.389608188604
0.553008526906
0.514682672284
0.321842292348
0.39161720997
0.479576337223
0.213721750668
0.652465951051
0.19680153964
0.550360759755
0.421620388549
0.469285888686
0.528922847198
0.445222654739
0.458634387629
0.278087302508
0.175558591305
0.443819052999
0.40176666219
0.196971183267
0.389204905038
0.516132508715
0.427648926499
0.372000206582
0.382870467549
0.286088243265
0.214062795531
0.418755923536
0.506149331147
0.363032910845
0.359751211699
0.189193824659
0.348463975036
0.342573926667
0.353907231438
0.451996304993
0.502950629715
0.315173920252
0.552821949628
0.397559284614
0.462486067167
0.387022895111
0.424460717391
0.449633051865
0.241454124874
0.704888810095
0.436111894333
0.502537907281
0.383366782055
0.339673821802
0.308545923538
0.432282785941
0.410344571879
0.365045742447
0.28913385889
0.33594184471
0.457839777354
0.484601219882
0.401147972438
0.310696485403
0.425766772625
0.407977054843
0.428001514628
0.313569234021
0.288878829375
0.301762199332
0.221171087099
0.480942445844
0.431945744164
0.47433190927
0.325693970732
0.51290299894
0.465311282357
0.379932288841
0.299486369079
0.275566229922
0.428157004343
0.475158650673
0.392238101081
0.525423266199
0.403522572082
0.628591514356
0.462350716661
0.340287621348
0.507801460914
0.354736944549
0.334368318777
0.532947873604
0.416112171767
0.240660895122
0.224080836094
0.371112881557
0.374476685551
0.487657676174
0.361496388861
0.34202187187
0.307234474933
0.451742841962
0.367281239496
0.237416348407
0.415824074396
0.155153414304
0.381077102348
0.2614188766
0.356790460375
0.257920160886
0.474473720473
0.664896047517
0.290873061344
0.541266804199
0.431815965989
0.273084257394
0.433161114155
0.392931201663
0.325478637839
0.399253751979
0.262751084923
0.563717230449
0.436585216136
0.424456059722
0.107941779217
0.566153517099
0.114133066073
0.478179305569
0.43370799322
0.291733269325
0.305026231984
0.309116944035
0.551420910827
0.194807625295
0.345416362361
0.265825898247
0.424170840307
0.268726198358
0.456461037754
0.363573008141
0.43047991133
0.389504583263
0.457163323163
0.397569283074
0.444134637552
0.380219385881
0.619207134113
0.324526221202
0.334917633985
0.518232085595
0.294312922443
0.157623381473
0.294686836984
0.382077287283
0.476799300582
0.24846480773
0.486719385737
0.205920898646
0.298131326842
0.252452975857
0.449526946891
0.248383978527
0.231730378552
0.199408733538
0.549090250326
0.458437002993
0.218044935676
0.193782155239
0.262330749079
0.462284546016
0.245746477781
0.313138943292
0.288031534557
0.243435084228
0.367734403113
0.486003390516
0.379639395253
0.344185106241
0.285513799271
0.422758642419
0.578714067141
0.431053326374
0.333206065338
0.377958915349
0.451966602485
0.466291171816
0.167468189666
0.400379335218
0.208636143451
0.294491819595
0.3010818307
0.442010147284
0.354671814297
0.623524812998
0.274741543967
0.416747963813
0.349607124724
0.332525879555
0.432215858993
0.357472740874
0.474941679589
0.419091693702
0.573347042156
0.412636243951
0.400789644824
0.422919974368
0.473658969621
0.397782635944
0.286205815278
0.315066448659
0.322810063165
0.293795973386
0.374744464016
0.414679826107
0.323257881574
0.411355234542
0.3775170886
0.266799120995
0.308544262941
0.326308880306
0.253499304484
0.385954266225
0.484610336007
0.384058844227
0.502402068254
0.378706572858
0.178623789633
0.528826587243
0.425019374731
0.362129129763
0.211729219806
0.469990656553
0.248994365256
0.413051469016
0.340768111068
0.482532225336
0.242420556494
0.363033571975
0.310847149305
0.362517063226
0.372069599677
0.371472581788
0.19130922625
0.357392990432
0.506192508184
0.377087460464
0.280802429835
0.297506789082
0.452550246977
0.349108479437
0.298692244295
0.173910948033
0.313651321387
0.309467083316
0.371637284042
0.38030753376
0.365554881139
0.391790438816
0.333306998202
0.255260285064
0.410194445774
0.183416370123
0.3799287274
0.202013192569
0.2450933029
0.242661500799
0.180195416558
0.290042583856
0.524358731142
0.171576630411
0.393114142617
0.192241429767
0.311519744596
0.215018974986
0.429849158949
0.437453472945
0.324662193149
0.461588377982
0.417648280462
0.103406363085
0.303441537966
0.358098789855
0.180677662208
0.400367227536
0.417591282107
0.309374902646
0.578631164288
0.190811684593
0.413039801661
0.310563974701
0.334149864071
0.439423434639
0.358378834648
0.340436088996
0.281739861905
0.279791044196
0.258050831832
0.40054157406
0.178855921308
0.45789441038
0.382749976852
0.519551974355
0.306916212847
0.294274263207
0.23063402902
0.184002866431
0.278891740781
0.387365304517
0.297350371359
0.543644752656
0.196548421639
0.484152188672
0.468932166692
0.233783013148
0.357721302526
0.348209635026
0.354984053461
0.344077823588
0.122804241826
0.300678089036
0.35512057307
0.258997594537
0.196242257445
0.323287353826
0.270259964081
0.276390274854
0.196553690917
0.169401656942
0.366309376383
0.290875647751
0.322998568974
0.177088722331
0.394408173372
0.499930185865
0.407868523514
0.309384242603
0.328131827831
0.549437621243
0.24920966294
0.3248267547
0.0922353591789
0.243393868982
0.224128038135
0.331008412462
0.127003663049
0.346814669663
0.48779283252
0.39318970146
0.0488081980156
0.4291344374
0.464650377921
0.166292988576
0.518425881338
0.410650917798
0.411344161176
0.233999900882
0.218610842041
0.430059314263
0.232815982021
0.216639768519
0.270017687747
0.178995187069
0.149029957968
0.360170298187
0.230927631745
0.320277289234
0.209596549306
0.356638542881
0.427141880747
0.441724237581
0.309579717171
0.526582724948
0.484664390365
0.26836286832
0.435322853908
0.425818675496
0.23633060802
0.476203713641
0.132714509225
0.345949666737
0.542352685038
0.411029674628
0.52815262811
0.264967198598
0.34146509454
0.283582868507
0.343749713591
0.33071851548
0.317362421895
0.285175034585
0.402986434471
0.207471925461
0.209760761702
0.145948619445
0.280691159422
0.221340708663
0.336806169885
0.260335522582
0.235670398062
0.273989782748
0.153881076995
0.282490881974
0.268834796386
0.381792023133
0.403212923001
0.373363638239
0.372587438022
0.467712310832
0.228455350919
0.379487508079
0.180575251748
0.328119051205
0.439077702285
0.31849755205
0.309345205802
0.230042613452
0.241542305372
0.209003903557
0.338583033714
0.400875757626
0.232244727923
0.146502468972
0.405051628621
0.219716231434
0.199297142986
0.287414885554
0.257234081418
0.602929143802
0.551076213774
0.27759243489
0.505001917898
0.268541965618
0.282772014734
0.377200729486
0.392638289005
0.270324438263
0.347141431976
0.352885612111
0.403848660717
0.360015172534
0.389619341106
0.135245999929
0.332115615234
0.32120826287
0.227193422089
0.456310124695
0.350717670513
0.362947817458
0.18877375571
0.205284344598
0.240044774091
0.348214248033
0.333458255778
0.307530721077
0.507412575977
0.363442728026
0.351047463354
0.290683536047
0.331883120308
0.433231339439
0.205251271587
0.351842645462
0.278015846196
0.210554056694
0.323133596316
0.353713128514
0.368117204702
0.353069147538
0.178821481771
0.396676041703
0.331547758457
0.198183053022
0.442766457557
0.338241144066
0.142399255073
0.518653168047
0.41747183524
0.404134246892
0.238018724291
0.357645593382
0.232725686845
0.230310299928
0.343065751366
0.299846475107
0.367813458068
0.343807994011
0.201177165172
0.199935402704
0.483021455916
0.494631977176
0.314897808051
0.189210180879
0.37044924212
0.356966834852
0.336111457291
0.269557615464
0.261449600719
0.137931771826
0.369721904328
0.434745422179
0.5181062704
0.112952077127
0.450010448186
0.371887038828
0.18842602285
0.437260100486
0.466687817192
0.167357312369
0.276042925306
0.266680187556
0.409622038417
0.229053355775
0.290574209838
0.266692693883
0.213405649798
0.317287498832
0.260275656538
0.37309068673
0.290274311708
0.280768468738
0.369093110609
0.433781843935
0.262054609481
0.472379416735
0.460590204279
0.26075495515
0.366071046492
0.202160529486
0.285908319896
0.234496438369
0.216047720628
0.479355452039
0.299526522954
0.40310313269
0.210475794064
0.167674256734
0.345424103492
0.263942186376
0.172739029569
0.318942662529
0.250349452157
0.371225059173
0.40509731874
0.296059086682
0.235241681351
0.462575483729
0.0581257112533
0.161978100338
0.350863424823
0.295090067254
0.149041421526
0.497855751118
0.223268928366
0.313528736958
0.223704458746
0.538633333317
0.370089497244
0.397088624524
0.366673564905
0.187066709199
0.212166386472
0.2558019537
0.121190695183
0.318818876512
0.294551719573
0.260573762403
0.27820969073
0.321964884043
0.192390774397
0.222685654574
0.309898579843
0.0630865139758
0.276703800298
0.15394904918
0.551810034472
0.293416785522
0.297166015105
0.690099108958
0.228520862112
0.19376172401
0.113067114312
0.295558722101
0.19985750756
0.0683168259196
0.227299757132
0.23588189038
0.311642165701
0.18463503737
0.0618635620901
0.351664039689
0.140588999057
0.125907799172
0.284854335324
0.330354003926
0.521011279159
0.432451556518
0.561536380798
0.333208229032
0.533566782823
0.325660695522
0.318327603135
0.494625632366
0.268701320208
0.450275194947
0.229348954643
0.438548351264
0.277674709538
0.201998666122
0.17133336762
0.410995631212
0.348274929948
0.336681801879
0.20758345958
0.275034611378
0.0735866608735
0.401848222907
0.398382243735
0.291125149259
0.375008780206
0.330119653827
0.321215347163
0.200164279862
0.297641586678
0.318702049209
0.386244920158
0.29796090046
0.376017324013
0.24921725845
0.267326529422
0.31635492386
0.217526162148
0.27889759052
0.154087924393
0.0898017898697
0.339541543701
0.357727340122
0.306700712243
0.487333271883
0.285526155925
0.437818255587
0.48204123047
0.262225556701
0.191732996606
0.283648439736
0.116426756593
0.254529009565
0.209852732933
0.39084090143
0.37780178396
0.4094059789
0.30753118226
0.338554329614
0.294352504496
0.307412856057
0.341516648107
0.307528158323
0.102877632687
0.126829635429
0.205360968346
0.170805927199
0.194254186133
0.397360782914
0.21049015474
0.120341126745
0.0605866374642
0.444759653574
0.259318676417
0.486936043101
0.306254266572
0.209463792083
0.300276848451
0.278667746264
0.396659762518
0.39359071596
0.291455557964
0.333515989708
0.213533179247
0.532547001117
0.160518179275
0.312148131269
0.10375178225
0.258811762013
0.325034570854
0.126244701318
0.17127958235
0.449418890241
0.195511816926
0.12533602886
0.129447711253
0.402286984679
0.18728421576
0.0784361963902
0.263921149435
0.202625529683
0.395960154835
0.262517547937
0.169265333347
0.358521738147
0.12822945876
0.309506890201
0.455978083547
0.0836447045279
0.136332548537
0.0564008228376
0.170639980005
0.44300105964
0.203078742039
0.301253344717
0.356348553526
0.189359052278
0.185528015919
0.306545672648
0.384478647208
0.0921078501955
0.284745268616
0.499187027994
0.278374337039
0.514480388578
0.0632665588642
0.193828655027
0.215888825895
0.329063927656
0.298404107501
0.283091099429
0.092789502368
0.239935102885
0.512075136206
0.183802646168
0.404826544649
0.297725379173
0.389028478431
0.328511890117
0.262807624189
0.192354857283
0.495717492837
0.204093597189
0.284380375053
0.254197698215
0.2961887606
0.156985225074
0.364988584316
0.497424748069
0.131009682034
0.28617869922
0.418244144937
0.216582824269
0.192278904307
0.165353450448
0.392203234091
0.0960671001932
0.231691066135
0.321980199933
0.245683122012
0.425593593396
0.411379491239
0.185599030063
0.272273792556
0.139615298022
0.307930588638
0.125622228665
0.234535563013
0.25158161287
0.132683911866
0.197860983767
0.16557697658
0.172727766329
0.290559622059
0.233647227421
0.342751919281
0.147936222219
0.181691244723
0.107194573442
0.227125418734
0.358911646601
0.24922549049
0.4735143166
0.330134990456
0.123765858757
0.250395849151
0.240979987731
0.295471631686
0.298117971194
0.419998738125
0.353006110396
0.118997823395
0.235108984558
0.212160666692
0.269684219156
0.436431569232
0.425557812067
0.360334690136
0.297550937144
0.201281973803
0.291464125269
0.222895922693
0.21978844057
0.345801166367
0.218432508739
0.318973845722
0.240152039586
0.259974384771
0.191887121309
0.32358390223
0.393394151535
0.222191331326
0.282407288375
0.263970514251
0.353239246473
0.174471661201
0.168748311651
0.458069429929
0.246023695027
0.389784416139
0.148682875378
0.097656521251
0.0964821926602
0.293821853066
0.28066801024
0.324094924169
0.158785339343
0.272823237608
0.147345468289
0.173581161048
0.30659228714
0.109056895556
0.397840917849
0.314004476758
0.115480294554
0.436756646255
0.142798506937
0.191255332663
0.330218286086
0.307917167197
0.14923437404
0.0696450293109
0.260203326764
0.362159597554
0.40921661765
0.104497434663
0.170495916189
0.117227046206
0.107226972253
0.546961087192
0.383530180751
0.307176709462
0.243903561394
0.202441932245
0.38296491179
0.235599276758
0.266432913484
0.393011663292
0.28705986461
0.218295562463
0.236257528672
0.252864089228
0.231635834749
0.179545206674
0.567021009756
0.302369045474
0.329769931151
0.126647779316
0.235956374193
0.254544238095
0.200455990114
0.250474308607
0.33915945434
0.195179213929
0.500931474387
0.214091340821
0.361682652074
0.133564775967
0.230244108598
0.123066970031
0.422450538079
0.136604982831
0.33755775746
0.14531154455
0.342752278462
0.283734705309
0.19294279285
0.133519015884
0.262603862167
0.184090642181
0.293248788371
0.239751698896
0.419578751148
0.174718987734
0.0882950482648
0.535012343111
0.159235404995
0.0556268675505
0.402580771582
0.141461733684
0.392657981047
0.0706166499523
0.30165522225
0.170560217115
0.159353290029
0.240326889506
0.227331840053
0.313459910434
0.281527575645
0.133889635064
0.332632221558
0.100676921554
0.236306856394
0.389066521615
0.203983722429
0.136949523572
0.366279345782
0.18888809193
0.285117375438
0.255253597471
0.265400802666
0.644951227527
0.213762992737
0.243679810731
0.18648806593
0.309701091498
0.274131817566
0.33120455614
0.108181489218
0.127825131762
0.193067739426
0.224028127665
0.207581338619
0.090470955015
0.262698147584
0.312837501575
0.100071239157
0.351764075342
0.119211849403
0.0348371743593
0.1473224047
0.173999603185
0.201774525238
0.260754629561
0.211786295132
0.271162042203
0.229832813445
0.135672978022
0.475634054692
0.265131954237
0.196544350399
0.120408462582
0.117104120483
0.172647766328
0.276582660998
0.301158527032
0.384192459783
0.412937111363
0.113452732756
0.268880747417
0.187743832399
0.183476164797
0.162657022459
0.114256748393
0.215026228906
0.100998087445
0.166499466106
0.0392105515583
0.116549354851
0.261452204882
0.387702397653
0.199631427699
0.150797596917
0.160678330062
0.168989962324
0.367236773034
0.133516466554
0.202950412778
0.116788297321
0.118709431706
0.284353956201
0.287388901375
0.219408492957
0.182855670696
0.373433575059
0.0905612699211
0.0987126168786
0.365940579039
0.0971646414619
0.243322690647
0.408496324987
0.206415750655
0.313968683449
0.215844691343
0.305038013299
0.213786258329
0.29940831144
0.12585853762
0.164900214545
0.135132875611
0.111593282501
0.204126612766
0.502563179967
0.0506139715519
0.1532506098
0.150068725064
0.171925151812
0.395215909769
0.133719710268
0.217308389005
0.253612054593
0.211767034017
0.215626388189
0.262292851485
0.089387552246
0.210729288713
0.0980807544825
0.210876002624
0.159756653917
0.184212885331
0.153147397396
0.268478314087
0.161530865192
0.194743557577
0.208147856735
0.147962632513
0.239182873365
0.314042948508
0.193326692744
0.200333061197
0.391425547699
0.129780632962
0.100231495857
0.0902567829525
0.230783675932
0.348280074571
0.127734387691
0.113770340239
0.228503498872
0.16092979506
0.0718744218204
0.338651504187
0.525636841996
0.281290774768
0.155650405225
0.137363474415
0.0903048838276
0.263517642814
0.192265116619
0.42886131404
0.178087768571
0.0873729538511
0.0612646424973
0.271107105415
0.298207814151
0.147296796273
0.144480985638
0.334723489456
0.439088484101
0.102988111202
0.0395279811276
0.0976106634694
0.479732606439
0.146321559436
0.213016157744
0.104245020887
0.0994255745093
0.167282724523
0.309802136506
0.136703952001
0.23679716597
0.130524904001
0.131128563877
0.148124760388
0.179381574707
0.238087751646
0.171311414282
0.331023977037
0.177748103972
0.326415564856
0.0847369780784
0.177213040497
0.315833329753
0.0972245185502
0.285831841452
0.112543641761
0.179381643046
0.0847967923041
0.11997538319
0.121498384022
0.214597732592
0.347319603284
0.221285043899
0.0661835187446
0.0679496915499
0.186648260787
0.0499188673744
0.116246669926
0.257104933196
0.256647625237
0.185740259297
0.271533418241
0.303378234128
0.0488124916713
0.38209091663
0.0723770512332
0.122885630974
0.136349505032
0.187595470611
0.0689045285876
0.0921135450252
0.151647421077
0.225260955211
0.153358605543
0.200193775597
0.257320251511
0.144863494269
0.137372970419
0.0709035782221
0.593055794208
0.212145827921
0.186989051263
0.116343038224
0.294642330588
0.266061663568
0.190186114806
0.171028669796
0.147942600346
0.112054704184
0.0926281739832
0.100618338649
0.21280224341
0.0351373509751
0.19344840321
0.164485221164
0.161976474625
0.264239036839
0.00798202448483
0.420601969844
0.17993379788
0.0856597880956
0.126688548825
0.0848397962825
0.386813518701
0.121446568464
0.198763090185
0.234866056798
0.0573325623026
0.0956324792906
0.240088961759
0.312753294886
0.190358459297
0.346670021322
0.171512388604
0.144292580594
0.172919724144
0.193225497739
0.192028576424
0.290853738879
0.229284078769
0.159177155418
0.172086907221
0.303687322483
0.128949286259
0.0989777339273
0.100125072353
0.238147230354
0.24073051503
0.116048417936
0.225979608146
0.119953002698
0.117301249418
0.231764137979
0.131605046702
0.0706332124019
0.208413607744
-0.00318152226966
0.0987055612963
0.0863166834162
0.132541751311
0.102755412996
0.250683070361
0.374660208555
0.332976846281
0.140395490753
0.213934353801
0.145356040001
0.125488142012
0.0979716011806
0.245814368193
0.0950069083498
0.244306418111
0.339529850818
0.161442364514
0.133440744354
0.203218874378
0.358979738178
0.232324464978
0.363839812483
0.19650843316
0.101173753922
0.171215442889
0.139836384262
0.3095462966
0.10617909883
0.117567939365
0.131547440833
0.22672843277
0.188528006573
0.348985629515
0.233239031776
0.233536585808
0.274332612415
0.17210105029
0.160018467943
0.229828384144
0.229870230896
0.292189298787
-0.00169371833903
0.208723514239
0.227397088702
0.232801643549
0.20327079267
0.26439072552
0.206554629382
0.120650006017
0.111679178107
0.103695137086
0.0553583850767
0.087660015063
0.121846557104
0.10151254768
0.245983712032
0.215694090698
0.0375814977651
0.0234013326548
0.220757331312
0.0697392097313
0.162892424632
0.326320717927
-0.00701579235823
0.0763802112249
0.148484635439
0.320040027282
0.322922549337
0.28317263097
0.127515077922
0.133232614889
0.194227025799
0.194202146352
0.313493945642
0.162000279072
0.178222307782
0.142938010898
0.117055793679
0.0293772904669
0.294592046781
0.110756592188
0.191011505496
0.109395169903
0.111043548427
0.142968218649
0.0936869956255
0.330533568091
0.123026099255
0.0554376810802
0.134772926711
0.18252973307
0.155894507623
0.170611391875
0.168807403262
0.208958577981
0.18605974249
0.214939413766
0.182568863657
0.130019594333
0.15808451537
0.168136084714
0.133694954871
0.131862782302
0.249023780968
0.197159679774
0.2457958247
0.176769040113
0.100755472124
0.16832053206
0.381758398271
0.0934675466558
0.281251576903
0.274317299248
0.258167259153
0.246246304891
0.151059076894
0.131150571929
0.424066228066
0.320555707277
0.148923822906
0.117646891704
0.259766418596
0.1739383526
0.0856339583049
0.0926884633451
0.0815877699193
0.214713107097
0.29514317069
0.149749878049
0.16249037703
0.0536024632304
0.145728987994
0.0851501018145
0.29257644477
0.0491221200558
0.065778442906
0.145115492276
0.0971088823253
0.175142323771
0.187113404287
0.185162386525
0.0792185072839
0.100842296583
0.118391725828
0.124214504846
0.194135852355
0.297133943817
0.241667888464
0.0514823342455
0.171831997919
0.223907223138
0.0658090796815
0.177956366755
0.127097635443
0.300888213203
0.170028896242
0.228483695341
0.117409088479
0.22627417771
0.262174159677
0.289558711987
0.231528677698
0.0709581882142
0.0493225263533
0.159054020435
0.0939523788449
0.0934532708475
0.121628747077
0.0765983035238
0.0855733364385
0.216970395568
0.283650309552
0.0805876661255
0.110422770053
0.131502105094
0.0833062367553
0.0820945484909
0.0604837289571
0.115522896365
0.147263676447
0.138567496242
0.120627151437
0.346832595985
0.152357072193
0.309514065705
0.0870985087654
0.107795877674
0.131079211158
0.114832416555
0.0628298675281
0.197634576719
0.146772883803
0.232799622521
0.0812243823034
0.171150687625
0.137132576585
0.163599017485
0.140522559448
0.133356833306
0.113672717477
0.264260165129
0.179968279817
0.25666867261
0.1775259847
0.200374724603
0.243587253884
0.147620100918
0.110315032375
0.134606357115
0.0792163476185
0.257547671202
0.136833033987
0.130690984419
0.0164323552355
0.190926973271
0.295787386491
0.0695142769552
0.141092523982
0.0746301894421
0.0901040439754
0.413413852896
0.00281360118781
0.0646527337777
0.405546948929
0.0586530419977
0.10170992299
0.0922963118813
0.368535625943
0.211408996178
0.230008669808
0.0860699097145
0.204178549015
0.148872092619
0.15355532324
0.311841608449
0.0931816623573
0.303350194174
0.0507155374877
-0.000830094523556
0.10744129642
0.307840876544
0.127539865276
0.212709600337
0.220250305449
0.431534352322
0.213602276774
0.330203571289
0.0899355337698
0.302040028737
0.330933760708
0.239371893664
0.0625565514679
0.114623054906
0.0940276496871
0.158498966636
0.145682791639
0.0976777517294
0.384871404223
0.0963771866395
0.106487851018
0.0837260081621
0.14765361715
0.160097555984
0.19099554151
0.120916743132
0.10653333024
0.108355535347
0.110396163088
0.0456367894435
0.0854301764517
0.123241530746
0.0571827987144
0.157254807087
0.119083737873
0.0390969586925
0.185590009488
0.103924576695
0.194485629832
0.0477474500642
0.272477788592
0.214383209864
0.226987231166
0.235894369097
0.0622821548238
0.223445839123
0.141717079067
0.0974824707913
0.159201685367
0.0494504276641
0.134044500099
0.158683978475
0.230673326334
0.188985174326
0.121161087619
0.103129173712
0.04589280598
0.149620242413
0.224384416828
0.198578475287
0.116635249761
0.276136493109
0.12069497336
0.211101134178
0.225846719503
0.0868944280934
0.0735933262706
0.11658329931
0.0768313571687
0.242234404153
0.227950838226
0.32078876369
0.104306447027
0.197524888571
0.340184598282
0.116333380444
0.224020245181
0.341466470427
0.239041175388
0.0942120882509
0.129351997413
0.408778894107
0.110226175906
0.121033984426
0.0971298848116
0.152467823277
0.172989347709
0.175966435528
0.101080048356
0.219602249806
0.228467976998
0.118395335206
0.202138207341
0.182006730273
0.101663610776
0.107887577887
0.0539041265048
0.160973709215
0.0823369087085
0.159864742443
0.152226844718
0.100582783225
0.0166888086611
0.0745116654642
0.299111813367
0.147490273855
0.0696872018074
0.197279360757
0.101025597487
0.073903921926
0.178746076315
0.205600142053
0.203768454539
0.138467182582
0.0967907571499
0.139317396465
0.0978578040775
0.12059986616
0.10199155596
0.0463855479301
0.0671241834699
0.186001437658
0.138794595949
0.0909621690698
0.172668667613
0.0796645555897
0.0970364457198
0.0961572346533
0.169305867376
0.16923856551
0.207320516308
0.0890190858023
0.127606969054
0.305385295975
0.0722948579276
0.0777246927644
0.099480031353
0.340856013567
0.201804736241
0.147134970488
0.343313023294
0.116490834055
0.133446961273
0.0621808448739
0.0851442372235
0.0487746821306
0.115081673698
0.227421872806
0.266989736141
0.127455097097
0.110155347315
0.0896489986509
0.185819886623
0.162961394683
0.181371205554
0.129931779304
0.0318803249637
0.113684121866
0.0732783653071
0.352703497423
0.114965338715
0.218070955618
0.0763703884889
0.14793602583
0.0770906767498
0.13339246031
0.125017331841
0.0825359936452
0.102757018478
0.0747747790724
0.162641142397
0.049098925443
0.0779628373068
0.0891726132589
0.0397124812448
0.195403650529
0.258244029623
0.0767012371061
0.148956066085
0.141852851021
0.0463774848042
0.111558177295
0.184575827075
0.0889036231167
0.083236124144
0.0832407185239
0.177930060087
0.174478536279
0.135518487207
0.15431829646
0.0429179251793
0.181196497486
0.162173919815
0.0645513190183
0.191273204257
0.0536933497688
0.222399598021
0.213874743691
0.172026670855
0.155811568488
0.181523160386
0.233834403523
0.0710665634213
0.287873744343
0.132277356075
0.278116953057
0.149355946223
0.13255683936
0.141059651394
0.12083478695
0.196879346666
0.0776349059231
0.0883585387683
0.120685005875
0.0999790806747
0.224174345547
0.188830530412
0.0690808583364
0.0982496336543
0.31859323117
0.160513250354
0.0764255970453
0.0246312892035
0.112988480194
0.093123499994
0.153886940115
0.139326509414
0.277032931264
0.161149692586
0.111608655047
0.0591613327946
0.195029501855
0.104916286959
0.0882912604536
0.289397862014
0.0708404910177
0.127962004074
0.134124942293
0.173703051099
0.0975313686042
0.0589403072948
0.0960066020012
0.201181377356
0.0685828505905
0.066756967447
0.197311193271
0.0137619374628
0.0964585103367
0.212082855108
0.115760738192
0.234834162994
0.0940631961504
0.119063920667
0.051883729373
0.110867946366
0.0706105394281
0.0670825444725
0.296145556078
0.17205006961
0.172718740075
0.193689205389
0.159754360969
0.0982514640527
0.318870247936
0.0717305250821
0.262172150475
0.192929252273
0.0914636519702
0.0291681345478
0.127679436561
0.128474823096
0.197914448499
0.0694993179762
0.219708564566
0.134234139534
0.167868203924
0.216933226061
0.119374064926
0.0327548275138
0.185490078204
0.0937213265989
0.20187855422
0.311658746646
0.0941637850871
0.290884020911
0.251658003892
0.0654527752053
0.216512730655
0.218241489678
0.202602400948
0.030921486912
0.094974793699
0.164771177965
0.0628390196668
0.139909247938
0.0685528077871
0.12958850663
0.176661226738
0.210803559033
0.0898853046348
0.195222834392
0.127324580934
0.112261161854
0.145035333487
0.198080891131
0.184314140129
0.133854738255
0.116176237109
0.141677430944
0.0655521328943
0.102226268295
0.0832432695516
0.0971969001624
0.18709042066
0.144120965568
0.143188287204
0.07315857643
0.0235018972099
0.117639478605
0.0852128327907
0.125959864629
0.0776636376519
0.0773090228206
0.102711032825
0.0941246837182
0.0431137541324
0.171187650943
0.152275393488
0.111261789167
0.101995282718
0.0890911304936
0.156066099267
0.0831257252261
0.18737859594
0.151630041071
0.10500464587
0.133525581134
0.118369402933
0.120491532173
0.195940436678
0.151447447593
0.181222453575
0.195363879188
0.0950599849653
0.167457184601
0.0135320105029
0.110973391237
0.140103909936
0.00865800371582
0.138687935825
0.134943569675
0.186804513165
-0.000182481071408
0.123083833829
0.074629078215
0.103092841405
0.0335684511846
0.0956374890065
0.0475461863514
0.113469465449
0.0762370672443
0.13049603375
0.293361424408
0.147713832345
0.179853251667
0.107621936967
0.130884365786
0.105789158794
0.116112899095
0.181246805049
0.0967700108196
0.0633069839453
0.0890539348556
0.195368959642
0.0885595577422
0.118208105269
0.109604403528
0.135460047727
0.119392495267
0.13008354557
0.0886852801001
0.214539720813
0.0703196640984
0.136589139231
0.102091171372
0.105126134235
0.0960554819496
0.293329330926
0.246792579156
0.358673828292
0.155718621376
0.0603065348168
0.0807911706087
0.179382469703
0.0808722967314
0.349193908813
0.114357977998
0.107212081659
0.0907765512597
0.0230153417407
0.159230546017
0.0594730541194
0.188981971181
0.185856256915
0.156319196861
0.082711684604
0.125240626033
0.209291964607
0.154639977646
0.0529176269596
0.151908032756
0.0915894366261
0.167981507926
0.104510378069
0.119438266985
0.0758523074689
0.106160823953
0.0475287471638
0.10926426285
0.0132905605878
0.271586335967
0.117427432318
0.13154045053
0.0723574588845
0.154399100931
0.141744626867
0.105721327433
0.107972519242
0.137625885564
0.109339669143
0.125033727354
0.167960506682
0.0888070551062
0.112734558026
0.0951277874294
0.0519641828745
0.156027407638
0.0199688674477
0.0970768108003
0.155271825315
0.0176928472338
0.168960926356
0.173924843627
0.139917169705
0.130870387128
0.196778313049
0.12511726351
0.160088991924
0.125712242293
0.0744778234688
0.0915361850175
0.0401465738886
0.0458018390851
0.105680132746
0.154090108023
0.0550388121423
0.026308298465
0.0918907519582
0.0499392824982
0.166135217243
0.123399946705
0.134111165981
0.0791653335327
0.169640037086
0.126375150728
0.115668337802
0.187425523202
0.145945174866
0.168081016727
0.126601243447
0.00911452788097
0.071798416364
0.0282384200823
0.076153047223
0.0718491289209
0.0970261985557
0.0384322015956
-0.0166929594773
0.0290921747225
0.1646439399
0.140752839918
0.0656357940561
0.16586018888
0.200174607466
0.037085944702
0.102904844805
0.108885187103
0.0220776624494
0.0440417143061
0.193815646626
0.0464353305209
