0.280341121035
0.43989273726
0.524951277901
0.606072858878
0.427816028502
0.358977768535
0.559022265993
0.284816532926
0.762688013548
0.505963314051
0.320688138303
0.490716558744
0.565723376902
0.500371108158
0.271836524813
0.405872658444
0.609351501846
0.336523048711
0.43381429041
0.365032117569
0.26131093282
0.27469397133
0.460609525623
0.674539296474
0.882037401064
0.465360602686
0.464477294373
0.240173377148
0.479889231394
0.224276972731
0.703106330389
0.684693455141
0.385787412373
0.225787066647
0.468269687308
0.395868352459
0.483798751577
0.484423739809
0.392506929368
0.675459950886
0.518513244021
0.480239612661
0.459614456074
0.33695579175
0.576233247881
0.199098732001
0.273296908086
0.428063128428
0.356946837172
0.478490644921
0.296840915269
0.300638039488
0.471396423517
0.310058663205
0.285793235197
0.308711805481
0.383988120288
0.387680146391
0.673868732843
0.530257105106
0.238014268371
0.515556838741
0.864959209935
0.568343380099
0.596342981394
0.314588916503
0.430279663667
0.282154639623
0.233396212582
0.310482829465
0.298110437009
0.563967217835
0.433576894471
0.241495232454
0.383107673732
0.151091710279
0.314843291721
0.286286476311
0.368588604424
0.369706127476
0.416195262778
0.257275545906
0.187024518083
0.254248955159
0.419851296523
0.723499127907
0.428042468582
0.537425104511
0.293659054683
0.562830403958
0.489320013171
0.316440505973
0.680513914413
0.39766825816
0.616623936025
0.312711663649
0.327486957243
0.56662024729
0.310799591448
0.317237100877
0.215763542888
0.30311315163
0.30311315163
0.266645022873
0.31101547484
0.25889923175
0.282634713683
0.153198058896
0.269214678166
0.251697237826
0.229509176712
0.546774832763
0.350196636411
0.54622247282
0.551361819287
0.644933078376
0.435027927741
0.683098979518
0.36354371807
0.407352286325
0.472220745876
0.753757620289
0.427665761012
0.304384765994
0.437484448324
0.423974354757
0.428472050708
0.69515870744
0.927462511594
0.709895582526
0.358932437449
0.387553762621
0.366357769594
0.520546586922
0.808458650638
0.519291064009
0.256890007831
0.375135712076
0.690581406961
0.539741188658
0.540562920138
0.289026468316
0.495452308292
0.616367033575
0.291857423992
0.49922005677
0.518533609161
0.602462124321
0.306598564312
0.436309938094
0.552416162799
0.263510305859
0.479358304319
0.383856058493
0.347527847839
0.60024786153
0.320505635869
0.953974580022
0.260881825277
0.337255795995
0.227329746356
0.615363864374
0.459773313137
0.444626156575
0.354808647032
0.254345454124
0.40712938713
0.530983969364
0.469083953874
0.440204963957
0.416836406124
0.488264572192
0.370911290699
0.29457024658
0.41071249118
0.443607212876
0.23624887178
0.330189860873
0.442490172674
0.330024533541
0.197204822703
0.21357450563
0.733200629681
0.279964929706
0.302577351784
0.398864393389
0.770782247501
0.312575840704
0.63489631525
0.54824809095
0.486604142754
0.553845910897
0.288275248345
0.323371017985
0.356456790847
0.589835215824
0.304713132611
0.506455330683
0.250362030178
0.297348316442
0.342660041411
0.32246703555
0.380057811407
0.349218682125
0.346048380054
0.585525746986
0.557187998612
0.273672299635
0.315761675495
0.5256852134
0.462333710702
0.470641934235
0.315612580091
0.31535920191
0.354682892468
0.23486722941
0.460897576001
0.43079256245
0.271383731373
0.211654594721
0.231781997722
0.398454124589
0.326277483663
0.282425002175
0.41464636686
0.361790746235
0.275105457536
0.309166312216
0.526852143234
0.238355768904
0.528355017419
0.902467622066
0.312650827374
0.30120695277
0.966283378774
0.406516331837
0.413972309869
0.410791686964
0.579692799928
0.315456041716
0.324884271973
0.311147075096
0.286455463487
0.81245069886
0.527600687428
0.640965410366
0.308808827226
0.476505513894
0.285350101214
0.463506833749
0.338115078644
0.530477524822
0.317984855196
0.248057967321
0.486572550531
0.299359079173
0.510062987805
0.403727212784
0.394627977864
0.653907784015
0.18114966121
0.268881563155
0.291012373811
0.470780171129
0.34584821519
0.369176597324
0.296884624151
0.271159020964
0.352289146701
0.417943338378
0.532083198181
0.552553761921
0.3026880756
0.352928238838
0.309087523686
0.417551067441
0.339699173615
0.380145028168
0.618386471974
0.25373554298
0.290566432198
0.2457114864
0.328185486951
0.430329010641
0.46479190726
0.394639171108
0.249951664782
0.362368112361
0.361921348005
0.395834795566
0.433106733922
0.561933335238
0.17636074984
0.366783948796
0.482757428717
0.399572736639
0.531287035237
0.432890056945
0.450330722562
0.279525708219
0.35523033393
0.292014213272
0.380550670413
0.509271118501
0.175311029854
0.450824569724
0.260115033254
0.344424545427
0.37192660839
0.282201086235
0.441230811592
0.292918447151
0.435617322132
0.316511477863
0.321608964468
0.314323743271
0.203650837197
0.581923268765
0.44844355954
0.307707426046
0.303282529866
0.695247487359
0.268500539669
0.436645996515
0.267815273175
0.491613275259
0.353995014918
0.65764464683
0.258022940126
0.216973790603
0.358149735989
0.317841087907
0.370156074784
0.329664226694
0.352419104778
0.434224424941
0.40600915926
0.776324532279
0.486642574904
0.282838111429
0.396955376768
0.201909462597
0.264460368407
0.503408486127
0.407903492762
0.348200999024
0.38903057777
0.575745678887
0.379962842088
0.45730511067
0.689706132077
0.533747683985
0.738188364843
0.45347084821
0.35299140075
0.292158361021
0.273227033367
0.53795002613
0.334035107154
0.726827403225
0.474739973191
0.489558143311
0.314588316632
0.461991568841
0.30814685399
0.483771524616
0.342834767422
0.611351342507
0.33320622767
0.285850928158
0.675987223733
0.41284045228
0.528213666059
0.377166302415
0.223431139633
0.428682916286
0.510308026663
0.290329643998
0.564374077838
0.26317284892
0.456739730147
0.4655536295
0.226394189109
0.234530732803
0.305106534272
0.432575251328
0.22715845672
0.328184451867
0.34572925459
0.198906359065
0.375301895006
0.292476966281
0.31114242918
0.448446877987
0.558412502638
0.312084537278
0.240871127274
0.528970572153
0.673440369034
0.497297138677
0.371377616786
0.375131677092
0.230555505975
0.314890222572
0.448935925671
0.277621247668
0.441365041542
0.513496576578
0.500671874423
0.206883369983
0.547893796256
0.573024068833
0.427305906543
0.253090551931
0.46714981873
0.280419500408
0.162945989041
0.493231726045
0.364979655648
0.312043517621
0.473249034392
0.338747817243
0.30508388058
0.479743624887
0.484253946344
0.664107881434
0.302914020892
0.415077907334
0.313901701319
0.488242965211
0.394454277592
0.401166198215
0.345537402667
0.292215268097
0.315450784182
0.328511903184
0.440809942208
0.195835149787
0.316685285432
0.273915425277
0.21087240908
0.3959281179
0.651109058083
0.377527077431
0.711225736819
0.690620880964
0.264722829066
0.358615561011
0.328925330831
0.335609974207
0.289274199018
0.338024534101
0.174147136937
0.427660262282
0.382924552721
0.300787834773
0.440879759107
0.381278412148
0.484534191306
0.26929773998
0.362164857619
0.235195443392
0.333837139455
0.551981436612
0.418657734365
0.215143640022
0.28447674498
0.453587765386
0.189681957363
0.41975017986
0.296798410963
0.312944529941
0.270827250668
0.425773452806
0.281958260651
0.459369036655
0.366684675775
0.387335425056
0.45927262239
0.256087738729
0.339585781637
0.388826642182
0.146657214333
0.417788309308
0.268430762023
0.520402476874
0.384247374381
0.304369161464
0.287848760442
0.397903196492
0.372591395014
0.485430551239
0.0759631685873
0.37583593509
0.385893456169
0.314986128746
0.278134524
0.475891305576
0.421073432569
0.450027661123
0.293206434211
0.51855325321
0.509211620197
0.274505864323
0.342159670026
0.430694851468
0.280475626665
0.294354271768
0.439631348866
0.243163941357
0.183325491733
0.279177297538
0.341934009971
0.233926334204
0.294894069029
0.241704646788
0.255355884055
0.437955342094
0.377406161393
0.417035933502
0.250899771127
0.186682378565
0.573703744139
0.504484684904
0.646280442918
0.394578912503
0.530998234203
0.428279480729
0.370434334403
0.470376597362
0.341477595031
0.389939982445
0.330868688595
0.25165680751
0.289385824724
0.362267747421
0.273645215571
0.268819085272
0.375444781254
0.538092699093
0.46188983581
0.380575995688
0.403422796234
0.342121710634
0.46595556892
0.383505656257
0.197295133488
0.654442748212
0.305884985232
0.37582122449
0.133395730324
0.13624793335
0.306704418944
0.454788333518
0.322321728781
0.321999645713
0.200202773263
0.313640735457
0.212944611563
0.280219201924
0.349953440795
0.252931956011
0.442009399229
0.57607560682
0.329903382234
0.66283811005
0.353225481848
0.330603784327
0.27694680122
0.398809739585
0.27281213438
0.323480860982
0.353320013694
0.477368076261
0.396428163884
0.59445401939
0.432914569853
0.414607094568
0.510847656007
0.789658429697
0.472028741613
0.271705358898
0.529708105145
0.268157689201
0.313561017243
0.403299250662
0.415146579786
0.529102999766
0.542644223782
0.222395064266
0.209142372562
0.44555874176
0.435408675411
0.398020181616
0.445723761687
0.454775122026
0.244378743315
0.441511133662
0.474763101279
0.237569322011
0.171089552105
0.22896549543
0.234099683852
0.234907324532
0.199766787605
0.185208038823
0.601025932338
0.450615267692
0.188740633562
0.344059093425
0.650493836565
0.240225113214
0.307176775543
0.186012547826
0.357879360511
0.38520085308
0.310067802314
0.269176756827
0.281996721369
0.438764984748
0.360877073803
0.488544883036
0.241486532312
0.249748767743
0.201114867746
0.30766012872
0.299083980093
0.410007849277
0.377735085601
0.570894749534
0.462043732899
0.421640552222
0.399572702549
0.417507461006
0.211951065092
0.363037680877
0.480312243313
0.226983814034
0.628235583602
0.231890812676
0.761838632578
0.413921445345
0.420427813595
0.238403962262
0.444869192561
0.230516779389
0.483711717581
0.210912455424
0.356615701009
0.498557534
0.438099366307
0.320847468038
0.36880700918
0.289418981362
0.350730494387
0.440046396843
0.295783114399
0.361511786923
0.476611200688
0.279335761201
0.694776765777
0.266366316052
0.335249784
0.398128573635
0.389584629541
0.225866613248
0.352868325788
0.565868577729
0.381179382801
0.253592794287
0.435004203674
0.335628556583
0.400511041367
0.287817914021
0.271430180424
0.51038088188
0.285736633293
0.522550473868
0.197632260272
0.688947485997
0.345302233951
0.389237264549
0.395176233016
0.281413795623
0.355894350036
0.290578342774
0.34769532635
0.275281851298
0.369591315001
0.393477094902
0.382087501771
0.44729079822
0.579576444359
0.386220656972
0.538925880325
0.660593335906
0.317043473326
0.465733056646
0.277147296575
0.222697826836
0.229787184265
0.684611006195
0.388660067863
0.390462535096
0.363562376878
0.404543867538
0.224562573526
0.292022787046
0.366433648583
0.223560546529
0.345020483436
0.252683130864
0.0898313972393
0.186841076979
0.283339290744
0.236272897701
0.42415325802
0.113115687393
0.112306045592
0.283319348942
0.15286023654
0.131176076812
0.229029376316
0.186813399551
0.133346431884
0.225843055292
0.174811309243
0.160913278854
0.254889231443
0.156331436803
0.174159971576
0.138981879111
0.164599661592
0.183841295714
0.119652393571
0.118422953947
0.0687290213554
0.10194634254
0.168354055601
0.180408120123
0.123095846549
0.170848000683
0.0543364660297
0.233819471882
0.12607588045
0.218538056821
0.164915488495
0.156832873939
0.13975644378
0.179942591614
0.201498563359
0.17522727672
0.209082643528
0.12759443472
0.196877196611
0.215722191317
0.102537962847
0.220105852671
0.295845932939
0.158452055667
0.117229233556
0.210204606652
0.169499944328
0.144483911505
0.21180442681
0.255888268435
0.156913908974
0.15426448892
0.143383258075
0.17761208139
0.129275392616
0.187028603424
0.10696487418
0.238678074785
0.204853379098
0.153504546448
0.194605498117
0.476977502319
0.369763117234
0.637443071144
0.32030140223
0.576166754104
0.714124385173
0.264127909811
0.34267452962
0.384603799306
0.60701765885
0.552863312334
0.50923995754
0.477511212867
0.504846187428
0.392334166233
0.39197643086
0.301520722908
0.450010785458
0.6345120217
0.825784626585
0.277862716902
0.279777832561
0.540081083001
0.603500695037
0.30857863658
0.390177312501
0.671209633992
0.464111414188
0.545145868526
0.34563802573
0.320583417659
0.525292349254
0.478384272713
0.312234440376
0.297598268233
0.574083130344
0.702801546189
0.400514767912
0.642468462334
0.601906940828
0.554095854514
0.312383860899
0.517515676026
0.419116879711
0.351156389792
0.352476467978
0.526409884524
0.660924086744
0.305360908669
0.442332050905
0.60902014186
0.276694342104
0.44709775502
0.45399671442
0.411381933437
0.520668141884
0.75329385986
0.48118779159
0.435360483206
0.375293923778
0.268052049896
0.343204620022
0.331642907463
0.427234198064
0.459070973495
0.349578910326
0.320594071537
0.501100963897
0.425078663998
0.418080330171
0.530743184186
0.278715753199
0.393777911
0.643847849342
0.729976009101
0.45850542197
0.382154104125
0.438324619208
0.426667390975
0.347931715705
0.334077485502
0.417065371757
0.294736155333
0.67871392401
0.366944904284
0.28128565503
0.658636682668
0.384605664378
0.378395140677
0.366081684759
0.467088817031
0.434415889047
0.373858861584
0.462987154033
0.448593592491
0.532946624757
0.568829207893
0.261385303481
0.330248967575
0.42812984698
0.458310217589
0.461975935585
0.449793180885
0.326741151266
0.264008383207
0.292328728076
0.259063444912
0.738124180596
0.649560601336
0.421194741606
0.380261038852
0.479680379095
0.439795490739
0.579598090586
0.167649583136
0.613893741657
0.341468514507
0.259161709604
0.584249162764
0.419719150597
0.456408439248
0.434468719218
0.524578253726
0.459660215102
0.345351510843
0.543466784298
0.366121622832
0.440570298203
0.61687289915
0.345597879584
0.382208021958
0.541018803223
0.486332410837
0.325809573564
0.477186364994
0.660541326718
0.377805794805
0.64407410197
0.473147827527
0.575498257128
0.312105243431
0.465654014995
0.266749907141
0.350596936983
0.499926643619
0.46859619865
0.411141965224
0.276863148785
0.71296718327
0.482756610215
0.36325516456
0.568385500848
0.548082145709
0.351904696518
0.33022186125
0.479821757679
0.602781113485
0.424008683789
0.522771898961
0.448080710968
0.351226181177
0.399574326764
0.358374083078
0.352142162397
0.418339331491
0.574316299212
0.50001996232
0.388788400534
0.401797018002
0.495632703024
0.256546350003
0.668323836685
0.382522958973
0.441083782344
0.457511014513
0.583964577093
0.309388643812
0.514832630217
0.33760152054
0.412549355408
0.287498740332
0.423986226456
0.673051034873
0.375413888666
0.40984657413
0.229246206433
0.313063589882
0.41648207169
0.387315076003
0.400419320985
0.179375175863
0.430743385565
0.342130336115
0.383532036908
0.470178384284
0.291267804
0.257637913698
0.258963547066
0.318709577509
0.463157283619
0.466128570389
0.44921926323
0.377536079178
0.33571592667
0.365937984617
0.498402033356
0.261567688147
0.349476188807
0.401798570201
0.343908632087
0.460201054502
0.285525232837
0.40611655029
0.133065226983
0.231426227157
0.218468234097
0.354846950505
0.245370431184
0.328390850326
0.465267766048
0.371362881908
0.535020678204
