0.219510735116
0.195694914649
1.0
0.177229104742
0.359630397171
0.375779153463
0.23659668229
0.228534627517
0.276051546288
0.472241312063
0.305294809072
0.27712390504
0.463512671497
0.531005553983
0.348459959358
0.183589638083
0.333417447631
0.122423473991
0.283654584294
0.236690274388
0.301532797461
0.102773164208
0.123940586482
0.100836737427
0.0981913488057
0.258198895125
0.109117373745
0.0919283643907
0.213328375929
0.352299191957
0.263135043641
0.537783347381
0.0853541557769
0.105328044954
0.514954695223
0.250053926907
0.303676933417
0.457470981174
0.474621781848
0.155643531648
0.208620113707
0.41228892931
0.711474246118
0.656427276061
0.494650755318
0.375525973027
0.401043919858
0.309328379207
0.183695518309
0.42019351611
0.379783340468
0.362838904544
0.260364929099
0.416115770861
0.271650120659
0.599120985387
0.0879566537538
0.147402695636
0.361416036617
0.524679078459
0.235479759286
0.126417323185
0.21019628853
0.533211087539
0.34559946754
0.195335047198
0.585785518671
0.308455473395
0.470999429836
0.542963820273
0.345181920423
0.176659630091
0.41988443923
0.632714272253
0.443405256862
0.285424683906
0.240019074918
0.229698804828
0.234912054178
0.240456951974
0.0370134662963
0.367658187273
0.15504443846
0.0725971715991
0.361212520157
0.128433433172
0.152725986764
0.168863548659
0.161926113981
0.0868521987339
0.183987569979
0.265098066115
0.168131063366
0.144063640411
0.0651340158288
0.112482976266
0.385021958714
0.537783347381
0.275779803155
0.385067360865
0.277242129869
0.156957233385
0.352299191957
0.309588634382
0.17672963928
0.33521392336
0.138407276175
0.239132966963
0.225088881419
0.209877935178
0.195885787786
0.225878470463
0.0663157601515
0.143366492151
0.361177870713
0.636339381782
0.251461152522
0.112357668088
0.228049070904
0.185186993324
0.136720190667
0.320904255236
0.169352188078
0.192506058885
0.477458433834
0.205374858285
0.522863565661
0.260749061674
0.27901043004
0.352961737104
0.254446932224
0.422432509825
0.28398890441
0.361593680027
0.217656758494
0.107889787593
0.0664065959149
0.330049607817
0.0794688248805
0.0441040263111
0.246653126439
0.254704878771
0.113607888916
0.0768285186672
0.0799391121184
0.0772019412532
0.0284366673313
0.215659510109
0.103655112308
0.0903549055276
0.171591789945
0.135162439174
0.432856741569
0.235525287708
0.336166877711
0.176734206022
0.290835199198
0.241749478611
0.206784439887
0.339159246528
0.285568786304
0.104304716669
0.189149869734
0.268936567138
0.232561584925
0.236571957678
0.285293069923
0.434664909214
0.157643712677
0.242858881543
0.693356065343
0.136220263519
0.104061619998
0.142294045059
0.153523126362
0.444884412179
0.177598876467
0.233365217465
0.343126845484
0.179735941675
0.185523298315
0.161110017519
0.331710174858
0.268463991572
0.276632784498
0.0516720575505
0.1386312283
0.194163538732
0.156133461707
0.143627054291
0.113612384854
0.40596844944
0.225385720916
0.321249405272
0.206058207491
0.366035826353
0.319500838079
0.200054528641
0.220090253343
0.228099279781
0.240134004074
0.30439533351
0.144657238504
0.0700739913513
0.427024473898
0.15007914338
0.105996766682
0.186727530606
0.0
0.417062248892
0.124838086263
0.134163731287
0.339342414768
0.184278838472
0.420743761904
0.222182872587
0.152804663636
0.206534452324
0.172840270907
0.270831243869
0.13998680683
0.0875303929223
0.258432065122
0.139323012738
0.26611264119
0.3503365624
0.271675862805
0.11036596743
0.171911012084
0.286095836613
0.153251548222
0.303626106457
0.236597370235
0.131316479943
0.221009862592
0.233972923039
0.204175129566
0.249207319868
0.298886543708
0.290448206425
0.259007886266
0.1901657928
0.160976137647
0.144233364181
0.199104030267
0.599281999591
0.227679652506
0.172475744001
0.113186172127
0.218095409804
0.418135606131
0.112160977255
0.348233930847
0.113780082242
0.146688532987
0.376141587228
0.143769839869
0.532673318265
0.262071631681
0.434797490991
0.162901116795
0.189863109355
0.251789644538
0.135728513041
0.280045550139
0.671107491527
0.227533897992
0.25927160492
0.12283137679
0.623374729656
0.262101593338
0.191943365106
0.276012502974
0.308233787681
0.171307523465
0.133960263515
0.122283309799
0.324173581527
0.19708544048
0.243411210373
0.220724681439
0.29405640245
0.22977256872
0.244731215557
0.215682756568
0.299047309719
0.49416833609
0.626939431107
0.305113746963
0.272604932836
0.182257251573
0.176604088759
0.341849274288
0.244126960303
0.128491425017
0.179618799516
0.700007847815
0.357705359177
0.105230861348
0.304672136828
0.245995074411
0.147734251474
0.307170314944
0.328920415469
0.395033452251
0.193317308037
0.409631818155
0.15814082045
0.530391339094
0.368743652406
0.25110488434
0.170757388088
0.182919695941
0.202208393057
0.372846049046
0.286458832143
0.177126519814
0.15465895048
0.212596940126
0.242093663865
0.326966971447
0.352886843959
0.475846169495
0.271697298829
0.23125003155
0.127049464888
0.0754791043622
0.119320740541
0.129939637547
0.296449857777
0.0942553415005
0.295088736661
0.158202285446
0.136222228706
0.173269515167
0.124924613744
0.371509957429
0.503042072436
0.189491680441
0.224535010944
0.30663619322
0.282792602975
0.311653725361
0.1410832689
0.12338076415
0.0382647082779
0.235333819407
0.233414819459
0.157126392821
0.356064654631
0.199521710018
0.351200764261
0.14196786561
