0.200090170461
0.167005372901
1.0
0.159018710719
0.337693650941
0.342637347291
0.211374809616
0.205163172378
0.246068851857
0.446793361342
0.268858363401
0.22942424921
0.427175620476
0.497152534989
0.314437481902
0.171984547806
0.306989262858
0.104329566694
0.256338459375
0.202503454717
0.284136909349
0.0831876418201
0.11944098761
0.075644165319
0.0973539860385
0.240527429775
0.100101789412
0.0648823173645
0.178188765525
0.313891738534
0.243686050544
0.511978150186
0.0774672361286
0.0710020409655
0.450385604005
0.212097488855
0.277917626596
0.420378014527
0.429924547493
0.110558073805
0.177713458585
0.367355169173
0.670533354263
0.63677122522
0.465159986743
0.344832061447
0.352209266728
0.253805320156
0.159561889319
0.383455476098
0.337499436295
0.288594451018
0.230149824316
0.385962493712
0.233966341394
0.567442859691
0.0698225843267
0.145894426077
0.330402845842
0.48850434407
0.19496740691
0.10809242226
0.19379987543
0.501457745903
0.310394750722
0.181120610665
0.560641188663
0.290234757354
0.42938260269
0.502806864445
0.307130643971
0.15088006936
0.373808391377
0.584104486157
0.400328389764
0.280874519196
0.220729387694
0.204099003038
0.207989555721
0.21365877635
0.0288201181787
0.317913806465
0.140356153746
0.0750829695189
0.324910233693
0.115268703305
0.129344912432
0.152811374374
0.145887906732
0.0995390241645
0.169430581264
0.231413350526
0.138198630442
0.146747892363
0.0528833342345
0.104710916994
0.365107039729
0.511978150186
0.233214267976
0.337242301159
0.252434792878
0.135255317951
0.313891738534
0.274306480369
0.156619343385
0.302541288892
0.119737628722
0.211547172792
0.202717130116
0.192436043511
0.161808584351
0.211057815749
0.0724605414566
0.128740593433
0.31597025394
0.579877821637
0.21670540038
0.0883824362515
0.195846353601
0.163482427937
0.118785230655
0.281699837199
0.149376455142
0.180004336986
0.440055633953
0.194810280813
0.486418263184
0.207709248581
0.230436838874
0.340230138705
0.204073337871
0.348273027925
0.247644121446
0.346438730492
0.199650522205
0.0855300729178
0.0347522205661
0.286718798268
0.0699088966792
0.0256490325916
0.211662318346
0.243316150875
0.095307912939
0.0605305490553
0.0605177962903
0.0704971301455
0.0297439164215
0.202633914243
0.0932534899543
0.0687806158098
0.138075684504
0.143846743619
0.38361502018
0.196676942165
0.324732167672
0.152641835248
0.259842944354
0.219519068294
0.189272198236
0.31375429786
0.255940841005
0.0917441915774
0.180200882384
0.241226153588
0.209690477061
0.209571325183
0.256428067217
0.386581095072
0.133226476765
0.236224856083
0.657204137017
0.136284032756
0.103078219264
0.122966637374
0.133862308392
0.399362228489
0.150557044156
0.20826347801
0.307695692156
0.158740342226
0.145377883917
0.142892836953
0.305839344185
0.243609017468
0.249935464846
0.0301159050918
0.121162702547
0.184010634885
0.144539951729
0.116600609837
0.0928947435708
0.384736929281
0.194358866361
0.275123790485
0.180133533204
0.347798639451
0.280767373131
0.177891409968
0.210169434194
0.199118453791
0.215599076371
0.282515687516
0.126808012985
0.0633450917782
0.374686661548
0.142995441113
0.096528729132
0.174022773849
0.0
0.379492199058
0.105346363444
0.117399090289
0.293738335067
0.175643688427
0.390357173799
0.176033164601
0.111055389598
0.189966636498
0.15520151447
0.250174387357
0.12837656035
0.0752300730234
0.233473854945
0.115659357007
0.236776918365
0.329696205642
0.236391803933
0.114692683933
0.155982255149
0.264650047222
0.1423159411
0.276116392189
0.217792998643
0.103701096206
0.19889551805
0.204761318717
0.195249321278
0.219739285104
0.245556451896
0.259771131614
0.250418037031
0.152758375765
0.136036368753
0.103934989169
0.182754910882
0.556044146913
0.194804916641
0.142695172417
0.0798375198786
0.208087474958
0.38437441775
0.107051050763
0.311592828743
0.100713638812
0.138861980262
0.337057463729
0.159869804161
0.521007924937
0.228895015882
0.399034863075
0.158878493611
0.17391477111
0.222900191513
0.125537041171
0.266403867987
0.623734515729
0.206960311358
0.216150375893
0.0967788099179
0.59576092019
0.222353927188
0.174053667438
0.248291617396
0.267869702402
0.161690357382
0.122343516806
0.115492054119
0.293999214338
0.178042491631
0.231132102412
0.190574290945
0.233268881654
0.206683104937
0.214900678583
0.20069532141
0.265135148818
0.443271421504
0.565497790567
0.244696036765
0.228962047754
0.145137893337
0.140318908123
0.325939853489
0.209564840651
0.113093139022
0.150071014642
0.656140362867
0.328951472242
0.0920419416282
0.29068254401
0.20700369134
0.13335930687
0.265524326342
0.293653595988
0.365518009878
0.172291838792
0.385181085287
0.133129149677
0.482629751718
0.364667850115
0.212191164421
0.1580681344
0.167168076753
0.189921889532
0.343012940377
0.241998020628
0.164643339092
0.150008209815
0.202382401697
0.215290391569
0.296250929989
0.324340588168
0.426228340413
0.242535238186
0.216750794531
0.12013223533
0.0667877585379
0.0982624169233
0.120096853645
0.270346644607
0.076849935685
0.268223025106
0.143067275733
0.121534806118
0.156901694541
0.104423185409
0.319414079718
0.46330976111
0.166932721562
0.198620908915
0.276234614499
0.246998388863
0.293727536534
0.112099803473
0.120340648343
0.0321747337671
0.218256012736
0.215877438569
0.15717531206
0.31709878802
0.179488892292
0.31647728402
0.121868553412
