0.00946108396433
0.535418738981
0.673601786839
0.477572721935
0.628745456505
0.407650933305
0.746577537963
0.50268220995
0.798524586548
0.749874104333
0.428040697053
0.591877615333
0.621487358466
0.592132942589
0.341545568269
0.448334682833
0.60230804933
0.263470171583
0.632501579589
0.590596365294
0.368709861745
0.239386523513
0.321336300806
0.600081549509
0.721770404705
0.731490382119
0.323543352664
0.482149965008
0.655081855408
0.0997522551422
0.612330498825
0.681258435913
0.212318625607
0.14865082577
0.701774885766
0.378499417158
0.573944212323
0.663118283812
0.333097511915
0.707530991364
0.474526311663
0.0844154091687
0.369925045262
0.105191100867
0.622010803186
0.0547801300714
0.268492095661
0.526509315152
0.367497070261
0.401666424138
0.259851712042
0.402502240444
0.492775565389
0.277242891379
0.263078174541
0.155503818305
0.354184714199
0.327631356841
0.333060610244
0.714536727709
0.28152325542
0.487308587281
0.707754088683
0.518311518514
0.625028673089
0.258471348352
0.308995117396
0.139156955197
0.284508280698
0.244472956456
0.278352842744
0.647113947397
0.458352608453
0.0958963037227
0.608563316908
0.0556597677263
0.475883762152
0.178708694132
0.272085865559
0.367952435349
0.444430074142
0.159724404449
-0.0576712943776
0.318379717558
0.518835909368
0.70668030515
0.452161793691
0.552286724407
0.404112635749
0.633482827378
0.579433807451
0.261043315738
0.628849550337
0.287513298474
0.364097363119
0.128412921492
0.365392556315
0.396068784385
0.162983646387
0.265038848262
0.175809784141
0.270895920225
0.270895920225
0.000481247462071
0.122721034396
0.240919114559
0.187229938252
0.172260326375
0.101039842256
0.264336255739
0.0948238021805
0.87154755082
0.418450309969
0.576619078415
0.636644542551
0.864949380317
0.528147720258
0.639674691961
0.535133949985
0.431040604101
0.585496248509
0.443669670281
0.526336236852
0.602256943093
0.67909553569
0.806845628665
0.537968383905
0.7630139858
0.602739101213
0.82288659333
0.323841510197
0.476094499344
0.306117471905
0.703685601698
0.604392376648
0.622669492758
0.475913777681
0.447351286044
0.627355812765
0.546773308626
0.576983413715
0.538449880646
0.724177598704
0.782254328103
0.419430953427
0.627547723725
0.577451627459
0.722019828198
0.561455784709
0.513695866447
0.51365661841
0.28159043083
0.578885514683
0.548743245313
0.462334927314
0.701272659887
0.631986550367
0.732145150648
0.276575686361
0.475497106837
0.123702498113
0.703918683628
0.42398671651
0.433512410867
0.422786353991
0.272230189841
0.301613892282
0.412908934352
0.310703530268
0.418525891941
0.732027354856
0.650554922127
0.381018698195
0.344228099906
0.527292804451
0.4666240032
0.232364374324
0.207760949233
0.495919532962
0.393760853448
0.139669460004
0.228375409274
0.805889579116
0.473529293968
0.279858028082
0.200439093917
0.735487802255
0.20340499498
0.698582583791
0.558061416589
0.484044730094
0.421191373781
0.344571810481
0.473307245034
0.51003419225
0.59172413831
0.523897142261
0.587993589765
0.156715714179
0.51316366591
0.609979113058
0.555481287886
0.403377553139
0.405707419625
0.471574660236
0.197761791875
0.689778749582
0.339963675121
0.197356221369
0.596981708981
0.415160693543
0.471552306561
0.343975862728
0.364554684445
0.450480610706
0.260042937439
0.658106315114
0.440935015964
0.308735869408
0.232058595072
0.242508627558
0.431229490073
0.492792277218
0.116538513583
0.335127456902
0.431595444414
0.362548696712
0.393648356503
0.699285108025
0.300246292079
0.555720696492
0.715897841517
0.453509615015
0.364804999117
0.774147818845
0.520109571908
0.520301562261
0.275619915251
0.696905844179
0.289335698852
0.374244363292
0.170605840331
0.273229285025
0.655772098373
0.519851466001
0.60788477649
0.204956296377
0.518740473163
0.208238581449
0.449233779939
0.367134800945
0.544073419682
0.355132719432
0.446444659151
0.415102937296
0.581837846419
0.560646064322
0.439267902729
0.49498473091
0.531071396398
-0.00164080466523
0.395688990905
0.269806443993
0.557420802425
0.398423954927
0.303969765501
0.30849137031
0.413107265881
0.30033114986
0.48179555416
0.129530291179
0.754945837834
0.290417227382
0.405474361648
0.350299953386
0.509538063264
0.272245635942
0.44930241701
0.481583405264
0.456812003446
0.288482062413
0.239220067024
0.471994868513
0.448243935974
0.434775382372
0.484858165133
0.421120772998
0.170026791552
0.52694757533
0.512162458918
0.585706556504
0.595448764552
0.24620276376
0.46316957212
0.559010943294
0.472100752224
0.505185984504
0.46268854331
0.399184316104
0.353178958834
0.469161807925
0.427083464115
0.495710895902
0.605927152411
0.0684719211434
0.373234247675
0.344179599641
0.165232522902
0.203676405242
0.286433803395
0.553784065643
0.267159502899
0.491466441233
0.305509200326
0.141616666673
0.317654851102
0.173667033586
0.600026118059
0.206941152282
0.357978491603
0.246671336657
0.701021434006
0.299480758526
0.270406512224
0.281183882919
0.455021732045
0.405879078181
0.890965230691
0.236591324539
-0.0889411719823
0.608668295031
0.542504986272
0.255568428115
0.311961495475
0.739622843643
0.486473111616
0.59195881825
0.691803210391
0.511292358403
0.203228808743
0.302185607997
0.138040519943
0.169792013227
0.461728666172
0.360603483306
0.488329488085
0.498427145575
0.785463069683
0.423821944596
0.509448913588
0.459322245688
0.520990522672
0.670189853019
0.421175892464
0.253994446557
0.273440131611
0.300511815234
0.603825679459
0.337556091974
0.830742507981
0.516547753924
0.369991173682
0.439672810197
0.50999153173
0.20123441082
0.49683339466
0.295534831983
0.615585727117
0.341184288846
0.313675599126
0.663202631202
0.535476505221
0.626932603189
0.569151362804
0.167257976572
0.404879052813
0.520592319398
0.28627349758
0.55845174926
0.289529353378
0.339087120216
0.496273299612
0.14470006006
0.207656441779
0.353991702056
0.45692592789
0.179696152903
0.435253936429
0.367682531814
0.214303616598
0.273955796782
0.273151780132
0.2446703367
0.422316710455
0.589614696691
0.21319907948
0.268443518923
0.505792902484
0.71140880664
0.288173212832
0.434574689506
0.33131607012
0.163647170495
0.624864404094
0.379726064318
0.275328228391
0.46526624628
0.265302157145
0.668667109517
0.199554155128
0.780458925013
0.673349324979
0.530147376691
0.271526850981
0.543955136954
0.154593555236
-0.00139809294428
0.614355370862
0.275164710282
0.172976966671
0.302848649448
0.34469249051
0.221747977075
0.524877541624
0.610641039082
0.599384197893
0.120925630257
0.466771177087
0.460046365955
0.478939035081
0.704053442895
0.375829188366
0.224942648121
0.276006659872
0.26845733655
0.394082162568
0.508581455476
0.181045642727
0.175839216329
0.268199399969
0.142698122272
0.290034250185
0.562274440161
0.239220709162
0.568198081467
0.645295575279
0.231046283397
0.551263016785
0.441065255356
0.142350065203
0.221378839124
0.290145234962
0.281001745795
0.336945465414
0.361442289474
0.411567518373
0.4284762334
0.336966152157
0.533578203533
0.288165374324
0.424899900619
0.261719154919
0.217666062086
0.812721762104
0.48007801824
0.168495408342
0.215923330332
0.529303608135
-0.112424760104
0.364275311931
0.412345278883
0.412136234556
0.178908330667
0.565891119267
0.296945830302
0.420475237894
0.238421672159
0.29213464093
0.34248144156
0.082365477212
0.217759734176
0.445061719264
-0.0125936355193
0.295762761721
0.205678774569
0.666452044869
0.413678712367
0.263580248272
0.196545109635
0.238152607444
0.550016007766
0.410672958206
-0.00821235619322
0.467221883189
0.525636730413
0.451509391916
0.411671108151
0.447895667561
0.342944928657
0.693163886725
0.193742916593
0.580910926237
0.346289620551
0.220351321929
0.23610609784
0.499882720641
0.306016832868
0.344157715655
0.459092004428
0.091910673191
0.0275924714674
0.278212303413
0.330731517583
0.322918086453
0.399497582017
0.19527587792
0.518484972604
0.412093307889
0.424877859978
0.282092213717
0.280676212731
0.0655726930586
0.466184576175
0.490310322702
0.440186948901
0.412736811837
0.430247912684
0.242249635124
0.396622775432
0.629047644026
0.212958345948
0.389899915688
0.36298337801
0.216247109188
0.139493796569
0.304171780657
0.280644833454
0.495658665226
0.390618359003
0.721439524512
0.571111667583
0.272418799927
0.073717676085
0.25908281034
0.558666580148
0.508388790125
0.0477301890804
0.615292461647
0.278808463364
0.378271050492
-0.121906702402
-0.00123634247083
0.438433262445
0.611195106709
0.339122211036
0.207415272003
0.211916742313
0.0883176211171
0.0561953734236
0.105998833245
0.22166861183
0.0479593085594
0.533558392397
0.609537153026
0.362448795264
0.650596743387
0.436739954722
0.45173405527
0.23873141134
0.226194365461
0.12313454535
0.287726622721
0.190912314241
0.432214391526
0.355927439837
0.701607682381
0.510208321921
0.331157424539
0.320646939743
0.540901976918
0.392511472899
0.333193977443
0.514566439834
0.158382813867
0.249269228309
0.400035702092
0.410749437917
0.457581292535
0.331754797894
0.16086256792
0.157456238242
0.284016057438
0.601959413165
0.295415103276
0.337712220807
0.356956448548
0.173564278566
0.391056975871
0.339009765446
0.0179229731648
0.0762933369827
0.0285207810411
0.181337268537
0.164554398771
0.0372047011654
0.109468324502
0.661544892861
0.413678723783
0.111802424303
0.232214646612
0.736397286749
0.135864584698
0.323033043041
0.181852342345
0.308044580076
0.484956172418
0.627311136029
0.383303245528
0.443696340088
0.583843239194
0.421892793726
0.459406644954
0.249658038252
0.235509465862
0.424203099414
0.184253723792
0.319325552845
0.457335902121
0.530138523593
0.602295394985
0.318269016689
0.423652379713
0.374162420187
0.599534317657
0.11081551694
0.490308981055
0.498416649736
0.159795693363
0.520501939853
0.314099537172
0.581086876318
0.303012977302
0.556042349614
0.331350249668
0.519618945981
0.242013566115
0.54995113066
0.125638206203
0.518001963165
0.57984824007
0.474295701478
0.370718267427
0.250327140976
0.167908278738
0.381943999746
0.158800776584
0.192529329751
0.373793225725
0.452350084002
0.215525305149
0.727944742977
0.405572761613
0.484109081207
0.362476527185
0.509488711244
0.189538592031
0.489794159011
0.546723825788
0.486127507872
0.187128488337
0.450076322035
0.497836471789
0.511734599763
0.468422747728
0.0902248121186
0.441122162213
0.258796340311
0.589570416834
0.115760241901
0.644744402662
0.368810618491
0.470225920324
0.342746722292
0.343149101748
0.475718386182
0.284507186964
0.492152126779
0.547175223656
0.494222095313
0.348770890479
0.517917272443
0.553699020548
0.277982734221
0.276396166325
0.526383246685
0.417462204358
0.231811370503
0.608122174635
0.281786274472
0.178607511275
0.32736668934
0.383399202706
0.407205717602
0.302237779417
0.350431028142
0.582783652972
0.0784183967025
0.27352092345
0.621385627731
0.238533983303
0.270109943633
0.0699580732014
0.0237912617559
0.208336013159
-0.0763705415269
-0.0259053208381
0.172753967325
0.0329535197469
0.0271039036905
0.200094674707
0.0685642544515
-0.0984748556117
0.0684975329485
0.103852990323
-0.0876057764658
0.120390687383
0.0494267643153
-0.097643176547
0.20561707971
0.186514758405
-0.0145686450456
-0.0628174272298
0.000158578919309
-0.0525468171197
-0.0172264564808
-0.125703803985
-0.086448036909
-0.0764324165664
0.0689470388721
0.0972718949982
0.0339218239083
-0.090138425488
-0.0745289689169
-0.0206754937834
0.0456416654934
0.117842422549
0.0569579757701
0.00898132631799
-0.0873720564137
0.174071471036
0.156383415061
0.0403829736486
0.114315567494
0.0614296107923
0.0776682971641
0.103748580698
-0.212212733497
0.0204098450481
0.239798628808
0.122661338222
0.0941509435795
0.00372922052934
0.180137210761
-0.00845121287426
0.0552194589567
0.272653919701
0.158555042933
0.161277039438
0.25858311404
0.180374335852
-0.0313875574583
0.0500131137468
0.122533597286
0.256012939796
0.181287037279
0.0828802934997
0.169681589088
0.686106753014
0.244574892838
0.783443699324
0.39710163737
0.5110731143
0.848343484866
0.323064934872
0.357338191083
0.081715724152
0.623811685737
0.630889400524
0.492494947257
0.693568122713
0.422019391571
0.465242869956
0.470246831027
0.544762446397
0.458384634262
0.60695121475
0.75081256115
0.326129381825
0.336233975245
0.682191336952
0.463907790466
0.253213053387
0.263515534401
0.698674115778
0.384508974914
0.418804423749
0.401376246541
0.291875177341
0.492198493131
0.450938932136
0.295371518645
0.357811825588
0.504538509215
0.732760274082
0.317045939616
0.608809838139
0.681912905374
0.458982189713
0.117232811093
0.685381957745
0.439179304363
0.503203568913
0.559950542385
0.174053224234
0.656265970945
0.356388155421
0.342626669216
0.519682022759
0.439430119974
0.608431390204
0.47869607302
0.301472093036
0.51103776336
0.449955719766
0.306892793261
0.511180836419
0.245453301858
0.186418627728
0.40082181631
0.199548442373
0.563074021418
0.412789419979
0.419566554944
0.468649586572
0.429531059589
0.613838871035
0.157625950957
0.44858842919
0.52129551672
0.284561877472
0.642243436787
0.809947466639
0.426956687245
0.402623707351
0.614528917344
0.216789905471
0.271329053853
0.200726285986
0.525645888513
0.292529052455
0.66813993123
0.500263707966
0.294950347315
0.69297061788
0.189345338982
0.681357819123
0.191748397341
0.354026072541
0.339105250842
0.518974432143
0.580839031101
0.149004318059
0.497482102106
0.592419394464
0.172455491612
0.175565086111
0.25795699887
0.246197015505
0.443697610617
0.483439261535
0.16831498829
0.26457123728
0.179623338054
0.0736911995875
0.623376553573
0.366245134618
0.438769453153
0.498469877514
0.27651964542
0.614357204856
0.347481295453
0.0880289847608
0.565269961192
0.252612264164
0.314365198354
0.369889346967
0.300327388234
0.38367601596
0.415531234209
0.537769633277
0.391114257951
0.153524752231
0.55413422675
0.449949186406
0.506096584394
0.483239816442
0.52325280379
0.398981506759
0.403240236507
0.484231127852
0.316975692241
0.570982465003
0.608976727203
0.372930829112
0.655197818076
0.109409677075
0.516074918386
0.206751075767
0.392406283654
0.216933121922
0.282823472356
0.323999246058
0.291261889935
0.394108950362
0.203632136449
0.744307159208
0.449458116954
0.317016890385
0.560817652565
0.456138971088
0.467473221742
0.316595727975
0.514254322785
0.515364374222
0.404050158593
0.444458191444
0.321786626285
0.373041128925
0.464587130622
0.437405421444
0.360883248848
0.238629297856
0.324916267961
0.570869624912
0.21629958554
0.439380839428
0.512384042503
0.168803037807
0.513547427503
0.267767144636
0.018674595838
0.619129911309
0.522026156333
0.511346783867
0.215491412916
0.307398700018
0.35294814925
0.340525269838
0.453074306857
0.49691835353
0.445384929476
0.280171693831
0.298157254106
0.214639438796
0.352901126696
0.37159587169
0.523069954388
0.30977438862
0.400206169442
0.224628852263
0.317900560384
0.269345302424
0.142305833123
0.444609423294
0.395528328989
0.207499020181
0.297697377859
0.391111031513
0.420579131485
0.318355996932
0.0391421718336
0.134655334485
0.444793423828
0.155833768854
0.379209322463
0.277533935519
0.288225898762
0.413503785806
0.172239629958
0.157648076233
0.0601652153018
-0.0845109058059
0.0732127083766
0.234208551645
0.205676803052
0.349322038574
0.311682662393
0.156100310554
0.36018769682
