0.789744852064
0.896715490667
0.863325436554
0.894502524864
0.479329396724
0.67934264448
0.826803347475
0.357569288441
0.875717744403
0.651881233803
0.390392477083
0.65538985334
0.536647694991
0.945923687998
0.52860094796
0.357733646726
0.481751962589
0.696910143221
0.515423988371
0.318837007634
0.370996481082
0.470732799448
0.535915000461
0.34850176364
0.413597393315
0.352888904502
0.605071600502
0.0628065631529
0.442161648591
0.375750810688
0.458866877802
0.283799715442
0.326159954199
0.277504025228
0.0374216419598
0.392347383558
0.389392618269
0.435214461055
0.355717839458
0.15644359135
0.277553196521
0.399058627252
0.419532893882
0.241258941855
0.256225383274
0.25453738216
0.400266350489
0.478114053524
0.365728141958
0.251676955205
0.215111071869
0.25232780179
0.473871410994
0.330221504908
0.303507498155
0.23183822367
0.191353691875
-0.0134582011188
0.37628671521
0.196214428428
0.204772748592
0.210501371057
0.159933448104
0.215331454584
0.212545529056
