0.0
0.0
0.0
0.0
0.0
0.0
0.0
0.0
0.0
0.0
0.0
0.0
0.0
0.0
0.0
0.0
0.0
0.423224827063
1.0
0.51681302884
1.0
0.368546569576
0.0
0.44768092914
1.0
0.645618023358
1.0
0.292782866561
0.189708436357
1.0
0.322791157245
0.214272034303
0.544161609335
0.281422947657
0.279690360253
0.468233066359
0.261359997814
0.262299935246
0.625984501079
-0.0472237799758
1.0
0.331628344805
0.66088316588
0.177641975528
0.357907656195
0.172524085686
0.208284317777
0.289626239325
0.402840577607
0.12576165819
0.598989567379
0.09721873748
0.241662268813
0.245035005128
0.739053045006
0.168518950631
0.460789507336
0.201565892316
0.29542785286
0.0629196353133
0.581738238361
0.382741832712
1.0
0.234724688095
0.492292564027
0.300405396781
0.613724880211
0.370418582453
1.0
0.484338637998
0.315738867266
0.389790112296
0.261520565155
0.0
0.334481705709
1.0
0.457957296965
-0.0157078323002
0.208540653282
0.159486698762
0.248737492155
0.0
0.515478509968
1.0
1.0
0.0995564148424
0.678632403437
0.138465350027
0.197163934824
0.449996567749
1.0
0.380504036389
0.111535348653
0.213924992401
0.184025414502
0.280015876194
0.0
0.479905943764
0.180949219541
1.0
0.287781912208
0.0328694077297
0.474617826657
0.144337601294
-0.0745672432524
0.65349454808
1.0
0.718242220375
0.19921062094
0.0
-0.0283949048328
0.579635623641
0.566901073534
0.3851927015
0.308019708393
0.106150609914
0.392941585283
-0.0625889476539
0.537325748706
0.411270042241
0.332262586326
0.155696659369
0.424299796642
0.0748555131443
0.646954976996
0.431193992258
0.0
0.261972893277
1.0
0.212919468542
0.323883967325
0.465486460675
0.208245743239
0.14148175513
0.250906096764
0.551838421472
0.286655355832
0.657066668915
0.0713774990712
0.338700924502
0.270233383075
0.125636150799
1.0
0.511425342429
0.229478971641
0.380809462298
-0.017287659883
0.33566260405
0.503972178349
0.407291255492
0.395739994869
0.363405077564
0.141208343063
0.441050624908
1.0
0.239314650964
0.25783210054
1.0
0.117740892251
0.0781130187358
0.312354338625
0.446680173858
0.515507861097
0.380214142846
0.387514033158
0.0807945630332
0.168992471579
1.0
0.0
0.00514557438114
0.0
0.244702703037
0.217177709399
0.193235437851
0.678181638451
0.330380512333
0.257492621455
0.257411683182
0.29695396703
0.42099917595
0.356864712723
0.205109290926
0.357695587233
0.217685610011
0.257095258688
-0.0174510542143
0.24429339782
0.494618751068
0.385705802013
0.590626145084
0.077786593611
0.269665180753
0.535182102935
0.543002471656
0.192515972189
0.527790005438
0.239440393467
0.367686043509
0.163070977493
0.540601925634
0.381899093494
0.396522790197
0.559113561461
1.0
0.0817790043975
-0.0896642490806
1.0
0.0
1.0
0.514997683479
0.525481762804
0.379925259023
0.520484071059
0.155255081942
0.543711216412
1.0
0.230991982858
0.272367573233
0.481679929166
0.122645655707
0.023269040781
0.816426528652
1.0
-0.00837474073966
0.194343652215
0.335070279734
0.499972174291
0.425955537581
1.0
0.26317932982
0.0
0.395012178731
0.35296457816
0.113085351573
0.337430589045
0.393657299772
0.838429158106
1.0
0.0
0.235373086098
0.0
0.241630598159
0.601574381108
0.383193349765
0.386588173734
0.414204991601
0.24899697229
0.370629564513
0.121136739044
-0.0819581911059
0.273970825953
0.0343007261579
0.213973471432
0.204530689829
0.180308911356
0.322326207815
0.461029438929
0.24594390108
0.461675782807
0.706882898053
0.222036658716
0.440316442631
0.0368095686312
0.277794027967
0.458947547132
0.324238329238
0.326862519313
0.326862519313
0.279214268795
1.0
0.332466980476
0.243148204905
0.388740662592
0.0
0.45441545539
0.345058457086
1.0
0.393091502271
0.27619612235
0.341701804575
1.0
0.279972815225
0.52971248076
0.0
0.572297580862
0.0
0.504588714074
0.0
0.512526729021
0.101928066573
1.0
0.125644575645
0.0
0.442198607345
0.182295985009
0.506008766922
0.404140009724
0.368459071422
0.167477274245
0.0953035002533
0.277923157676
0.329510254315
0.274854411937
0.324492214034
0.671297907648
0.405286270424
0.453854754284
-0.0381408143583
0.104102385532
0.467900578431
-0.0321962322913
0.585152791569
0.388908927695
0.0970121114501
0.351796783586
0.439299768584
0.0
0.609121062908
0.357151538781
0.530382480941
0.386246116083
-0.0580058112062
0.0
0.237537723685
1.0
0.428626602123
0.292261720012
0.32001081117
0.420500100364
0.144989855642
0.605905947759
0.145694030372
0.217351957745
-0.0445076134759
1.0
0.385587720412
0.214789572062
0.00822545485411
0.585490487542
0.219909400522
0.084749332055
0.426168987911
0.473333958009
0.452225756791
0.503434683653
0.167552804718
0.254913494172
0.601907888979
0.0
0.313668035742
0.2080872143
0.517400726814
1.0
0.506791610296
1.0
0.175407107465
0.445862192739
0.337643640361
0.062610133788
0.244628946653
0.312385963088
0.242718820011
0.462597156162
1.0
0.0266648950154
0.393773764287
0.360073866153
0.0915750216776
0.320520594865
0.134626584918
0.262541116118
1.0
0.254685623301
0.140994337084
0.553097633859
0.0
0.253161094495
0.265360998128
0.237355836343
0.88793374853
0.41657490467
0.2842476503
0.864508371997
0.382610420052
0.388989424326
0.203871052692
0.433090669829
1.0
0.334987236235
0.309458321359
0.0506149580063
0.185902155066
0.339275292361
0.457860940569
0.581067797181
0.333514394331
0.357508395005
0.168002554979
0.538044741827
0.387473948568
0.388639704638
0.23472775788
0.514562221755
-0.00617016308152
0.296143014362
0.321038432721
-0.117091402306
0.07189806401
0.251860880277
0.023355855086
0.161770146898
-0.0507313738733
0.104979449128
0.185650999367
0.497812984311
0.295099722968
0.444047430353
0.407249829357
0.0674777779052
0.361096083023
0.296578923197
0.154405021449
0.0876534571413
0.242138180051
0.286323620963
0.12975487179
0.0831743005559
0.275791035598
0.0
0.204272441734
0.0
0.438331066146
0.03539457569
0.209432699053
0.315165202796
0.570162978784
0.0
0.320417891141
0.276521032594
0.311954381071
0.350358800976
0.0510146834738
1.0
0.369680822649
0.258849785969
0.523522787217
0.299255144912
0.352131153807
0.00399550563336
-0.0523234072802
0.525545521899
0.0645486704817
0.602223907139
0.396250635837
0.538061721795
0.664799733469
0.761933216455
0.147927636867
0.266678943337
0.562287666686
0.0
1.0
-0.00314399403314
1.0
0.410602176979
0.0
0.0
0.500622858063
0.191360623141
1.0
0.295477220318
0.303397793885
0.172799002446
0.0
0.229905788784
0.382938549673
0.218558772811
1.0
0.572577308997
0.383122373561
0.834441955529
0.255232657151
0.131253492866
0.450375664657
0.260347615465
0.542377357682
0.113295144704
0.647080019938
0.400927447969
0.395043745144
0.230178845771
0.170527357936
0.203844126879
-0.0368448534547
0.37935939615
0.635873858487
0.0299989877122
-0.0102959244716
0.200616967719
0.228536913419
0.620897760559
-0.0389733155353
0.159337817318
0.463066435861
0.294115948234
0.328852910365
1.0
0.0855145826988
0.331625792246
0.314029241368
0.239167468376
0.239167468376
1.0
0.0744577486975
0.223208781552
0.399979815974
0.836843468219
1.0
0.389094556681
0.327995698986
0.0
0.112709347612
0.463907932672
0.697533148528
0.232263739856
0.651226675465
0.131955022015
0.365963148192
0.207961172146
0.3001356445
0.303644481252
0.102249044745
0.28053463868
0.24872535167
0.0686759488487
0.0
0.686429253812
0.567156750738
1.0
0.168405541662
1.0
0.111648772469
0.323913121693
0.0913622474198
0.364841849931
0.278476232661
0.468992462203
-0.0725815941599
0.370319777029
1.0
0.433631974355
1.0
0.0730962618805
0.494094462493
0.0
0.357414047586
0.140324055003
0.240704877838
1.0
-0.018535988441
0.0874547010715
0.809331816312
-0.0900057998895
0.233161267103
1.0
0.308221638697
0.37053303877
0.155478318202
0.0770546231931
0.320513988579
0.460246340707
0.353309492013
0.474986361313
0.240808532988
0.103649306273
0.0
0.156159881684
0.232978203618
0.238871852771
1.0
0.678789501454
0.362236595901
0.362236595901
0.310432974639
0.331263995165
0.163238123224
0.270726932903
0.133576634905
1.0
0.283526059049
0.256919780353
0.550899867714
0.70153230123
1.0
0.2646855406
0.396900956807
0.67311566016
0.533901585568
0.489113852144
1.0
0.401479726641
0.0529572234035
-0.0476014162873
0.142375380586
0.000716938074464
0.117020099256
0.221639185523
0.462486107883
1.0
0.0287383822182
0.21741630732
0.48010150382
0.363534863754
0.363534863754
1.0
0.215972235365
0.227664995652
0.560299706111
1.0
0.359039266478
0.377780522453
0.280748129404
0.496410472138
0.230711524678
0.634112199928
0.363212508893
0.343947802633
0.246773644503
0.229951268463
0.228893110024
1.0
0.47447114128
1.0
0.279992856414
0.275276583119
0.484880230956
0.213588065427
0.131197255451
0.377147292715
0.439178854305
0.314182874756
0.081742500992
0.557704138804
0.443467734865
0.176244231266
0.0882615349759
1.0
0.155843936538
0.350093188503
0.136161344142
0.340662025357
1.0
0.517722809553
0.105306106991
0.435872193983
0.270709993089
0.0592489028281
0.425358854046
1.0
0.728879163539
0.350386414631
0.356790243977
0.241591838808
0.615485691747
0.150350076827
0.196698521133
1.0
0.450366979342
0.102489034067
0.255942924826
0.570349600962
-0.0390696442714
0.614096282536
0.735309921868
0.735309921868
0.537510687933
0.213681037679
0.761180801257
0.815272000557
0.361507977911
0.152120604762
0.335562045095
0.610613123723
0.453418917945
0.275678948619
0.499514950505
0.212845701134
0.319629647274
1.0
0.179517780412
0.0
0.434700802455
0.144761131441
0.200865659453
0.192208945917
0.385707258048
0.0845735459804
0.110588566093
0.170665456756
0.411384420119
0.180834952706
0.213070344015
-0.0381302778682
0.337170471254
0.196245623732
0.529764576222
0.106098595314
0.877549623008
0.123447851953
0.0
0.196603849145
1.0
0.36620121155
0.712576713851
0.123674599922
0.143017163229
0.229899963456
0.271943186728
0.497013277264
0.412020054191
0.319389516753
0.368342023073
0.260377385138
1.0
0.352728619059
0.170789550161
0.367300241054
0.277201866877
0.392701745599
0.48198873357
-0.0325104581566
1.0
0.207177474748
0.23699957209
0.565903008057
0.0329672862001
0.127218864254
0.372433054923
0.00183420855352
0.055336951419
0.119377356611
0.403008450333
0.628788424061
0.0800519116058
0.166240805176
0.255422474103
0.471123603309
0.0981217413122
-0.0213544079727
0.461515966555
0.628295053674
0.135409094764
1.0
0.463735979368
0.263035541696
0.0950621202228
0.275257370629
-0.0257364617655
0.314073996286
1.0
0.428637516422
0.284870241255
0.219796397138
0.0875229093118
0.149458837784
0.34084829145
0.355267448316
0.232436487743
0.297915144109
0.47462652837
0.200044806892
0.14141912613
0.298875321319
0.0612531420495
0.0
0.0
0.060642040436
0.602445939516
0.4664808515
0.439574659525
0.373715860933
0.546683790981
0.352603746347
-0.00031577744959
0.0756478227751
0.145830057314
0.220301429764
1.0
0.212629700181
0.0
0.0
0.0
0.464987742494
0.369316681042
1.0
0.116386234344
0.353779777943
0.809717862894
0.296962798296
0.278236361941
0.68996761713
0.0
0.095397907162
0.374525798288
0.404034511125
0.502827384667
0.466126343895
0.226265463028
-0.0045671780237
0.496702419648
0.433060671023
0.311252462751
0.293317464134
0.624333902891
0.279133684768
0.22009195408
0.399854493173
0.453796135753
0.18153928437
0.478294151353
0.136098688266
0.0857202110535
0.346686802256
0.431527040197
0.362736483033
0.224215917691
0.285030224926
0.659474294734
0.300582857752
1.0
0.26216087652
0.0977629719421
0.1406001696
0.199454305594
-0.0260196036749
0.0678403106293
0.139412305035
0.217946818036
0.134858652685
0.543184267455
0.380646564691
0.32368493295
0.194031985487
0.187364146944
0.0
0.0
0.330564604056
0.119830936363
0.364283523341
-0.0327872311785
0.262311933671
0.309048168424
0.123128418657
0.494867943608
0.713211906966
0.478212466252
0.0
1.0
0.136273316381
0.0716311061161
0.0
0.241630598159
0.308821264335
0.110720259593
0.679762662176
0.679762662176
0.224005042385
0.127076752969
0.365158162257
0.544819686981
0.395405803689
1.0
0.393203729348
0.549021484088
1.0
0.237361947246
0.532988924345
0.338415077095
0.549432750969
0.311352493957
0.118709710496
0.498873274409
0.151909084904
0.152682032136
0.0617862425909
0.00596425847995
-0.113914486594
-0.0531086752268
0.581626279838
0.105475125258
0.373137219739
0.344871143933
0.623808317075
0.55734399001
1.0
0.352999374999
0.422616890841
0.0
0.321830341808
-0.000568574139236
0.324463706128
0.343985408856
0.544226701881
0.0878011873072
0.516893512312
0.396900956807
0.227436642861
1.0
0.185397547077
0.149301673762
0.0296857700353
0.535339942171
0.580037562814
0.253966459909
0.512175440486
1.0
0.158137083111
0.488295496374
0.434581571251
0.317251711941
0.267722236957
0.586454185521
1.0
0.189082765858
-0.00989955077593
0.413954769406
0.132164210308
0.705480511551
0.140916628371
0.287427195142
0.523649479597
0.32475288811
0.206788911152
0.469508898738
0.0322457760011
-0.111929505522
0.211653706302
0.611488858711
0.0942727362467
0.298977490899
0.0230054568201
0.243589460741
0.366065345481
0.114708950622
1.0
0.0
0.0
1.0
0.262898106668
0.380667674574
1.0
0.0
0.314106407031
0.192773314139
1.0
0.0
0.0765620319954
0.0
0.585599380365
0.694802861678
1.0
0.0794420143134
0.220458524546
0.291712448687
0.0
0.36171547937
0.0
0.0320828593722
0.273608495569
0.0
0.443350662618
0.488396998837
0.678853289565
0.834975649561
0.045526387817
1.0
0.548843024207
0.133537539217
0.0
0.758742878739
0.0562653812251
0.148427213713
0.0564090355822
-0.069118097393
0.214277168711
0.27258231072
0.443927718591
0.154708418754
-0.0192327378915
0.328211004481
0.145242677141
0.534753055974
0.459717062841
0.1419482379
0.498772165752
0.467196079971
1.0
-0.0854049565542
0.120094273538
0.00783576520057
1.0
0.427457820787
0.312992425189
0.0888742404665
0.5088405866
0.614219166102
0.461772860682
0.183509711463
0.0
0.0396754972771
0.334371206162
0.462982364397
0.0
0.0
0.903325223045
0.268215405137
0.602322285401
0.166987590201
0.00711499879006
0.762087757217
0.185577629111
1.0
0.357576117394
1.0
0.173359787536
0.296098903192
0.163615291706
0.480622745296
-0.010952087393
0.286417703769
0.331290620051
0.138778530734
0.0699123002929
0.197713507214
0.135138921894
0.111826541995
-0.0973760545449
0.136404295908
0.447455669912
0.353571832291
0.278169174487
0.628759547035
0.227808061564
0.308019708393
0.701974484104
0.201374673113
0.251215978882
0.41930515618
0.177949308051
-0.0261630214269
0.119703118511
0.0347061700784
0.232542602143
0.378550161932
0.144386706226
0.29799194345
0.219003823723
0.169984694166
0.0815418550656
0.84908571511
0.175601992407
0.335193481966
0.163905581079
0.623794038408
0.31806616993
0.570683774185
0.0651590397172
0.381574612259
0.282883197262
0.498964089739
0.685439279735
0.0493939306362
0.128608212002
0.297665367116
0.510751033949
0.557227943656
0.567996531121
1.0
0.647516500013
-0.0139790048551
0.17623959671
0.348376905606
0.462234571784
0.376604388929
-0.0680905798514
1.0
0.567150637881
0.224051097214
0.438204580173
0.0119099270486
0.43088707096
0.539369949702
0.289798205689
0.212343322273
0.210204486507
0.0580639756242
0.0208434312157
0.039976905688
0.492315716907
0.453380959618
0.173705837885
0.0
0.387742800363
1.0
0.528479101692
0.528479101692
0.102927776205
0.468006492939
0.291744594432
0.247161280524
0.565030509625
0.579994588557
-0.0078272081929
0.424387339411
0.204802283727
1.0
0.0
0.380520040844
0.451755708304
0.1520126494
0.422040395287
0.174168997969
-0.00142047080806
0.261794858144
0.154861827859
0.392975471187
0.392975471187
0.226225993049
1.0
1.0
1.0
0.21176212841
0.0
-0.0254045148604
0.494536280771
0.0463665662024
0.420695660706
1.0
0.383508706514
0.110153636538
0.603352461695
0.285777319144
0.3904775357
0.488384187982
0.471201398002
0.200820715137
0.0796273679718
1.0
0.262223404761
0.116909262032
0.0954936022527
0.242939956099
-0.0256402891603
1.0
0.420626700835
-0.00376391015415
0.427537179573
0.186634818723
0.202554987114
0.406149930462
0.145571254731
0.158905601619
1.0
0.299553582086
0.114986146769
0.143730830667
0.169997164706
0.736929417962
0.443718190246
0.223368100116
-0.0380061238853
0.0908346107167
0.108490357932
0.328587911553
0.513908864472
0.232820904566
0.0109814426015
0.220067802064
0.433920066255
0.427570764244
0.240871900735
0.698330913444
0.217787350289
0.338815624417
0.489642604312
0.215007471132
0.224648259378
0.482525700642
0.355670996929
0.466611859478
0.355310911388
0.0974143165312
0.601782720424
0.477625180599
0.395315828661
0.224809386679
0.465862628754
0.251953237074
0.382341439273
-0.039468930921
0.407841094203
0.199732785864
0.420822192455
0.187073092804
-0.0769916071899
0.23840951659
0.265230210478
1.0
0.493883930187
0.40115572263
0.270655706475
0.244738555773
0.133596312973
0.327228440079
0.35182727195
0.0
-0.0613841658225
1.0
0.201923281202
0.396940512396
0.301653225631
0.423357173461
0.19985999046
0.375599828245
0.308236970774
0.146850405423
1.0
0.51806414554
-0.121168555677
0.266424122499
0.173456106956
0.334626493948
0.626218510711
0.445524989908
0.534533267086
0.253524758527
0.0
0.0126584879763
-0.001750461809
0.323498841372
0.0120951905753
0.0679881393446
0.429349600328
0.426115216486
0.260372263571
-0.0277763628328
0.204882279294
0.161528868491
0.09127979301
0.173358023955
0.142313614256
1.0
0.0385962113249
0.406139511398
0.859593386427
-0.0562988298373
1.0
0.260469251647
1.0
0.0974053750217
0.0590809690255
1.0
0.46726503193
-0.0906621100865
0.428744695985
0.737454770633
0.142279858892
-0.0635121027941
0.424338826444
1.0
0.123831323491
0.428150506743
-0.0293749934889
0.192529331006
0.316541815768
0.0135179582181
0.370667171571
0.412526212293
0.0184323210932
0.294139467097
0.358741984131
0.288070874236
1.0
0.0563387609816
0.28097903689
0.350880645912
0.200262598738
0.459748859139
0.491785721562
0.546632334467
0.444644324129
0.347977109057
0.474674106963
0.51231818478
0.567854010675
0.147727335474
0.182722667051
0.545795755685
0.122646227937
0.440718210659
0.121600796143
-0.0293220731755
0.290308060468
0.174173824129
0.596802714484
0.596802714484
0.522546512226
0.0913223738343
-0.119676196198
1.0
0.0
0.0180339765751
0.236991660732
0.0296446071875
0.686248070534
0.0
-0.0877731591116
0.521382341579
0.612266792744
0.234764092059
0.239474430349
0.471027663545
0.612925753847
0.880238581467
1.0
0.430251312928
0.527617810937
0.559752362795
0.331849911892
1.0
0.402672786642
0.0527227011027
0.478958808942
1.0
0.416563042522
-0.103317904735
0.309084759065
1.0
0.344773667311
0.231455519012
0.469861993893
0.212371349513
0.37039552934
0.0
0.317063588347
-0.0250919613886
0.522574787282
1.0
0.547856620741
0.570140020966
0.0734616806001
0.394308638018
0.0226546987056
0.27680861029
0.556258221183
0.655066849926
1.0
0.389711097437
-0.058927976429
0.125681192567
0.0695242983321
1.0
1.0
0.358317443106
0.13407324486
1.0
0.107996179696
0.12498805723
0.223022821984
0.278011817299
0.360198555401
0.807530819061
0.0274061989489
0.195744851651
0.483976890351
0.418957369941
0.423697757099
0.423697757099
1.0
1.0
-0.036388318586
0.201301569894
-0.0184362593263
1.0
0.314684556271
0.457155762717
0.425841647177
0.0321995409118
0.481428462046
0.348977526727
1.0
0.570735265097
0.342797500123
0.0
1.0
0.0545173349077
0.367140019724
1.0
0.186960274054
0.260811809755
0.416210396773
1.0
0.256687948666
0.284314464022
0.280802621883
0.262942915921
0.318668179797
1.0
0.359678640341
0.13830285457
0.812624362246
0.461647244244
1.0
0.396095051352
0.382525053432
0.318925222538
0.0
-0.0931766971911
0.113826011143
0.0
0.245642872034
0.127951741905
0.43371579375
0.410376406536
0.305023878586
1.0
0.0778551911832
0.257967228023
0.203604943039
0.586746383513
0.262279212339
0.0355400818544
0.0356322885209
0.358766709844
0.579635623641
0.189783824535
0.257048455751
0.131814586042
1.0
0.342810122105
0.0770546231931
0.0588892553644
0.19799153398
0.599008473951
0.509786364623
0.0911320148517
1.0
0.538971563787
0.468410769608
1.0
0.343127387669
0.134261288129
0.219258497617
0.0
0.207745752342
0.358311923634
0.400867727762
0.133868270902
0.204299331472
0.312781260459
0.400800755743
0.444707514266
0.109204221336
0.231206222726
1.0
0.402380376218
0.278535201391
0.280058045974
1.0
0.0
0.452992460477
0.393901530058
0.251301241974
0.236232233217
0.212919468542
0.189626815709
0.0
0.231222127961
0.160201537915
0.319570837445
-0.0413959221559
0.284576260096
0.42646576712
0.518257568313
0.183957465552
0.259633740907
0.370708676278
1.0
0.222714014281
0.298799596447
-0.00931212805834
0.0891580932806
0.323975603467
0.188794199587
0.314135786444
0.170503170246
0.059609860852
0.347211394882
1.0
0.186393641372
0.26849734285
0.416125903485
0.284009047406
0.201852426297
0.442775077726
0.198383558244
0.170247533824
0.423488596217
-0.0417196732468
1.0
0.0
0.0
0.49941817018
0.163786116395
0.282747196962
0.322962586615
0.452716698871
0.120142977011
0.198890057386
0.558377545851
0.43545974002
0.100252357342
0.600689291866
0.550031353184
0.2074228823
0.265773915115
0.350767672174
0.223163258178
-0.00741417133428
0.263189829376
0.103425753486
1.0
0.0
0.470676366706
-0.153827727748
0.26968729403
0.360736613617
0.121500342646
0.238646509573
0.411589047903
0.231475817598
0.408629007559
0.164025386351
1.0
0.232752618276
0.0
0.678576422433
0.246105677976
0.29837400706
0.235188369784
0.462127421554
0.0
0.490248228442
0.519446319312
0.306813033086
-0.0711942610049
0.0138725970407
0.246624010542
0.2554748631
1.0
0.267948272457
0.171989314613
-0.0591597870299
0.023487406911
1.0
0.71618602091
1.0
0.634486384074
0.375912287334
0.0558371793704
0.349502695972
0.361812138104
0.507282105457
0.396860234571
-0.0339251371748
0.208896753388
0.221264375515
0.181529193675
0.302395276045
0.0124210649006
0.517750776727
0.329596565757
0.104905567118
1.0
1.0
0.585395200595
0.65349454808
0.321047214713
-0.0434406390368
0.153901543225
0.191107919485
0.484322496219
0.0
0.662024633349
0.443089319136
0.377507932722
0.376461757174
0.307752676734
0.272416408919
0.231182711654
0.310461161871
0.390206548133
0.51158165652
0.459898895655
0.58569714498
1.0
0.237562113602
0.0827168330814
0.345429757643
0.0
0.174153985934
0.228825981588
1.0
-0.0624644749981
0.22787766837
0.482732362601
0.715951768337
0.542489155911
-0.0634777126963
0.418346701841
0.263034657707
0.288886987833
-0.178962255604
0.284062091195
0.226761179927
0.102236798462
0.542853756914
0.287305359437
0.531303130957
0.55486859956
0.402959699756
1.0
0.441384049568
0.528514409221
0.287767959404
0.277107408604
0.0765380069948
0.42208927705
0.303988616463
0.559731634168
0.0615121886682
0.501585223959
0.607739359368
0.417831643278
0.0
0.0
-0.0263872142724
0.357275276107
0.408706076591
1.0
0.214993303679
0.28723191768
0.498905333639
0.0556730790039
0.208254703044
0.0706348284399
0.18033097863
0.407981611839
0.421768059347
1.0
1.0
0.647566815126
0.625655056254
0.308180536405
0.617215675111
1.0
0.289684326864
0.186154590575
0.327040588299
0.169774712397
0.3236157506
0.00503776296717
0.0568539188651
1.0
0.324816061679
0.460486391578
0.462143479002
0.340575510266
0.308400137956
0.309968779031
0.346031956437
0.396171232774
0.358145638183
0.089421554349
0.089421554349
0.0406724655666
0.41694803205
0.296663967152
0.0343541353572
1.0
0.22979092454
0.279686186764
0.283016541801
0.283016541801
1.0
0.5719669441
1.0
0.275588961341
0.132669926704
0.475563005024
0.394661801003
0.131748629006
0.290173210064
0.360951936296
-0.0172302966798
0.562608545858
0.0870422993589
0.0528508963505
0.103538778237
0.394698386292
1.0
0.209686127956
0.157727031202
1.0
-0.104350797746
0.156068126806
0.480940623472
0.370617212693
0.222384943285
0.269530733051
0.668063437307
0.37468788156
0.54895963411
-0.0394053722971
0.507387685426
0.412470940254
0.257929287631
0.400960909497
0.485081485423
0.34102138045
0.270374283085
0.326843880381
0.535576405132
0.544077624297
0.0
0.401334889665
0.492717045147
0.114009739059
0.353636862759
1.0
0.331237982513
0.506870426858
1.0
0.307432753192
0.439983137138
0.0555383589924
0.353163016269
0.606377176437
0.244596845125
-0.18093401219
0.658459273429
0.748686415533
0.542649692531
0.439636309751
0.0861562616844
0.686979390257
0.367506101528
0.34793076546
0.424644228178
0.413087508023
0.298494888087
0.713211906966
0.0216808638295
0.0
0.0
0.119784348862
0.359444252612
0.158441660564
0.724176113547
0.0
0.607756676759
0.0812952045581
0.609511723029
0.397460112867
0.138583830015
0.0
0.312443056228
0.436370164988
0.175324225499
0.00596425847995
0.159328919206
0.484679525216
0.39488401801
0.387850415471
0.590803776022
0.296403489742
0.580875792997
0.387341887875
-0.0475899131359
1.0
0.0520451880156
0.492768981677
0.317677973622
1.0
0.276713748314
0.419143663723
0.14603694764
0.107705988624
0.100492016516
0.460007153738
0.469072695162
0.0
0.704576135305
0.488003631781
0.249295080177
0.330488118053
0.477174469258
0.288858922788
0.100683302513
-0.0286181083684
0.120716529308
0.0
1.0
0.631231938743
0.709770520252
0.0224023909343
0.0482000839776
0.169493810819
0.194769037722
0.327897876454
1.0
0.0
0.194641473436
0.395197284377
0.0
-0.065573807263
0.0917646514739
0.151912147168
0.481657399403
0.137989622516
0.269866211591
0.465359262053
0.514419300884
0.436499612013
0.029236120883
0.334369237226
0.310706379559
0.299397260199
1.0
0.20648156733
-0.110624934674
0.21523514264
0.236897205283
-0.0974128642624
0.228199134083
-0.0570713815615
-0.00267067334455
-0.118570751157
0.0356797829067
0.00662575523524
0.0
-0.0172524773191
0.0
0.0787269541828
0.152405749577
-0.0174362937596
-0.0565758949867
0.0148440628804
0.0249458399257
0.112373902669
-0.0384496072074
-0.0142891379216
0.331320629416
0.0293402080111
0.198712047284
0.0546596630777
0.15666616331
0.034853808036
-0.0726090285727
-0.040081438866
0.0
0.188131396101
0.0889007438079
0.142148439616
-0.0862845408484
-0.0377247938618
0.0841808584717
-0.107430646915
-0.112751206694
0.0359799751998
0.282364188013
-0.0179816627929
0.0654829568127
0.0418217964742
0.037042080278
0.188639792905
-0.145897100568
-0.0097891395374
-0.121952924408
0.0
-0.0697266966442
-0.178998287925
0.136135027201
0.120789710862
0.0579101695106
-0.0656365287667
-0.111579078132
0.133353535509
0.0673785593571
0.406695863554
-0.0404889126315
0.135361372207
0.164191849482
0.26108972373
0.0804280514234
0.03711369671
-0.0273614686845
0.152361388642
-0.118080557337
0.112209358525
0.0359575553485
0.0
-0.217901254879
-0.0153511349437
0.0649513589831
0.084272067625
0.057393461942
-0.165853383953
-0.130456336443
0.0
0.0832003494881
0.0511520953553
-0.0108059364533
-0.0023297363041
-0.0141583487913
0.159377124579
0.0442812640057
-0.069939247862
0.0977118227853
0.0
0.20254947026
0.201935716732
0.0369871514634
-0.212066199589
-0.0721916864099
0.0274338133876
0.159341744595
0.0
-0.0147168070478
-0.00536114655406
0.0865232675476
-0.036071416715
0.0111265205394
0.0384315636323
0.098088440799
0.284523048783
0.180640456099
0.209546294407
-0.126273731226
0.212181564326
-0.0532276820617
-0.0766002181808
-0.124392978099
-0.052496699742
0.205163131929
0.08679134276
0.116612724759
0.0
0.0708150316179
-0.0926773319233
0.223719207303
0.0851588662585
0.0469151069321
0.0866870752324
0.00847563918444
0.16867590894
0.0246883831174
0.0649371447608
-0.0932602557756
0.0756824610168
-0.0107760418999
-0.0173639638863
-0.0144970102437
0.239455998337
0.0
-0.0380674645306
-0.0501303658966
0.112805462206
0.157922626531
-0.0134821167889
-0.0534876752529
0.079751724221
0.0937583681473
-0.00811473457011
0.0928720307084
0.314854629297
0.056150482108
0.225504191848
-0.166705400834
-0.0111301130661
0.138583724652
0.0
0.249522604231
-0.129349063347
0.0
0.0
0.0583452633485
0.0262343679836
0.00539884554121
0.0317671863555
0.0
0.0
0.0
