0.133013656197
0.593829131662
0.79868031521
0.527300503316
0.642913044525
0.489321825807
0.848624452824
0.519809677606
0.810873161215
0.73869048764
0.469731248662
0.623137701162
0.634839182032
0.615773592719
0.369569486406
0.524931257953
0.782301505989
0.345110397378
0.705649696388
0.660389744361
0.5233680011
0.371846482882
0.599586762335
0.694587073366
0.876541127126
0.746018198769
0.287914514252
0.508073934126
0.662776794253
0.163787640271
0.684615868137
0.851640682912
0.212318552633
0.0762032329759
0.710576500442
0.31453792165
0.597630413441
0.728491407705
0.5199065987
0.736137382464
0.517029240254
0.449107606917
0.505788594906
0.0668103297807
0.60976486423
0.0824482295427
0.304313495087
0.493203319842
0.328398759415
0.447485339398
0.331522125726
0.387494377477
0.583854574142
0.282057915115
0.351342549658
0.236420740838
0.444811887289
0.40181849151
0.669770169997
0.86406410445
0.305466716731
0.693853371018
0.864456581901
0.565764796972
0.641130914144
0.316461970968
0.422584966164
0.265901128065
0.291248437575
0.33998122145
0.378166172111
0.667717450177
0.404995761131
0.257746027014
0.538369052275
0.146853600784
0.547990576906
0.180602170802
0.381825401189
0.476933986912
0.405640742348
0.234239112249
-0.0174590357949
0.378684707554
0.56704840136
0.732331991699
0.490478778967
0.586976657976
0.328765312964
0.711900562388
0.512518422738
0.38239910409
0.738394557564
0.492186058614
0.562854874534
0.257731297259
0.487105198957
0.709492454397
0.35779028543
0.268016422262
0.307359115274
0.333685154113
0.333685154113
0.162138737089
0.328106017229
0.351825927997
0.236562276436
0.190733206821
0.135245929329
0.281424458525
0.124244679767
0.782072190574
0.630644078514
0.588802605531
0.674371808257
0.73557131799
0.539079021831
0.628862388406
0.331528124895
0.472865708357
0.554719312406
0.728568715911
0.631668549607
0.629732767384
0.674537446135
0.768120711677
0.551280615158
0.739892006839
0.946381042455
0.909409420691
0.345579384038
0.532282077405
0.38925809594
0.71600908177
0.804144884198
0.622631697156
0.460365441908
0.461035969014
0.715446186849
0.534347477791
0.613746565948
0.571263459321
0.72954871577
0.915153149476
0.419485954333
0.585604332619
0.87868619599
0.686408864246
0.552207535536
0.513692894974
0.626832755842
0.210878108719
0.578861443994
0.604452589717
0.491771099935
0.728094631348
0.625337287456
0.966221718313
0.416072126904
0.555421284112
0.280094799828
0.748230965298
0.430829847897
0.710084033175
0.470594213768
0.277721805595
0.319786115221
0.394186620735
0.339474310784
0.634607385193
0.672503152038
0.654285639424
0.516010634339
0.316587620912
0.583592048579
0.526233608577
0.344329389344
0.299759207112
0.529816505561
0.417372608702
0.137961588148
0.189111237048
0.805898613698
0.469804697212
0.4235371834
0.253408986761
0.889754506819
0.27132495648
0.910254572793
0.579403093719
0.481884694242
0.390227504163
0.428102869946
0.420296880251
0.80824461672
0.605319001693
0.467158536183
0.552358535011
0.176468307278
0.548316859886
0.648396075727
0.569722236692
0.449386747965
0.473371974754
0.466828552318
0.578049648602
0.6898060382
0.382964211931
0.409142876083
0.623396318549
0.38536095122
0.432030241341
0.412511305748
0.358922147253
0.481570114843
0.28695773959
0.643967983141
0.432124327219
0.203685268432
0.214892479945
0.284556842212
0.385787116007
0.469269986855
0.152909075906
0.363247584304
0.458898129716
0.404914061718
0.36427167757
0.743630975904
0.258349971762
0.716734628801
0.867784832633
0.420871531945
0.268036723253
0.972109152257
0.626179417985
0.490010205892
0.339150210907
0.61088691643
0.287719850002
0.393605565629
0.216060163132
0.345257213555
0.862121387189
0.519831723845
0.643926766875
0.21551593842
0.536578177799
0.304708173745
0.529026908702
0.491857340632
0.563989059
0.355133206075
0.401903787649
0.516320248866
0.609266153726
0.560660927208
0.47519665314
0.48673432452
0.669617031351
-0.0419630601246
0.464545515503
0.309995247747
0.572943014237
0.445013201187
0.371023929842
0.207654944411
0.46171814976
0.398838532035
0.396040787775
0.343131987344
0.789068593861
0.295131574469
0.459850958272
0.385545964967
0.560524391884
0.298637243988
0.426772506474
0.550853296447
0.456854356406
0.246876942945
0.277969967822
0.450551222102
0.44335653873
0.601076800318
0.527622201747
0.422508898883
0.149244484617
0.604955457113
0.428115521788
0.679145442566
0.686337477871
0.246227142753
0.440321993331
0.628089364459
0.531704086775
0.509735837133
0.700283655158
0.495159311933
0.436953952661
0.395503347313
0.427567463471
0.495680001773
0.567206452281
0.0861206522674
0.373276181249
0.3095284105
0.282463989519
0.238842693299
0.208030219379
0.602182189421
0.332944284595
0.558635255446
0.305528670228
0.143966460293
0.362760831763
0.167578100731
0.60000924432
0.292797149683
0.352692371049
0.246682617628
0.654855400249
0.375488331516
0.274887464256
0.270432895265
0.415647905455
0.486800464418
0.748241616382
0.137804520869
-0.107430758245
0.563667463309
0.542560757391
0.295634791155
0.425539219477
0.682748878908
0.678529824529
0.556123426487
0.734667104879
0.754704362426
0.240257805901
0.43159264558
0.140131910815
0.258339097971
0.45840988548
0.560823052063
0.487496443585
0.561389727251
0.698060239389
0.474670416326
0.508565390321
0.723677259047
0.590444835975
0.754569723809
0.462082441969
0.203630016031
0.349822769257
0.264729174889
0.537798041549
0.39488518535
0.678925251507
0.47228791869
0.433246657373
0.439601542168
0.509970446639
0.225761163689
0.593913049542
0.275032573446
0.53721955339
0.333261388283
0.343998963179
0.8301232947
0.417682460911
0.616560117101
0.539737494441
0.284362061305
0.401801950338
0.582088887661
0.32920565994
0.584595150507
0.405735678495
0.478249033916
0.451654321434
0.150411214685
0.28589552156
0.290619792261
0.381940315208
0.240749900486
0.358628623933
0.364376936186
0.214920152189
0.280318406624
0.29686262561
0.264636294038
0.403221806644
0.56063607281
0.189706687501
0.234321262574
0.570507265908
0.708795936736
0.528281141689
0.560700544718
0.361805741724
0.216952264884
0.58095848053
0.504035336953
0.294961035603
0.486785002871
0.484543132251
0.541165367704
0.175820561076
0.73306214462
0.679875927638
0.567081778203
0.357605689777
0.545000532494
0.14911038761
0.033413718207
0.59467327942
0.333431143002
0.206261771449
0.53866870618
0.218075678336
0.330599795642
0.558332620258
0.647639710477
0.655267310817
0.169936519208
0.466745779091
0.473113669217
0.519456470541
0.731547243806
0.375819311658
0.19010490186
0.390571163488
0.361093899511
0.445652379469
0.526823310702
0.221684392524
0.181121056373
0.252176371765
0.137646138525
0.30713969004
0.807939294742
0.281130075969
0.748305245897
0.675486342037
0.246912507125
0.421325258675
0.416102541613
0.246993623508
0.268893023001
0.249190264797
0.303671242749
0.337623974918
0.40579397644
0.396062894103
0.428439437866
0.351508413836
0.738465874267
0.325787655054
0.440283005731
0.346763100153
0.354354940114
0.681808716221
0.446090883058
0.168482422835
0.281518095691
0.484175655146
0.0368758782508
0.382799825711
0.445724153771
0.541139226474
0.240003695221
0.581237911801
0.276710474455
0.477245962442
0.256151098386
0.378683269688
0.435259752605
0.174256069673
0.289868017743
0.406049502619
0.00455782305897
0.340959851844
0.198696417279
0.600027035423
0.374218083168
0.33432280029
0.201949222968
0.330222360466
0.522335084188
0.427019927108
-0.0133727630203
0.593215290026
0.608131811281
0.513763630095
0.428790363225
0.520348032083
0.456585193779
0.63471518799
0.303260765854
0.642037016134
0.454360062515
0.271043701714
0.242618876628
0.443685404601
0.225207692399
0.370455058546
0.549687438303
0.119151196058
0.148325356939
0.208754026838
0.406324702186
0.306272779972
0.405078703519
0.363391736877
0.503650776025
0.412042038957
0.368491916002
0.290441884238
0.334260748547
0.162736851432
0.515268556837
0.529221900884
0.563710484088
0.447727562009
0.495645343669
0.451647246629
0.497581374842
0.621213173721
0.31064403757
0.443983455951
0.442427692945
0.26715678652
0.362951384986
0.383064494076
0.368326748307
0.397440720281
0.461556732997
0.642952359475
0.576723237604
0.455908085948
0.294219944986
0.353263416879
0.55861813744
0.484180178083
-0.000308316871726
0.704667475518
0.265308281153
0.448327438492
-0.118677937054
-0.0169298445215
0.376537869391
0.646336497832
0.248820741207
0.255705255524
0.255426071299
0.0976567626624
0.0789969345818
0.122059997093
0.309545949426
0.144952025141
0.544765537622
0.592036124558
0.243603564164
0.660019740045
0.46584554486
0.414109988962
0.280413122257
0.327259577239
0.222920321967
0.35684165056
0.258268902176
0.52023944951
0.453487886801
0.709095966959
0.50028628891
0.394592897618
0.463616231514
0.811395750792
0.44238408035
0.325772706415
0.475857787043
0.162485994723
0.355545124114
0.478885423509
0.366402847671
0.528111712095
0.489693272174
0.205760537418
0.205218013567
0.351653557865
0.670970596458
0.373829576046
0.406889972214
0.398484420897
0.256268238413
0.518586354453
0.390052899569
-0.0241764392799
0.180916363904
0.0976729627787
0.303138447582
0.0740309881317
0.093038203708
0.0713596394392
0.61270684983
0.531130811642
0.192026502165
0.291672924046
0.599639266053
0.197011693127
0.378727332524
0.142704814472
0.344336866381
0.484953756407
0.55222469171
0.383234603749
0.345350600464
0.583819762738
0.409939546481
0.480766824378
0.222138817479
0.305171646366
0.376617504533
0.271750233435
0.420910340225
0.556090195813
0.642572374856
0.602366635372
0.399068625651
0.47114571185
0.422958770597
0.646947920487
0.109456198313
0.487816651308
0.421337571349
0.159770577404
0.526143021731
0.333736668826
0.542678876739
0.373019759183
0.646781659435
0.306303270125
0.519625847119
0.277142319839
0.505346416775
0.133405223023
0.505613208301
0.602596342107
0.520085119525
0.439512863741
0.271514522096
0.272281395668
0.366692792508
0.298444311987
0.209873348588
0.399362978797
0.494367509527
0.30733785798
0.727931069457
0.347568131279
0.448498717708
0.379450315889
0.521605258669
0.269492045772
0.509552745988
0.817483335718
0.501936934493
0.0182401723331
0.431595494423
0.472126932859
0.565107506309
0.429971133529
0.0334044152074
0.489210313295
0.296341309708
0.656053866182
0.128460864278
0.703218805422
0.433792073897
0.519454049999
0.342712891037
0.355293589632
0.453915470848
0.359019509211
0.521154152944
0.512370028349
0.478771953259
0.396535259819
0.516005130903
0.581875699569
0.632068778104
0.26474843882
0.61416943717
0.575283445693
0.281816796897
0.645868411426
0.266546627378
0.149488945591
0.41910344534
0.675423839935
0.499584350141
0.36348427864
0.34450011243
0.608495233788
0.0706494302674
0.346577604754
0.558228920592
0.191108714656
0.298844765491
0.181878335836
0.0528941146873
0.218271984747
-0.00208834273978
0.0141765679647
0.246440594039
0.000834704602017
0.0550280944331
0.188570595832
0.0668430282164
-0.131643959885
0.0257791048603
0.114362757846
-0.148675916002
0.128065924139
0.0278429298177
-0.108405357822
0.194310659721
0.141265247094
0.147538111935
-0.0877471658743
0.0102519003879
-0.0441166393058
-0.0394721615284
-0.147293272223
-0.0864943999601
-0.126755633404
0.120351848528
0.0976174214797
0.0650448656605
-0.0113387311855
-0.118629789219
0.0701816365359
0.0320084207817
0.117768349379
0.0599263619668
0.0161141652274
-0.0461588729137
0.174081201551
0.0662767581696
0.139210434107
0.183173119427
0.094751338035
0.080680925259
0.154254984385
-0.21223148217
0.060500279362
0.293100952532
0.152018230695
0.0730648013061
0.0246619680015
0.285559649059
-0.0178599539097
0.048074544235
0.353946596362
0.183503439489
0.161301245801
0.251284639594
0.202755331159
0.0457788261406
0.000116598377981
0.128139150855
0.225059423102
0.167139399778
0.0849936441422
0.264811287064
0.742374422206
0.357644824033
0.882799163245
0.481456596736
0.736393569963
0.923045406314
0.355162413905
0.38380859827
0.256695230925
0.662598019769
0.668075732599
0.714234846144
0.700937708953
0.525433455566
0.602404574061
0.542463798898
0.593298217355
0.567022438335
0.574061655614
0.881368659281
0.442238673621
0.405336093821
0.77142616191
0.637833972109
0.310093412015
0.542591745693
0.744001579251
0.460843410838
0.682846115149
0.442257322442
0.475250203319
0.527266441515
0.497041585629
0.347026710547
0.439501528815
0.684448702096
0.776224798264
0.53240857595
0.717057960432
0.665066638302
0.611424770484
0.369632007509
0.803124699227
0.511701108597
0.583797121051
0.631124794564
0.347513372396
0.712197108768
0.485128142212
0.581928413694
0.549976697951
0.444750975699
0.590175334419
0.597694408269
0.429349309597
0.601373972634
0.75017526128
0.509407821491
0.594188488834
0.316901695022
0.20866109152
0.527790351639
0.443211424469
0.635930993563
0.554226093201
0.480997676357
0.610983523992
0.459405803169
0.642956197221
0.294776772942
0.506542726934
0.522243293756
0.469123711479
0.704748314109
0.768171649679
0.484502999327
0.455248326774
0.584803589506
0.235391220454
0.371660381734
0.428493748131
0.617953934707
0.349792261093
0.73821560842
0.755898065463
0.345956277987
0.686835904529
0.283395737051
0.673610561725
0.383792430794
0.41707933251
0.423312180937
0.570782853668
0.640298418373
0.270063928706
0.569512542407
0.690765436961
0.242806921093
0.21880313951
0.473092925182
0.396693880013
0.528320246443
0.544735980285
0.324109764582
0.357986867793
0.276807912179
0.178893133953
0.656555842309
0.58862965788
0.537031027297
0.611122264023
0.360471234038
0.698186142
0.536163745661
0.0999215789303
0.614660949775
0.256482363714
0.34415115676
0.488028734679
0.43387661032
0.402983421901
0.436800180323
0.581610467974
0.57277522259
0.315535313069
0.633062422591
0.555461348939
0.63545510586
0.599171626459
0.54648858446
0.502938998971
0.537584687857
0.625104048584
0.24619761959
0.58415250197
0.698880603215
0.428764504286
0.602946366977
0.322610565338
0.624568883666
0.32999882698
0.446932648875
0.426875620143
0.47508655873
0.382413518899
0.425525944225
0.443533245772
0.296275171175
0.712049433387
0.495108409483
0.381152894098
0.552166724184
0.44126882896
0.492442416929
0.447759109442
0.553398459115
0.561651623858
0.475196010537
0.51740570081
0.52882006592
0.371665539583
0.56270171689
0.578256370045
0.46806990424
0.421232697253
0.448009672107
0.60837434185
0.374811102679
0.539801926821
0.465960700171
0.370328117502
0.667418693559
0.342397279104
0.25754944813
0.669689568976
0.594774889898
0.539659353
0.38229799124
0.408174557807
0.429690286432
0.346142764148
0.568387536431
0.623033374235
0.510033002093
0.381923785931
0.492918130164
0.312902595336
0.371618380367
0.405685040267
0.5302572083
0.419389630394
0.447476409186
0.259913290704
0.393070551304
0.442195459762
0.256695729072
0.49550797525
0.433555260255
0.237443190173
0.401118369674
0.431932574322
0.468541043993
0.40283282
0.16969770761
0.225402185317
0.473179436387
0.401070805519
0.510740913814
0.398193406315
0.386602610983
0.478352407271
0.0869504405292
0.225037797822
0.0958554865683
0.0725561913991
0.119613425374
0.370599150411
0.343934197661
0.459840732934
0.40120385841
0.311297920794
0.466720503624
