0.391473094193
0.55334905413
0.588163903059
0.512721484011
0.536683491002
0.512130154372
0.769584044438
0.663696397068
0.767045543718
0.759318262869
0.491921622102
0.58820184054
0.626325682971
0.597468666443
0.30170552157
0.478052440755
0.654690661128
0.341226604991
0.691698805001
0.564711623334
0.333330266282
0.382051939492
0.482519604034
0.581420067834
0.721029846491
0.692153176754
0.486451687464
0.598094353345
0.623722981526
0.283233748787
0.741742500779
0.703507121251
0.306385024687
0.213132719521
0.646915267881
0.446553816273
0.530715629236
0.605942662386
0.432893428536
0.679238066045
0.490141384065
0.116566559918
0.522683020898
0.208780964247
0.607392996727
0.230431724833
0.390767777653
0.51426231487
0.366510772971
0.405689475195
0.349619420788
0.418821154032
0.515286088759
0.379390705065
0.391910695091
0.336490464767
0.402911341156
0.364381549641
0.386728141739
0.688331248346
0.322304837672
0.515902264688
0.776839156163
0.49883155757
0.610651987264
0.357769472624
0.374413136756
0.143721817783
0.414058293132
0.328672982805
0.220050967136
0.689902639479
0.472327209955
0.302042175608
0.592106569461
0.182641463508
0.396980839249
0.302866419766
0.368498005258
0.475487102777
0.429441555174
0.193457241361
0.192983865825
0.341069066003
0.485754674663
0.709309358909
0.460693949836
0.618339294553
0.343692328171
0.601325562387
0.579812897221
0.351589359317
0.613656011237
0.347010720907
0.423915609273
0.238636981716
0.375337236314
0.360620944675
0.24260613937
0.38879367291
0.313478198654
0.292128339123
0.292128339123
0.0963566511553
0.216400186311
0.29678904226
0.194411176189
0.232168881442
0.245352146367
0.281001941837
0.213897820764
0.920463577226
0.447555319342
0.687589349665
0.645520172786
0.830354483772
0.469566498007
0.750132811678
0.527049395013
0.652074134589
0.535249253642
0.41510611115
0.493332500942
0.531853587882
0.537740917853
0.685877576739
0.493320210827
0.67069363704
0.505552318923
0.730667380014
0.407252193762
0.450685555839
0.336070462701
0.719977995106
0.598919270059
0.614139486242
0.463385817487
0.464714742346
0.617914892936
0.483894823728
0.67148903023
0.462716925031
0.729172892718
0.659778417389
0.432712215858
0.578876155118
0.521032847019
0.709849896647
0.55707475734
0.555217066994
0.580269301182
0.303671575025
0.540797630792
0.475624794448
0.443461889729
0.648467309118
0.562858479398
0.738509858148
0.285228856709
0.498182203005
0.287529122275
0.627462577643
0.439494040512
0.567398243123
0.382002605241
0.315414984148
0.374760663872
0.520131304761
0.454807565851
0.462303713034
0.721432502561
0.662155966521
0.373029417494
0.398541205859
0.505663364373
0.540646009628
0.262569922631
0.337594704906
0.526648946778
0.375366490198
0.180403168033
0.288705982025
0.783835447083
0.419450843845
0.345343207284
0.339135528717
0.745797303339
0.247197978782
0.66417804192
0.548908450368
0.556929822371
0.541509208924
0.397013656827
0.429346237188
0.452522379632
0.523785471522
0.590609003776
0.562687106733
0.282669446874
0.461140858171
0.511760089401
0.486997617493
0.447837379539
0.473043842305
0.533572240629
0.347810701133
0.743451513864
0.315351086773
0.206012821214
0.620456179638
0.381057339044
0.590964550347
0.435819390837
0.302334691403
0.363606314836
0.298961963678
0.725846692525
0.540494695972
0.313246895627
0.349939232367
0.367527614398
0.440846503152
0.416828957965
0.159894378527
0.405352884373
0.413252293847
0.340768945736
0.43626016014
0.691054799703
0.284940586963
0.515821929703
0.661697309479
0.346692017921
0.393871911367
0.721237472372
0.442415622579
0.507066171307
0.350242098135
0.714322695383
0.374248273484
0.418965384794
0.246192787399
0.277479796906
0.599775014112
0.573239346475
0.625830935954
0.289786769156
0.546505760833
0.216913058003
0.509362580745
0.32904817816
0.522853807553
0.437020015348
0.382117159391
0.422627749925
0.508249268483
0.657672883838
0.470400624713
0.527742589057
0.604191164713
0.131464440382
0.374176832866
0.350636651486
0.552482921742
0.328146641698
0.391070159293
0.381325308375
0.440847005722
0.333329394074
0.510060444545
0.276924372425
0.672318949706
0.258795675737
0.402082640019
0.420219774232
0.525275150238
0.271240950093
0.443645309457
0.614638399183
0.500760854303
0.394707355015
0.30614403081
0.404019503306
0.450224342941
0.533574726961
0.557819795537
0.311818630442
0.353076858527
0.48929269371
0.458852240797
0.523119210126
0.581868420633
0.20450689048
0.481757524216
0.482814295435
0.463991072558
0.507338417105
0.391769481711
0.429502922534
0.353506025415
0.43055897055
0.41288820071
0.472991196817
0.579851768773
0.147101115415
0.447287363577
0.328373737684
0.308128960669
0.321386920646
0.334154566906
0.555587917385
0.291518834093
0.400860884434
0.424686334581
0.336908575018
0.354166544149
0.31037589423
0.576189274331
0.335182906618
0.412640420672
0.347363385957
0.748012826473
0.277832584189
0.377907566167
0.338291598032
0.561391073576
0.345340025324
0.862041528995
0.34455898285
0.155110365207
0.631570958301
0.484836718365
0.315285128687
0.428627739961
0.691045836639
0.415086937673
0.627080347855
0.772611617384
0.489798879379
0.280149474091
0.356905344239
0.29498745722
0.415955233112
0.469001816732
0.341411102561
0.392468802464
0.524996331652
0.726175654949
0.507014660153
0.574310286728
0.493450418274
0.559803065898
0.547886552489
0.418725903397
0.360500983622
0.395044413178
0.339167680207
0.526347429224
0.305551963761
0.801211755296
0.578113352378
0.307130824207
0.354088434713
0.520251138737
0.351692758548
0.508308586144
0.388622505527
0.59073362373
0.382745630391
0.358583245917
0.669870830447
0.511830855953
0.6266904352
0.509516294576
0.227613272196
0.431871116738
0.5047637553
0.295331143372
0.54547405092
0.304463271172
0.39451650721
0.641445528328
0.247544932895
0.285458272124
0.36981543073
0.425957143905
0.25378779619
0.453602707623
0.419911415788
0.242330468531
0.255812453575
0.310400237978
0.368014716195
0.433568243977
0.658787040722
0.339070476224
0.323076540886
0.497448582546
0.691951805382
0.291324911049
0.343922938218
0.400617994632
0.202029404926
0.509645579319
0.339629171411
0.33949948601
0.495152192966
0.359847097251
0.642078484679
0.292087864652
0.71501974589
0.643093008313
0.533426979542
0.237064448343
0.522665608288
0.283721554386
0.133706295069
0.579125946196
0.417393239808
0.225016840865
0.396694250393
0.457331416255
0.26285267235
0.615869672445
0.51605834595
0.64127513077
0.16585121523
0.478340634069
0.403958993665
0.478821160348
0.711253027372
0.519508819439
0.322794797069
0.256422507698
0.268192747157
0.368632249717
0.539754947896
0.242219601743
0.230381101002
0.328306567276
0.175937956441
0.389955890713
0.549056873773
0.299065296051
0.508620255963
0.68668003484
0.330646943174
0.549437621243
0.418047175891
0.223653969569
0.257143279553
0.413304678365
0.203404566081
0.481913406113
0.388535815135
0.42462027553
0.495160620316
0.419440934312
0.461616364458
0.262853580063
0.477769504545
0.255772711541
0.263907751662
0.792384563955
0.53345263834
0.244481144651
0.282354888158
0.502663266005
0.133107628934
0.445865384798
0.420697498696
0.462021400705
0.286999108448
0.577053669835
0.348046468546
0.402485779644
0.283187505671
0.380663058297
0.41537053936
0.189909576444
0.229054095742
0.377602341398
0.163021384343
0.300690582817
0.286512844254
0.597343954616
0.450245887133
0.235963633872
0.212176971176
0.303944800226
0.576563253655
0.53397282891
0.101087564089
0.323447277725
0.457985424589
0.419091693702
0.457223562284
0.337777054197
0.29354027026
0.66893860837
0.343317689906
0.641102389942
0.39189348683
0.370688781077
0.291399475453
0.540027315525
0.391732073013
0.417075364867
0.426615358093
0.268864069348
0.177376055036
0.378712167476
0.415955544399
0.231767821247
0.365750457562
0.21829808035
0.387109715181
0.433107663086
0.46898793122
0.346543072003
0.345431215017
0.0953399228964
0.49156219964
0.504038689677
0.455111345754
0.379210753263
0.472873680024
0.234099056437
0.386261280745
0.543095495276
0.303078013641
0.384812682879
0.294319059618
0.318562047981
0.319962226182
0.46146006835
0.248549984777
0.545340018687
0.431917002367
0.667913156174
0.479646279305
0.364858339873
0.353082359318
0.303076512221
0.583398010651
0.503003246024
0.245612992475
0.653674449709
0.314203257802
0.396784897645
0.098053575576
0.16770248449
0.357081277529
0.517625774521
0.39977029403
0.298537029691
0.230026448979
0.268139935995
0.220322083127
0.202100956374
0.22242911291
0.20977129353
0.515746832334
0.536097515359
0.348947406715
0.714451706959
0.439286373154
0.507412575977
0.237223702574
0.300538649328
0.19373190402
0.33253991164
0.314880849327
0.522093005196
0.434848955223
0.696281848167
0.48990531881
0.318588940089
0.342485309262
0.529986047882
0.364671190635
0.290851689273
0.5369173465
0.348512372406
0.303810162866
0.447332487301
0.520804757556
0.49518598767
0.384449103697
0.197424938796
0.188481596254
0.417437640707
0.593339051886
0.318219202119
0.405442153824
0.536388213246
0.278109025619
0.466951866873
0.499331768687
0.208259833714
0.119758986305
0.256728795279
0.22843675102
0.219679410823
0.198942914722
0.298977255798
0.670210837842
0.467429445852
0.225526738949
0.33745757266
0.681738238582
0.260494779909
0.313416141905
0.223407680963
0.341166284017
0.411348642342
0.531379632172
0.373668064235
0.494440226264
0.590882596234
0.452999006642
0.431252698892
0.273483765737
0.262152044299
0.431858520093
0.164989504892
0.315229729166
0.491887512028
0.509010991808
0.615878327128
0.367155272407
0.358964828167
0.347565876696
0.563238045051
0.137306684296
0.508908355633
0.534864414074
0.253927606154
0.594611548952
0.299307969454
0.731950850816
0.35292819277
0.47246136567
0.361319350212
0.541108455222
0.243039623266
0.529524193361
0.239578621393
0.520756746104
0.682288261034
0.499646724334
0.423140629103
0.285385771727
0.334250398978
0.401905900055
0.236095671984
0.354529458765
0.320836876122
0.470112019635
0.257430023767
0.793265133406
0.387361863939
0.409916605484
0.420271355404
0.50702152733
0.268096654264
0.439004164891
0.545075758411
0.518893163711
0.259720708002
0.528316488758
0.464548020736
0.553919578438
0.454649269477
0.267223002733
0.549133477003
0.293999189458
0.584527773241
0.260866873851
0.602763014534
0.352440183546
0.479107935672
0.433708363474
0.422100045228
0.449089784429
0.332839339995
0.530376265695
0.492035917766
0.398210024227
0.428959391681
0.397149883157
0.580741413819
0.312427736625
0.364294565868
0.511862411698
0.44134962688
0.350847965895
0.613074399322
0.295907542248
0.307950848404
0.274782016846
0.3760303267
0.289024922503
0.361938214664
0.458739978362
0.521067279528
0.150183783903
0.327986402692
0.543500899291
0.362368512833
0.235474259912
0.118959706417
0.183230569709
0.181993437565
0.0544945543534
0.112546792172
0.217210898463
0.106020137087
0.143108224937
0.248338921596
0.0919552099096
0.0924168486656
0.164885566198
0.128087599486
0.0702080712865
0.183093108974
0.159392618289
0.141455296396
0.24839600758
0.173846296427
0.192155984807
0.0906140087583
0.132207756954
0.0972922179737
0.0632726517502
0.0939070701002
0.142182953043
0.029748819724
0.172183868855
0.164732944435
0.108430687353
0.0963014696197
0.083096294815
0.125993132016
0.076127230281
0.173021977714
0.138256958901
0.147638110301
0.0184204173877
0.222973326607
0.225407831224
0.101439964958
0.187417626013
0.104587358805
0.128131032664
0.167472783118
0.0626767288348
0.167947571278
0.313286964848
0.191111146904
0.175173888554
0.0946163402409
0.106799718018
0.120346737323
0.140393348626
0.199111149475
0.115869469096
0.238396789384
0.189514937898
0.159327853688
0.0643937039249
0.132181088601
0.140322405149
0.209877965288
0.180782137992
0.133724171221
0.174959962296
0.716062649754
0.279114263629
0.732255068265
0.330110571007
0.565602444567
0.763716167598
0.4670310113
0.434042116153
0.227411499556
0.573563303567
0.642323134882
0.495218302084
0.698564939305
0.427045573835
0.483810790032
0.407268352509
0.541972695089
0.487606745583
0.632287959523
0.688721506147
0.341772033809
0.336593332041
0.657464596147
0.49215481112
0.28296013367
0.328469171141
0.663688951249
0.373700584565
0.449525918681
0.46864724204
0.380183988458
0.585096108188
0.43594363364
0.321476781183
0.374057035077
0.452583891305
0.682500239257
0.368324097878
0.610605039608
0.661645045677
0.467962204675
0.198032323987
0.612583611608
0.489816325603
0.420057342932
0.53324182877
0.347308569645
0.676951769335
0.376566944518
0.293379029919
0.515975832779
0.348265568186
0.500913425685
0.441150732163
0.369837608187
0.535408315805
0.517747661194
0.349219433785
0.552767400465
0.285219208023
0.270342684035
0.356375858269
0.296211219321
0.606265252254
0.478643497272
0.452448793423
0.464162194027
0.428301877765
0.556688433646
0.222411691825
0.380035162255
0.490038528736
0.337079348665
0.613119469693
0.722100631437
0.405193737828
0.433874203348
0.573379134806
0.360966120689
0.327146781231
0.256524472728
0.427116089387
0.28311453088
0.617349288944
0.395773508158
0.350148895993
0.675887778114
0.363404047825
0.583361656209
0.318854890807
0.365537718786
0.340429368023
0.570472253729
0.622972272909
0.231967667016
0.413545310761
0.568556341495
0.167177283614
0.264350008778
0.297738049323
0.255185015966
0.446601255188
0.496861226484
0.280202310261
0.291682995284
0.264237313058
0.266783818607
0.674696437967
0.417224536643
0.469290835451
0.499318010442
0.401052049618
0.551493597593
0.377502601896
0.166021977121
0.538131582796
0.274233671714
0.310995672087
0.394732478753
0.310556635927
0.359455217404
0.391905642509
0.512356203667
0.47662236743
0.260913996711
0.494040074334
0.505306342844
0.427270474255
0.473590229823
0.393762112396
0.422609008946
0.453492150117
0.435595460623
0.301979708192
0.525193087276
0.583305119534
0.331329107501
0.655642438243
0.280800294433
0.500449912482
0.200919936923
0.378246058936
0.303512667138
0.282453942957
0.431002645746
0.288971579483
0.302819006006
0.325483845546
0.695561990496
0.546628354824
0.33051915629
0.563998014908
0.427844446173
0.409086034161
0.259025900275
0.497173942574
0.46004154881
0.323773572964
0.468637256564
0.265997623855
0.374328297138
0.497778972099
0.43982930375
0.347137619933
0.304984424972
0.420673692668
0.511380633446
0.303293679553
0.408119862291
0.508482322921
0.142187780657
0.534902965222
0.372486588842
0.215068847146
0.613561956617
0.502150412976
0.568832461025
0.4167583448
0.340711817803
0.318002230566
0.313879143767
0.459875408993
0.511230709633
0.444186054606
0.269044313157
0.300554230262
0.299024500561
0.366104062236
0.402630269856
0.462124720326
0.266696467547
0.399829467307
0.305861306046
0.29947626684
0.33683141225
0.216532197931
0.422236638644
0.35679158851
0.209193244898
0.339683769024
0.362123687828
0.357502942836
0.290951532457
0.169864035862
0.249396080338
0.524165376664
0.185009312706
0.440277994672
0.278064573012
0.297065710442
0.415474430478
0.235716954664
0.28196666226
0.127607812334
0.0465636559985
0.223440124663
0.235520704447
0.239194762747
0.378485500214
0.361150781212
0.148101040017
0.356189056693
