0.858007517383
0.840670353306
0.494447472545
0.623687549116
0.694037927897
0.532755124994
0.652877706463
0.65951332488
0.398746505894
0.530762216089
0.666710280546
0.679739059581
0.49576820869
0.567867522414
0.455046866343
0.554119507737
0.603382209867
0.411962622361
0.898977818972
0.556152974237
0.725302934787
0.655782561274
0.530232156916
0.591088939285
0.494253673052
0.697637622602
0.324504355921
0.657058132721
0.393017423181
0.492883639266
0.540079952465
0.953974580022
0.560861481401
0.689198971738
0.442149190645
0.722725951488
0.587983373313
0.728357210792
0.365895921738
0.547254721281
0.405277700633
0.749192156005
0.344089453642
0.64338051276
0.389000040014
0.582897757636
0.476802853261
0.551857254575
0.532906669685
0.485871485081
0.675605283428
0.467054032075
0.57570866271
0.445586682178
0.387937578517
0.940396871435
0.618451250471
0.288197261879
0.520991690612
0.750712412803
0.740813871077
0.47394278245
0.413264043643
0.479915340646
0.559224717617
0.665839918811
0.568848806248
0.408270582654
0.44372857068
0.861869106263
0.569063753114
0.303822996305
0.313004157764
0.584386764601
0.61920523155
0.55524207044
0.577772899147
0.480672923455
0.613917179744
0.550152483497
0.562360135458
0.693653256709
0.556527030193
0.428336017546
0.675657684048
0.81242526059
0.165493123285
0.455049381165
0.395807424909
0.802226954661
0.406253084936
0.682449056747
0.493351376009
0.505951154405
0.526420160338
0.468204125913
0.416521930164
0.560652018374
0.317731333035
0.566856954341
0.435224240085
0.50503978001
0.611004049687
0.424476245877
0.691205302918
0.379457926391
0.459662832863
0.447048365117
0.383228340586
0.463138183398
0.395670893158
0.661462989037
0.793820927507
0.291209902696
0.462644783058
0.406580991788
0.553428880615
0.401606206401
0.417810468774
0.621610177015
0.370576921815
0.383073145793
0.578374179049
0.597624254762
0.51640844098
0.369976890732
0.329642720985
0.448067714391
0.462505400613
0.596434735914
0.566113835042
0.375171609599
0.57114192279
0.74740541278
0.436645996515
0.480139257482
0.407412254582
0.437377687151
0.72700155801
0.5241643595
0.279698036111
0.620609636404
0.579690376323
0.312374035281
0.587555074623
0.48687227277
0.36220635396
0.501748237546
0.386663414766
0.607520684805
0.44370722922
0.359051845701
0.644031985386
0.527600687428
0.238259559942
0.350639371509
0.67858605291
0.557545865666
0.49832431062
0.655940555434
0.62283214403
0.602627017129
0.583642212249
0.551800162446
0.385542643474
0.734742633815
0.428355307512
0.726134766461
0.461991568841
0.437909482515
0.517252277556
0.564374926156
0.386791222824
0.575480909795
0.437214641219
0.654343586332
0.470314630195
0.442240812355
0.597112485194
0.72098757185
0.601246872888
0.722857720624
0.427824219842
0.534076174343
0.528630835422
0.358350274546
0.486052806061
0.558379217401
0.522471141606
0.588720094558
0.341020887895
0.261029518723
0.548846658127
0.66283811005
0.568025934511
0.575037662264
0.362271882255
0.794545470735
0.510254463368
0.0888660957994
0.728509455947
0.220528492329
0.769351942299
0.369901767472
0.464170828746
0.617209473959
0.664423554388
0.433529572471
0.629421076651
0.42227973402
0.446861948327
0.691936479195
0.443783664624
0.490061987053
0.606097361839
0.412142143706
0.42609142538
0.379682312163
0.419818063593
0.420849613192
0.432443539333
0.451888192789
0.54585571074
0.666890069786
0.629766780752
0.499706106177
0.415543934404
0.555729849242
0.497612626282
0.557698353699
0.697152546382
0.40658012382
0.516536136494
0.586787958868
0.690581406961
0.445814762044
0.5257855734
0.448476761751
0.573414234587
0.460855926902
0.387846281874
0.553040165231
0.314765418672
0.59446872849
0.562152624062
0.384495815613
0.562515178917
0.936694565451
0.549134680142
0.726362627392
0.922341438509
0.282413776281
0.399938146648
0.34141197215
0.588087914478
0.734007949835
0.515201139402
0.63197986961
0.542010063883
0.399851448964
0.521578847561
0.507769767781
0.468341768865
0.522505840305
0.411168183993
0.438087165622
0.28914438773
0.547647118099
0.370625691189
0.369309293508
0.775510650887
0.375482578431
0.522903676771
0.324659859063
0.456156346885
0.432396536123
0.590660938577
0.426476447045
0.434310788894
0.442037982051
0.62955608647
0.499837942106
0.46803180668
0.381337980758
0.380179509341
0.51727319378
0.792214197748
0.525186394081
0.57422213029
0.690620880964
0.521209629815
0.539979848208
0.594024225664
0.464970434969
0.401994645287
0.46645698943
0.585612415793
0.49403007397
0.407741774441
0.324901409745
0.352998707096
0.645799684029
0.291730054195
0.347646758361
0.559331600944
0.421378682909
0.567679158473
0.482167102035
0.536618663931
0.39288584066
0.387281921798
0.526906034225
0.426826883138
0.495460013406
0.474242377517
0.420138768146
0.56648077366
0.502421812809
0.551109070216
0.404333997834
0.398074834148
0.73072004457
0.341307149768
0.450185121628
0.515640730878
0.380580438777
0.548984064721
0.238786401073
0.479772619569
0.425299283634
0.278204154291
0.561844873722
0.572227264768
0.643555795762
0.520628956912
0.551502159862
0.275754370491
0.563392116186
0.515747645134
0.490539165319
0.444999793426
0.569424233061
0.607736720875
0.39050075542
0.439809808914
0.499764948174
0.594884642741
0.303983882618
0.415979927197
0.30923775252
0.428388064591
0.562647516999
0.372746773056
0.477013149963
0.305356557599
0.567259386941
0.57623486672
0.504851517731
0.417075159394
0.443133570374
0.577194183971
0.519970557267
0.340798412915
0.513974247331
0.370685692856
0.529202514642
0.475768508573
0.506086845037
0.622260651539
0.415171491061
0.496253230025
0.411662717134
0.453760330655
0.480604709896
0.495254238889
0.358337386705
0.476685973571
0.38398881037
0.516469112162
0.630142976442
0.650334381143
0.80483592534
0.45793466833
0.456183860182
0.896183554901
0.498430519848
0.429257657281
0.369798700544
0.390788637104
0.42277111405
0.596983221277
0.393063109746
0.370665598252
0.428541208324
0.318243889741
0.688790624953
0.333270516007
0.41953165215
0.289500712906
0.398149392525
0.780202399818
0.531514237129
0.320601773965
0.544658209211
0.204691879372
0.355979161769
0.421517956617
0.389740268924
0.445895677482
0.491468359527
0.615874392918
0.486699210193
0.404616487738
0.36110616221
0.364482783902
0.361618050729
0.515988206781
0.39633854196
0.350213297498
0.44758889376
0.550923330073
0.517644299768
0.442044774439
0.41003666466
0.491888490378
0.564878943501
0.295403488976
0.485402439928
0.637849989158
0.36118589694
0.468649350164
0.739397986852
0.54861961841
0.475217259306
0.30544520663
0.444215815596
0.419756964706
0.560154398303
0.589840671468
0.435652557112
0.625622475123
0.321615861148
0.465149458268
0.548238655618
0.642001450587
0.524148232568
0.426376118169
0.318133994166
0.525079985846
0.579841662661
0.310568568666
0.444078369038
0.538075237711
0.411415269315
0.368813638844
0.435089312482
0.747600407493
0.410923404544
0.391484485352
0.539312005606
0.54004284618
0.438748877987
0.564787365914
0.550184485493
0.388044239209
0.452952310963
0.60820256261
0.412359587614
0.474964689063
0.541503860369
0.252438399044
0.435090467604
0.668161500873
0.532199450374
0.412510043995
0.303246304783
0.557960727079
0.563721558524
0.404616217271
0.574434143144
0.494035690081
0.433879694625
0.327583238145
0.367939709973
0.406692124254
0.38893515711
0.585872197031
0.504293979186
0.497554964592
0.473398000071
0.623502726911
0.443748442928
0.295257811017
0.364896626334
0.479025242844
0.524480091151
0.452167205887
0.334061674449
0.46148235264
0.37035793275
0.385415528581
0.642201270136
0.842732359621
0.472466633369
0.443567466221
0.461458184425
0.276231633109
0.40191705621
0.400485084982
0.198527033311
0.466519274431
0.665168104271
0.430756089556
0.427110102065
0.81227415003
0.513089252578
0.397887685699
0.412188679481
0.575690281816
0.451146936898
0.525754418238
0.643847286315
0.677867780193
0.414053154018
0.407858137644
0.382287234665
0.551690752189
0.371840987444
0.689541505687
0.407136405686
0.224777623855
0.340427422623
0.474846580808
0.540801376273
0.425326973723
0.575566863038
0.672616582106
0.489106308475
0.536805689038
0.469607492479
0.744150895998
0.339648123525
0.435128850715
0.357601217248
0.563159030662
0.614566372661
0.299203211764
0.323380306277
0.388590950947
0.511522153608
0.376558383436
0.642391584962
0.406304797287
0.459073113313
0.425458828863
0.38132400362
0.512697917479
0.399666069077
0.776324532279
0.516735463973
0.318698293476
0.51472720681
0.357951823345
0.230900057231
0.670504161189
0.449512946798
0.494150844148
0.45181812291
0.634935425822
0.290931642242
0.695247487359
0.306775883348
0.493573699027
0.437331928764
0.490480648132
0.670689397618
0.417442534204
0.404015107425
0.520495603256
0.500916350184
0.426939315348
0.533633081659
0.431901491089
0.557888620644
0.532897468838
0.546468714456
0.450792047617
0.38004161768
0.371026227594
0.421069227068
0.574790269846
0.356394972908
0.446886791332
0.374844402966
0.323755879665
0.327466811338
0.530177106246
0.367892854969
0.584714940458
0.308056998756
0.491141892977
0.541381669542
0.735021451228
0.503457907357
0.624305592399
0.467330997621
0.326475681508
0.442336902527
0.498845216298
0.475274645036
0.540761392822
0.306376787045
0.364462087883
0.414771444685
0.63664276085
0.477437942196
0.529561865672
0.58873155174
0.519833334444
0.445288248129
0.412986009781
0.209437045348
0.353681125364
0.458986918439
0.425052095522
0.657659996183
0.44534654471
0.387131231132
0.583618161774
0.539774218388
0.155970628355
0.487117548147
0.498135360681
0.573045025808
0.307616008955
0.499172628235
0.567051091827
0.485782595228
0.442490172674
0.527969189332
0.459263269703
0.401184691459
0.417783553502
0.672350831142
0.296547572547
0.686954961076
0.311342728686
0.284378558539
0.336051221395
0.224097943934
0.430313958731
0.469929162931
0.532505038322
0.430116870898
0.413021229854
0.528213666059
0.607554120477
0.708733256237
0.403585631725
0.428857539251
0.487499879076
0.373090559476
0.387162561461
0.467165009948
0.471460237944
0.51655054
0.195408903966
0.282936427415
0.586419787204
0.507966325047
0.369293128011
0.495437107755
0.551979752764
0.418701224238
0.461044950192
0.369217085991
0.421723090447
0.388191115892
0.501328374348
0.406800252208
0.264391698171
0.488521687122
0.293221206805
0.401565158671
0.451072749782
0.606569304948
0.607307981548
0.57732722502
0.428622168403
0.36760980688
0.310463204731
0.413717465102
0.441835323801
0.622154848757
0.514069765995
0.387664479959
0.42759589326
0.403906828437
0.360224700816
0.517196172186
0.325001906464
0.620375174003
0.425961244046
0.340169140162
0.454791837527
0.385199593606
0.520833366501
0.486932133071
0.297079145772
0.505958110694
0.343429046084
0.396373352301
0.278131300799
0.673469616477
0.474934757232
0.616211587569
0.484334219176
0.503676675594
0.349709493067
0.442955502123
0.427989517656
0.502245154728
0.416593699849
0.255085408702
0.414253279318
0.430493032616
0.372830269842
0.239076209658
0.220224964623
0.495017728706
0.413683245238
0.561627438244
0.464619435491
0.425538214172
0.412493306701
0.504245090451
0.325928117764
0.469339971475
0.682931551714
0.508454657416
0.257115620118
0.635505286462
0.420967358449
0.59099500638
0.355729635472
0.512121824719
0.398468854643
0.352145136485
0.556083351169
0.340358644058
0.499515198472
0.440567116255
0.514735644312
0.425201966217
0.400761929878
0.481755644143
0.610670493824
0.235659076876
0.373693511409
0.588781303461
0.479917649338
0.461870379155
0.362428399746
0.412546084161
0.339955736873
0.497129499339
0.291563453743
0.502097576316
0.528033885976
0.372597623459
0.332821855354
0.41284045228
0.393232832002
0.543030664638
0.435348097726
0.285845075908
0.434284948423
0.347788662707
0.500242614585
0.433425181339
0.566880945976
0.465163866586
0.419099145692
0.314600821286
0.327195130059
0.388915405541
0.607353645662
0.295200891449
0.504661896026
0.552286551054
0.41311594334
0.436122069857
0.392408003065
0.421898507978
0.389670447593
0.446855836398
0.780933336204
0.490966745292
0.493652367735
0.557480404404
0.317494376286
0.511384007634
0.541802852466
0.390372212985
0.403237139995
0.637215353603
0.372124348494
0.652687083602
0.422705565521
0.186520728035
0.342799631862
0.315712391418
0.462029726541
0.359467114068
0.333759700722
0.387143985844
0.389617549782
0.376542827861
0.392077602686
0.497923014926
0.361326896544
0.522215332221
0.461387971548
0.389876952603
0.546237361303
0.370011439356
0.235162373022
0.341665308521
0.374083546537
0.496112023771
0.392104231143
0.40094364499
0.543571611677
0.309901252054
0.234799506146
0.341314534863
0.388366592251
0.42128404485
0.292372008021
0.361621329533
0.46446423592
0.382796273413
0.470675039459
0.643673036746
0.399375774784
0.354348150095
0.501524031396
0.346044816398
0.390381227131
0.433610636161
0.222948126509
0.34707472999
0.330019929163
0.150827125854
0.522277907083
0.549833607735
0.395466419154
0.655074296313
0.372715206885
0.447367441465
0.576378460907
0.855894935521
0.298955033877
0.301706779493
0.551284800694
0.649067435165
0.419753390251
0.327836653291
0.483987690321
0.517796084411
0.407102163409
0.566967631422
0.574485796802
0.396581271742
0.549589953279
0.420758497618
0.361410487725
0.343855325297
0.349274086288
0.390351205001
0.377789735058
0.405535207423
0.410852354818
0.521263153963
0.424589518392
0.501639301344
0.455383750239
0.32864273243
0.422019981703
0.567359010019
0.433626090243
0.360337036761
0.46623015009
0.36981583468
0.358072340113
0.412824699105
0.555103926506
0.375766590198
0.394243282331
0.547435260006
0.247099464496
0.355098141134
0.43341678879
0.33161136298
0.508096790602
0.526400517308
0.347315155657
0.513287601054
0.49532774839
0.389760762531
0.343001886528
0.479084739434
0.490578652984
0.361834190224
0.450850410839
0.391186957162
0.430838252144
0.304931785069
0.528205238012
0.393278764979
0.571166382415
0.456218469526
0.45866886546
0.408068128677
0.340650437164
0.537232740288
0.385206546854
0.422854359485
0.395902963952
0.645855490377
0.448583122937
0.563423631111
0.692002775895
0.507113671573
0.464174338869
0.352257388919
0.640741973387
0.563179786456
0.38837363626
0.346161708657
0.49704783767
0.328319447658
0.610288209464
0.273785754862
0.370356868354
0.283315153102
0.399993801736
0.398216821706
0.492025717871
0.464985624927
0.350885227822
0.497030144297
0.315984983466
0.382873219519
0.360045248503
0.495637211654
0.408915762384
0.619395963852
0.488919045025
0.465557325619
0.631160658532
0.526817059301
0.465452494325
0.428111350129
0.564350244276
0.455141485142
0.430001422393
0.342607253242
0.325001389449
0.373980759111
0.541259557992
0.285555434872
0.575688610162
0.612389081813
0.493868376082
0.304468633578
0.476975815324
0.387431558597
0.47658895518
0.375775313031
0.411052666721
0.348851687755
0.392982685073
0.363781775063
0.549931065238
0.556841442363
0.332781192508
0.503118848533
0.481740798219
0.340292624515
0.531842596708
0.551620250975
0.354803129607
0.303131397588
0.3950367307
0.371193070144
0.480953922568
0.487054220899
0.470547769007
0.178895249894
0.442514419558
0.341634052973
0.273001717369
0.482879893593
0.442707176053
0.303951758479
0.476015347598
0.390078477335
0.253492504104
0.347021135807
0.36988864225
0.280233851198
0.385229866367
0.354777848742
0.502070096142
0.301550123468
0.618451378739
0.309385888308
0.325147254302
0.410922426811
0.467997859701
0.431484862569
0.307044206086
0.420132615816
0.41831415437
0.383967451376
0.484552102156
0.274239978878
0.308457619516
0.488346141536
0.438328630776
0.466881685576
0.421423132898
0.408361021625
0.360344018773
0.638550723277
0.340000737802
0.510984927358
0.355920310646
0.729889975289
0.414511113934
0.344433585111
0.388410167301
0.355023745552
0.535819367741
0.33130438243
0.615213097524
0.347526306856
0.661453763358
0.410271637707
0.61328565916
0.36097999415
0.19316879452
0.376465625069
0.486116970762
0.373057690022
0.247968201877
0.3017099408
0.271609478593
0.395238785414
0.235519749837
0.44045466531
0.689951747766
0.418769745861
0.503956560195
0.491677186157
0.416486853231
0.321255229346
0.521517710557
0.45138051773
0.54836966457
0.481583438839
0.416380717228
0.331753618619
0.502332019115
0.303888569226
0.217350071541
0.302511540484
0.301499653068
0.232008860941
0.389673554868
0.527952265459
0.506810116332
0.291049593912
0.495583137653
0.368057476603
0.338146418682
0.436495812375
0.442802642423
0.327459042356
0.229986829039
0.282684727919
0.415613237858
0.486413854041
0.500539228156
0.196620646992
0.316933943018
0.282435588525
0.219185225119
0.323106488336
0.405441256094
0.281338887232
0.358541993134
0.424080093856
0.413408308482
0.643673113927
0.447628285184
0.2923663708
0.412492430633
0.611442134963
0.319507402433
0.652449938652
0.413480565029
0.595967546375
0.387060795334
0.458226810923
0.471723568249
0.506475492056
0.384497666342
0.342494870845
0.362992250226
0.454259961428
0.265999348905
0.25768404345
0.454694443437
0.532473682854
0.377366315955
0.367654115111
0.45255226176
0.285145279759
0.183932756423
0.449626376473
0.590779640172
0.408752469408
0.441406990978
0.23169821496
0.351381324464
0.438591819016
0.351300330384
0.476460052302
0.552791970355
0.354262818454
0.528884086878
0.369302224288
0.474764837381
0.485520817499
0.379611092915
0.444814482432
0.315720186844
0.657651761278
0.422489363134
0.402882134275
0.36676471712
0.302513823939
0.286362430469
0.342915154335
0.443626269861
0.369519447198
0.545950440239
0.27033876954
0.556616768896
0.445004853128
0.39229789758
0.377759832142
0.43386740881
0.505390571788
0.393417924207
0.397160568141
0.328121463918
0.333014079791
0.2901627049
0.423424996498
0.497303850337
0.48571044288
0.282204571143
0.514192203948
0.406833225128
0.336909043804
0.325846967364
0.287962863167
0.514085794368
0.377427492445
0.442454189392
0.487360722519
0.486793655901
0.634549004339
0.591568201229
0.393989130603
0.561761663594
0.37383836379
0.265476502657
0.506427706831
0.399471495713
0.299467726904
0.251066685763
0.350995128463
0.389159737626
0.518966830325
0.518317179712
0.408183961312
0.421342509288
0.551008088502
0.38963298632
0.255148693341
0.465458197409
0.260679384444
0.402732242151
0.320430020221
0.369748045689
0.249821174387
0.37378393594
0.618963142258
0.358105737963
0.547484060664
0.359940683561
0.403058023791
0.435644406471
0.463348392115
0.370629533373
0.371541124597
0.275369995347
0.571630247647
0.351712859171
0.428528845734
0.193276354475
0.454413585987
0.240172550392
0.497258337082
0.409809685218
0.299804975168
0.389229711018
0.459121416851
0.568134780188
0.225360417999
0.345998457054
0.426164917819
0.470106534455
0.313940658526
0.353432294618
0.315031003111
0.464735052413
0.385941348757
0.429329468681
0.449658514365
0.458027434523
0.34592537784
0.592813758935
0.344627202223
0.528416378898
0.470860890859
0.343257664552
0.375624554096
0.273576445314
0.490878393862
0.510437369974
0.351495868213
0.503914185856
0.25820022818
0.369152471809
0.254071335961
0.415104708566
0.278418215721
0.270932059797
0.251370895602
0.533664714757
0.522940383716
0.321299495016
0.456730379541
0.314239975125
0.507011742538
0.270243681394
0.362925989454
0.304760506385
0.22320795779
0.407597707515
0.530413020734
0.381045731643
0.302368281732
0.357820057598
0.475974779716
0.504830206327
0.410691554455
0.304386409698
0.455391640785
0.476840235339
0.443601266101
0.247029422172
0.410234491812
0.274430757942
0.358039257518
0.394291436817
0.499962357444
0.369891962767
0.505342936179
0.290830134687
0.435198067395
0.389681555532
0.307420369572
0.53056845914
0.380987937217
0.537982732548
0.460277546185
0.457405295216
0.484464590994
0.381135916078
0.42904693794
0.436208059049
0.406027468843
0.351538627715
0.302305375904
0.482771760894
0.36317585135
0.337342687161
0.539584162396
0.28218950693
0.430606263123
0.327749306305
0.276972716988
0.369466956142
0.288361670115
0.420640139404
0.415978244672
0.463528822334
0.418247233214
0.479071775557
0.374841697105
0.210349859995
0.543415851905
0.536228695563
0.334352734297
0.195258285974
0.476497282806
0.419028181874
0.416350376746
0.317549921583
0.502087222958
0.275278649953
0.476045324473
0.350677231052
0.444437109617
0.41050682067
0.403121808716
0.272829617171
0.453783089406
0.567705324353
0.404519419735
0.348310215646
0.310466425693
0.478850168723
0.356747141864
0.351479592563
0.257872014811
0.304939137275
0.423694547578
0.359859697596
0.548084912876
0.43737184446
0.390702720926
0.349780630165
0.390023994665
0.489406293379
0.252664426958
0.417785246808
0.112879439695
0.332158794706
0.411978312791
0.289539965369
0.293986143819
0.479417829629
0.225636532959
0.424683287992
0.358845008736
0.252804824467
0.297362317786
0.425844075872
0.425290149892
0.381020772395
0.438498578103
0.350847314978
0.201671626144
0.389904291508
0.360506332096
0.223882690721
0.514869327028
0.414802498123
0.336890304824
0.577055217374
0.360561240098
0.384752826393
0.362649131904
0.432417381702
0.546838772651
0.500493730063
0.440272192075
0.314513708814
0.347839225292
0.201030048213
0.42177952287
0.15015551814
0.515375923547
0.417284370541
0.473553613566
0.343516692428
0.396981164396
0.390113037198
0.279824719976
0.314346354451
0.281147204575
0.347535317576
0.548944128512
0.350386781353
0.435444108949
0.40656546432
0.312603988
0.377009151971
0.279992148849
0.373113300918
0.517232155946
0.284343116826
0.495828727725
0.303154524825
0.326370404168
0.309811726286
0.257644602246
0.35728509362
0.349856314843
0.21729159079
0.324232458612
0.268106086005
0.330725617743
0.361847437519
0.324731875669
0.530475323914
0.43117394167
0.388164386132
0.420239544052
0.379339384405
0.515627187155
0.300291519145
0.343486078925
0.143402206887
0.25861789624
0.343332149539
0.328435521474
0.245853107711
0.352184297804
0.536187121844
0.338310114193
0.103457790088
0.380181537788
0.544576289555
0.289458446547
0.563077825981
0.507318402277
0.375389912734
0.278156427854
0.31227686171
0.455160459019
0.273768891332
0.303093863267
0.310497182251
0.329392733059
0.265181609075
0.269811543154
0.234354642844
0.317336194221
0.251739033802
0.37452010258
0.415569001252
0.466120600034
0.316269344051
0.476163855478
0.490479441294
0.387416413597
0.434261350651
0.45212358323
0.26788593311
0.385389394502
0.222686197279
0.400753547529
0.493133388489
0.353287073869
0.48420155995
0.219343816151
0.364250438297
0.294640802823
0.398913697332
0.345679125045
0.325932387195
0.399956190441
0.491255937302
0.233262473007
0.225211383507
0.218159986163
0.313061185063
0.328161256571
0.319502676266
0.271589702611
0.33631091769
0.31697219752
0.310933821299
0.204445332918
0.30858782964
0.441535940635
0.460878288796
0.455235191553
0.474144170006
0.548882330393
0.210585966425
0.374548239437
0.175529341791
0.42583584364
0.43577707196
0.372003589866
0.336289254905
0.295044433936
0.190871820223
0.236531126286
0.428257410671
0.384851542764
0.251440813658
0.297383188205
0.404728316814
0.330483762519
0.270439909649
0.23230096772
0.270557946305
0.560568834221
0.514816445782
0.2831321346
0.578419913024
0.455178748209
0.335509899036
0.336907972264
0.381373106443
0.350223506862
0.466197583745
0.481113578667
0.564089866684
0.417749338122
0.504384615479
0.203884880134
0.453610847209
0.324240404877
0.309419082376
0.441191233538
0.49417337775
0.398066477241
0.165687380962
0.266527342422
0.260592834998
0.323371665803
0.237531057826
0.264426090766
0.421520765107
0.293055988861
0.400064417073
0.260456876815
0.338925850721
0.455731639329
0.214300027209
0.374018619454
0.301527361087
0.42497434904
0.284987591814
0.566046710587
0.317674469489
0.366300919649
0.28955473344
0.430553366483
0.31472348992
0.304343880031
0.485455767116
0.374278137262
0.221358962905
0.488158276121
0.479316098831
0.38185332457
0.255882795435
0.316032874189
0.361909095569
0.27933289958
0.368545978955
0.328735255724
0.39616616579
0.406028622529
0.237210561756
0.200513846888
0.466325692268
0.554537870026
0.273222360567
0.251709213851
0.294520246063
0.404392646782
0.421426339787
0.235338762063
0.238158839054
0.167989316681
0.369893355902
0.338069169239
0.618374634639
0.183776599157
0.505321219339
0.34094608481
0.361779651683
0.426071850473
0.471039181729
0.27457093849
0.235656070678
0.227846698891
0.395664362878
0.37252526433
0.267453075794
0.214489882631
0.280241445253
0.329622340778
0.375155346877
0.361468843853
0.253418871431
0.344708451292
0.342268552558
0.361720757661
0.31758513595
0.514925665086
0.437377806349
0.374963670644
0.36534032168
0.356527036957
0.491737612753
0.309265875574
0.248556149949
0.613524207224
0.32026535722
0.388974798782
0.231023749588
0.304668196621
0.379049680379
0.370444898462
0.24525767693
0.291771261695
0.243724160977
0.317301768193
0.327324869463
0.33531153453
0.225656272418
0.454222354366
0.151643239266
0.308875426307
0.446933426122
0.267479439289
0.187761149713
0.559431327385
0.297516557148
0.29281008448
0.311426137244
0.469756275302
0.476388839175
0.410678646753
0.306720624206
0.313230331102
0.254148396008
0.249194451637
0.11807336182
0.348813735368
0.378765590879
0.287826992804
0.273982369738
0.271991362258
0.2036526054
0.273710645676
0.301193748529
0.12230222489
0.259059331084
0.186206259335
0.44837260266
0.298546467681
0.335296267297
0.647051964917
0.274008170314
0.328913311052
0.142573050515
0.321693563401
0.328100926863
0.140042363
0.361111555039
0.380717612062
0.314782600493
0.216915717333
0.202800786785
0.311620904716
0.2181809651
0.201357603041
0.38707387656
0.314375768516
0.515203361822
0.39619809626
0.479094518314
0.3940333679
0.54938668571
0.397003265462
0.336727123298
0.511464294874
0.437179761559
0.480285567249
0.290510522264
0.532159016053
0.384375899714
0.229477729166
0.195944793174
0.394012559791
0.38167837267
0.493935577682
0.19544327601
0.32910052613
0.121580384727
0.31062525517
0.321966042812
0.348840706316
0.374872225992
0.286897486931
0.255914035881
0.276378954904
0.328885253599
0.373788139306
0.394416234083
0.365667762889
0.392008762291
0.269704426769
0.278984586346
0.295345352743
0.282318149991
0.404719035571
0.185227156628
0.187614634823
0.511776153747
0.388972386468
0.406157635274
0.510085130765
0.332821075775
0.391810071864
0.545706699532
0.301660625918
0.337828271114
0.363507287052
0.132690457522
0.29038639625
0.209309634226
0.463870118202
0.349403027864
0.419166584697
0.359917611317
0.419109874255
0.275049111285
0.256206943885
0.340389657454
0.472135663558
0.202520483121
0.142235029972
0.239851525702
0.281324279059
0.216643205164
0.478144380133
0.376821956452
0.177753810006
0.197626989985
0.48990274542
0.362519849501
0.444355117371
0.303892322586
0.227316150831
0.355485275033
0.252578480923
0.449856289711
0.343680685349
0.330926564637
0.283217609778
0.241209178079
0.465123289502
0.272192084119
0.32059578537
0.186399010795
0.302725804563
0.463532440179
0.192811276448
0.153369459606
0.448410214351
0.212692811232
0.289983146231
0.264257151113
0.343365336366
0.210797078575
0.128510669682
0.340433676806
0.247736514825
0.349768095784
0.321670377312
0.22192828702
0.387218756831
0.151363592974
0.304944626057
0.512536707814
0.204826228505
0.193735928594
0.0995913035496
0.270913886769
0.336353540394
0.175990025875
0.33584151089
0.416788544789
0.257076924102
0.387170772043
0.436561185346
0.366015246327
0.204076425264
0.374820896811
0.590564193121
0.334978062762
0.433124571947
0.12235855373
0.344350681926
0.270532255112
0.489052147367
0.267939170788
0.340202045597
0.165612281749
0.359139489929
0.504312433722
0.359073615432
0.413544491589
0.307454013858
0.337456500378
0.282573475797
0.336530994362
0.29632689366
0.537481674914
0.227324808989
0.284298301767
0.266118777587
0.32030678142
0.268982147697
0.33892744718
0.552028189177
0.160785702512
0.382448395555
0.486169164296
0.205247081216
0.200780925744
0.128991466121
0.350297723868
0.20021573534
0.278419071059
0.278295455696
0.220893983592
0.446295380318
0.494042057211
0.166456390105
0.338382782128
0.177041906193
0.307188834359
0.148935404541
0.221669251681
0.23541754661
0.153557250953
0.19152216052
0.159601622896
0.288363207287
0.224194968552
0.2252147395
0.343907313582
0.214144733157
0.210529164344
0.231179610804
0.273019680396
0.456645199137
0.349764919242
0.484878785395
0.349295009537
0.160595241119
0.256034746056
0.364635837508
0.397372781652
0.347242849795
0.384148058084
0.376652441132
0.154420295738
0.225233226092
0.312168750493
0.362045592134
0.488826131992
0.436870139212
0.30897778839
0.338871733971
0.195250864879
0.337854539522
0.279389815554
0.271244812494
0.289392030069
0.243034798354
0.257857100742
0.285349674512
0.398278375776
0.411976727464
0.493589843026
0.407539885607
0.306670041655
0.274024793752
0.358136212613
0.494796220774
0.305644563637
0.165347262024
0.486717355045
0.327379792745
0.51363339275
0.208796872181
0.16004607475
0.272636505983
0.232162429196
0.367704200491
0.348234538538
0.357583621918
0.266218417093
0.193220490377
0.274137518545
0.334835705481
0.141732445772
0.354093838954
0.373568561007
0.17356914593
0.444192339416
0.188043659771
0.214805220442
0.345831818205
0.318487991952
0.2810583903
0.129364558881
0.381703029011
0.446248582073
0.33111670609
0.255675462551
0.210663035266
0.206274829448
0.156899075749
0.548010149557
0.411668693676
0.381524329966
0.18729351018
0.351920757526
0.368030389734
0.25156894748
0.298531452271
0.41872984326
0.327261345827
0.272493899088
0.276869000913
0.243918626236
0.272849339719
0.216705544901
0.37729988031
0.313488761664
0.262875429987
0.153512466494
0.18913447124
0.367512725781
0.255899748754
0.300350040825
0.431083594095
0.255597353493
0.429023135772
0.202933980487
0.314405073104
0.17964771601
0.303774362161
0.147381601653
0.413570297756
0.179194626748
0.373919627009
0.265552720257
0.269711223625
0.258183398426
0.213352673267
0.186786808338
0.251927346017
0.323568220754
0.429478053287
0.321366346638
0.426573698642
0.236945467272
0.134379446717
0.52133756276
0.24271644555
0.0595680876652
0.457506204061
0.194991038139
0.310635827454
0.0723451762496
0.331285076347
0.14986754011
0.283306366389
0.309012481356
0.317743740002
0.339215880135
0.403222731464
0.12616236626
0.333000265011
0.221336168112
0.243407536118
0.33340765285
0.208056624894
0.102281624695
0.369528234218
0.235088529736
0.396084726079
0.283566961369
0.339650453363
0.654846489399
0.194942017897
0.264350936163
0.168521519171
0.333199141087
0.296099234724
0.400045713303
0.142679226673
0.16506160605
0.367177992544
0.339962084861
0.299224289627
0.195920014036
0.338639517457
0.287081348385
0.155039694551
0.334873931933
0.232936813809
0.15692571753
0.10329653673
0.296855865373
0.333969567326
0.315661422209
0.239352746958
0.315204062768
0.316095970001
0.229550483356
0.443028248657
0.360258012568
0.279354341526
0.225646066177
0.158744377528
0.298939236337
0.376867631266
0.339261753777
0.30118070034
0.434930085917
0.127176497754
0.336517039027
0.249673289751
0.219133525491
0.224683965176
0.281651815551
0.294744342848
0.118715533761
0.374490923192
0.0967041549128
0.245207643585
0.217847901615
0.346263203603
0.427855869085
0.281972521396
0.242210488368
0.213712196811
0.372432007409
0.0834290694712
0.245639960318
0.100027292498
0.174767485144
0.340385837436
0.321473383318
0.224803537749
0.215889555022
0.442904603433
0.169391893892
0.111590754314
0.401249535236
0.212541933876
0.339575276379
0.409581188061
0.351535136813
0.454002502739
0.262065587155
0.443060934898
0.332247574199
0.336118467333
0.232033399673
0.172024961481
0.255491144871
0.245712267065
0.21758305056
0.495384101412
0.254236463163
0.224150226708
0.174559599294
0.211320813011
0.441629876487
0.234294687995
0.230562230231
0.324244357143
0.265579183289
0.305567602734
0.372931955508
0.124567020595
0.303590832211
0.211145576948
0.263920453958
0.190716875923
0.208131344281
0.311756814444
0.325043571118
0.313282281922
0.29788095545
0.224331885422
0.265877610739
0.20294477851
0.391283232791
0.243890051477
0.245494157153
0.469331658524
0.178786772451
0.191410282931
0.157144773163
0.217960662911
0.397509082068
0.239943016881
0.134131819078
0.315206097325
0.283563590291
0.249594266721
0.348087012407
0.373056869489
0.290804598541
0.261853669891
0.15715120026
0.1180769539
0.214509916787
0.359140126854
0.42436342824
0.203716418867
0.239634161559
0.251062073612
0.298321236691
0.354844262737
0.19223350782
0.243592315031
0.278461847523
0.500383957379
0.177943304359
0.132767808747
0.147195184308
0.352332174577
0.170662676934
0.314900343087
0.149068824707
0.205799420096
0.225900088655
0.294335750087
0.200122065344
0.243164778813
0.144735528182
0.155941737415
0.147025118919
0.327549459127
0.279095741064
0.22655924046
0.376849126726
0.20418271977
0.314259490041
0.153105031227
0.259480694709
0.313482375094
0.250335400604
0.267290233976
0.20193283414
0.206501415267
0.15222379038
0.111051857385
0.116593677418
0.301438146471
0.533000908124
0.404049281516
0.152645675564
0.194949835703
0.147223097139
0.118868054884
0.234322483835
0.292784635191
0.31579612885
0.222705609406
0.277102074706
0.425241659348
0.133338027739
0.376687223323
0.147251798265
0.233356884791
0.205736734601
0.173934797255
0.159882643803
0.0962640867859
0.231604157146
0.224537317597
0.246322923579
0.269570100306
0.30692722223
0.252059102293
0.1190360871
0.228132663652
0.604144580139
0.2386329698
0.225572236715
0.191025371766
0.358331926593
0.32916482911
0.167949968105
0.21814965443
0.283833077459
0.219753238432
0.214569874909
0.131609767299
0.354535244943
0.064399894014
0.219035873436
0.253180921681
0.200600163231
0.335750421234
0.0676125173985
0.451371727957
0.303685406505
0.112958876648
0.173458900114
0.229612810468
0.494152604143
0.249701355492
0.283944430819
0.357638391513
0.193710100531
0.160888328926
0.213241732473
0.313578584363
0.209285445926
0.280190779167
0.22567317653
0.229569928282
0.282760229755
0.276340184571
0.169371409264
0.29807073159
0.236196382682
0.211683326991
0.193614148108
0.365419185978
0.15460246705
0.199904068073
0.203670151561
0.338572081204
0.268608902137
0.144611874231
0.242720796274
0.292572644775
0.25108828899
0.301979352299
0.185447702922
0.126622833725
0.26211330034
0.0630483812939
0.211560634313
0.292269902582
0.220180247155
0.178470618823
0.338556002791
0.445685949917
0.410345336698
0.216589419568
0.235211491283
0.179606160829
0.175185209617
0.276304255334
0.506756952336
0.213973558044
0.241399564875
0.271258527325
0.129938162767
0.203741733547
0.352531806526
0.281221444417
0.217822734452
0.283535383405
0.278955591516
0.131238738641
0.290518890882
0.107782135548
0.551928495542
0.113092941101
0.259384841771
0.172341652868
0.276263157425
0.195062190315
0.374275742523
0.338814737059
0.321390699815
0.213453169978
0.228973081103
0.198372158588
0.405592755199
0.260764942886
0.375637241755
0.0444865171271
0.197350551972
0.248916440175
0.361793746465
0.2357167604
0.321271814708
0.243537214365
0.133834396049
0.110760344927
0.208267337448
0.162459669876
0.102543468131
0.298303259246
0.179304593013
0.3385973318
0.415132366283
0.134469880151
0.154793552066
0.188342729778
0.17914757128
0.169732785422
0.347687258056
0.0905596019191
0.235058549359
0.177297149198
0.355291000827
0.320613599863
0.266268967835
0.246442479961
0.218041551109
0.530370227146
0.241458990684
0.359045313805
0.240567475752
0.21783738195
0.279352058217
0.142220568883
0.0429476250394
0.271663579868
0.217284792766
0.296930603193
0.220367366224
0.323107444745
0.1176243987
0.13413906632
0.340415431265
0.0951673672732
0.231060427206
0.142296879698
0.236541768736
0.29542473176
0.245594913465
0.236752991911
0.222109249827
0.182632287194
0.246842787378
0.193474077434
0.195281091917
0.227693916552
0.267887692848
0.211704866013
0.158409842905
0.461359622489
0.315911148767
0.240559966472
0.281804177535
0.260171202743
0.324085675864
0.413694503288
0.0749467663756
0.347032730398
0.227057265719
0.395194749394
0.187773083198
0.169176111586
0.109164918054
0.428325711235
0.261793297489
0.203536893208
0.283570948252
0.311003961239
0.2376819396
0.179567703263
0.14624728597
0.116621519604
0.288025629888
0.387376467939
0.23875478809
0.141811666415
0.124637681131
0.223532323053
0.266325718245
0.262251804374
0.157345141625
0.163883604613
0.210810637119
0.10749606958
0.276002735772
0.262374535745
0.258887155092
0.300111192233
0.0906412664223
0.152715069
0.206462002063
0.194378356056
0.317866139135
0.303749036719
0.142156850627
0.256646456365
0.228455612056
0.212638343151
0.223334174747
0.0864242742107
0.381393759785
0.205140704824
0.401859206408
0.258074830766
0.218017120934
0.242823266028
0.326094054416
0.185729062847
0.125751969975
0.139323139186
0.227451405719
0.187481610786
0.135661487869
0.262163851009
0.18668502385
0.12538437941
0.172697222297
0.417711448796
0.250027799942
0.11224858497
0.201802863596
0.148307319717
0.092169294651
0.129302916561
0.243339503159
0.27905186132
0.10066922346
0.27789641744
0.344566403281
0.252898399819
0.320984662635
0.130979108106
0.219699712057
0.196766659973
0.165079636605
0.143305660301
0.280775222535
0.177368667971
0.209199190664
0.10854722901
0.236310027668
0.154059570379
0.16396389097
0.180708573247
0.119969014832
0.116103606464
0.236653922916
0.204046806075
0.230371012452
0.278176246579
0.258058155569
0.346494348242
0.188218611798
0.164777577684
0.142750493863
0.190874477122
0.338490487156
0.180857949973
0.155147375302
0.0927756857872
0.253505852316
0.308701500598
0.114476809834
0.155583956088
0.18358690242
0.202027952544
0.611665142889
0.0540049182259
0.102014116151
0.388934237519
0.160528021509
0.175770383238
0.16512879233
0.325960626063
0.252845354982
0.316961942096
0.198668175155
0.261326045648
0.305325542306
0.198479134362
0.390079909215
0.181414863283
0.425678535734
0.161840632564
0.00383581116142
0.180448518296
0.430203898832
0.179252294764
0.370650785994
0.223157867727
0.536876052054
0.294161610651
0.240749462436
0.26651208849
0.253502681695
0.314619440699
0.250946770176
0.097979463577
0.158754214075
0.137143199939
0.16433120271
0.161559845075
0.12428336916
0.470312387438
0.15459896417
0.306403109448
0.157720658693
0.19998812169
0.256271684473
0.105117252387
0.0880954662015
0.16919090488
0.221265124335
0.197744942061
0.111958489499
0.242668389268
0.0676826094575
0.185610340182
0.219007985069
0.120353792481
0.102648496225
0.199364897098
0.17551636844
0.30079378465
0.185226742973
0.412516202689
0.263018646859
0.325541942759
0.275300951991
0.0836114807808
0.216862776975
0.293937610648
0.179862842198
0.178357026712
0.137149935953
0.170583048596
0.209724429098
0.244603312381
0.220639181998
0.179608260946
0.189545276144
0.187646452131
0.24945781189
0.289372781288
0.244159537495
0.113615911826
0.323385173712
0.207936693265
0.294985303798
0.21455251808
0.123337628234
0.13239495195
0.132409137644
0.196328985328
0.261188423172
0.297921812847
0.277971221011
0.127602260546
0.142970055419
0.291529572474
0.212662703431
0.333326592454
0.377562590839
0.32962587373
0.149176399408
0.160924811114
0.354943654149
0.279101771936
0.182181490964
0.179016803231
0.254891730022
0.228374509703
0.204523424984
0.260782418652
0.14756860575
0.378291292153
0.193022045744
0.210146870905
0.209630646144
0.192033777256
0.147908809538
0.250580311375
0.177667163665
0.223696845931
0.203957251458
0.264571717598
0.214276396326
0.201690617027
0.18088548063
0.302379899231
0.193761163194
0.157844861948
0.252421107266
0.211676098028
0.13051055748
0.188296307239
0.197135810655
0.203316843002
0.211429864831
0.237692492182
0.153363397098
0.256766874606
0.203767581713
0.186916028115
0.190856849201
0.0870465982974
0.243951162739
0.229190147704
0.190484291035
0.244557656817
0.231999212868
0.194630291094
0.183300343082
0.163068861288
0.18837387199
0.2898342527
0.204471580819
0.102136706352
0.349035743737
0.151436644588
0.28729189312
0.216655661562
0.350865380084
0.229854661798
0.210487634581
0.348464334186
0.191361889667
0.351713572448
0.242747153189
0.110401994426
0.0954583449116
0.192582236788
0.289628447765
0.270037558276
0.176206667768
0.19262448328
0.0914664093063
0.284443618339
0.344013557622
0.215519070217
0.111359541832
0.152363315957
0.163561515141
0.215735816787
0.370728775289
0.186777661825
0.273498500413
0.130668176868
0.199524910713
0.195176622708
0.222979005761
0.20053019536
0.217087170433
0.202111006971
0.166293814448
0.137593590776
0.170220102887
0.123397839901
0.184362356729
0.0492571961389
0.249812568993
0.290481820446
0.25345147228
0.258092847941
0.213504796122
0.155883214432
0.0986570412252
0.2601907383
0.156601563072
0.152119485133
0.101125084645
0.245940004272
0.151573465488
0.162981698342
0.191456433328
0.187674488301
0.169495392665
0.146130541348
0.184696334484
0.221083590846
0.201269384003
0.269367213108
0.311968334817
0.295481854471
0.256008697933
0.348742801076
0.200386055301
0.221040403048
0.263675146776
0.130420057293
0.309900930299
0.228763935755
0.210386930094
0.132314618165
0.148988504117
0.179526606255
0.15700734541
0.125289774165
0.156976586516
0.161927421632
0.243280561442
0.305938779211
0.112358745536
0.136965752382
0.357306953413
0.175994681651
0.194771369072
0.149501761765
0.243954708404
0.153131358101
0.186978254176
0.172831648389
0.240864387455
0.249417274003
0.276284122868
0.215458119325
0.181739268631
0.125877753552
0.252915144574
0.294742674667
0.122358454407
0.177342528082
0.116283599288
0.158118983696
0.163882688312
0.154376442988
0.130952252246
0.272536330029
0.148059086915
0.0817843007634
0.300249441964
0.189514824924
0.167815037893
0.310688031697
0.198295724557
0.289719694265
0.164765263233
0.213848615444
0.173893788697
0.191780875734
0.147134528764
0.156380488462
0.321115976961
0.226575198943
0.194404971033
0.272043750651
0.265132923964
0.219141412681
0.277563390242
0.184685180135
0.274090239902
0.162132639498
0.127876694509
0.0273961261354
0.170038229216
0.18560970168
0.295748216462
0.129991933394
0.302112289071
0.125487709056
0.242253884886
0.251348430178
0.209678038193
0.0710890779238
0.287107217561
0.113927928348
0.239563137288
0.414607582292
0.167599273029
0.313837481856
0.274816098391
0.191792490743
0.310066680093
0.271096844119
0.190125147321
0.0637838115658
0.123179510564
0.272986007609
0.112102885303
0.240352415997
0.173185752383
0.159337824478
0.296203416724
0.243772893523
0.14037591777
0.241041127106
0.171278630311
0.222911482531
0.213144305514
0.260108564517
0.169177500884
0.244880520163
0.146791193587
0.131971829097
0.161790235498
0.153062780609
0.166425860478
0.142390361985
0.264227403574
0.224504998282
0.0992966341556
0.102858648506
0.132471343833
0.223772041955
0.100988257259
0.137072593853
0.121849923244
0.102408906218
0.13190035076
0.0846071495958
0.0783839093246
0.148435282906
0.154556125003
0.12186051461
0.158737236979
0.146877597505
0.299396003218
0.122086347477
0.110148256693
0.288816404771
0.146584261295
0.269104455599
0.173752236028
0.161516060376
0.251580863051
0.197547491082
0.183059081653
0.229613201424
0.096375351629
0.219143436791
0.0812948177536
0.125971280852
0.191787600408
0.0721509503139
0.124429179114
0.243019687804
0.230455837011
0.120816777303
0.239401766104
0.176798765542
0.11217208322
0.164939293478
0.199902330589
0.0828751326508
0.0910216992289
0.123401250049
0.153849524107
0.240879574365
0.161097658541
0.198074522906
0.160248069998
0.26437502109
0.202153896096
0.133118880684
0.223338737243
0.186314303964
0.0509851116906
0.081797922341
0.254025324515
0.138896446927
0.203259004758
0.170673593432
0.141848251694
0.184421105611
0.214131151617
0.112463130726
0.224513271837
0.0423509803749
0.200857051472
0.148249848363
0.203227931595
0.103732726852
0.215635462359
0.323654291935
0.291735491599
0.16368737522
0.120830408504
0.225064296331
0.248035716279
0.228114479321
0.339919041343
0.160727360372
0.176241033453
0.220270584988
0.215240670612
0.256693781902
0.0499008151461
0.229399948865
0.18513631822
0.272985834849
0.0645309317489
0.152255932318
0.34627888586
0.217322068026
0.140864741977
0.234997227446
0.221738407184
0.207182409178
0.162599711055
0.204918019817
0.177308832018
0.116924570701
0.16128879068
0.194401314766
0.109006632382
0.271486761359
0.161651239396
0.111706712942
0.123394454592
0.199042525406
0.21826239634
0.137289174736
0.261841886166
0.222317415393
0.153930828441
0.184594767442
0.226852194075
0.0977210306828
0.107352388933
0.169037066945
0.143197228752
0.155557231412
0.155766151071
0.140266098762
0.186022984925
0.0715093792535
0.17298115011
0.236417835776
0.195349732513
0.190655772006
0.179222819271
0.128511516622
0.30708208338
0.145775170117
0.260251590703
0.167040912366
0.143166679071
0.177103151637
0.166171895292
0.165840473149
0.225265800435
0.118003941651
0.100432177069
0.105081695689
0.250639852679
0.202876610374
0.296050632025
0.118339538868
0.13952667181
0.250138775183
0.225315864345
0.26201293171
0.127607128977
0.257240825467
0.168128373927
0.0735259882724
0.200152885308
0.132891904148
0.227020579109
0.158806736686
0.101847532432
0.0995453140611
0.0674805529829
0.0758927835925
0.246248876702
0.155014323316
0.0841190500716
0.250407379121
0.159095149743
0.0829156048356
0.105675253036
0.105502622647
0.13722222469
0.110361921364
0.238567432666
0.114672860908
