0.883823748007
0.816426528652
0.501734761644
0.640445469336
0.73407463679
0.500730885317
0.693648120849
0.616761985429
0.358220282582
0.483362794569
0.649554443536
0.656146357971
0.421090106109
0.448381499942
0.496393353291
0.518452129252
0.631217823329
0.42845078922
0.89919567266
0.481323512857
0.746713210988
0.642187081374
0.508742168237
0.608607764479
0.479594548311
0.624734620523
0.32698365108
0.635324007957
0.402018952725
0.470754745799
0.382199496143
0.965770217301
0.576954529692
0.641854667312
0.405009935134
0.731889451137
0.511303116226
0.708838253207
0.332210039553
0.523119573103
0.464527059324
0.69673406337
0.302763933957
0.554029939652
0.334802416835
0.641112093347
0.52302580069
0.494998137741
0.566442185145
0.497787580111
0.636194309441
0.455501809332
0.627425126598
0.429181579611
0.459378936672
0.943010582966
0.570335712417
0.304094192863
0.378833897797
0.74359260438
0.649087628143
0.503820601985
0.471810318408
0.393230460004
0.555103741306
0.606419520215
0.565486929253
0.320662840983
0.3761110621
0.849475991187
0.562255807208
0.30463056072
0.270030414168
0.551757655814
0.623362339401
0.609835346035
0.586818416594
0.415828465366
0.486755136187
0.456336152776
0.558223403817
0.635927233691
0.567990201235
0.350237591502
0.667418797859
0.76159441778
-0.0160509239297
0.523671327145
0.39488401801
0.802425080921
0.362369953014
0.641868419248
0.523539884623
0.517017965032
0.522048513578
0.344864120395
0.391954457416
0.514459541014
0.319791400386
0.536918637658
0.383225715495
0.523066139635
0.65054649186
0.258399164789
0.657450519581
0.381613065821
0.456918732447
0.342717704774
0.419210256994
0.390808965678
0.399358072054
0.628751798218
0.788269583618
0.224322988758
0.51731682975
0.436275494957
0.451447756682
0.399360026004
0.362681221377
0.645153270434
0.35964943995
0.280127987378
0.491470477211
0.503763496451
0.456448934796
0.305858478484
0.389790112296
0.445534928024
0.36328718283
0.625371187491
0.528724885771
0.331614561587
0.56098824404
0.769835135593
0.299614084805
0.380052127532
0.400675001985
0.484557028279
0.668666667645
0.480879652998
0.224139126045
0.585572658872
0.560401235613
0.249051416801
0.619947926532
0.562810125317
0.209303893752
0.552667866726
0.409563974321
0.622236976018
0.520487844186
0.340039624941
0.645506238111
0.516578865299
0.234093292034
0.291285236254
0.673908790434
0.473184890322
0.472824614191
0.547620782397
0.521755311162
0.47979317718
0.52949182506
0.469151914578
0.169259708525
0.643728389265
0.434092017746
0.710528879526
0.531507863632
0.393701502414
0.503982961272
0.552754055181
0.420202290541
0.604630123038
0.40170625457
0.656581972357
0.447330377377
0.462996118962
0.613484451432
0.714693952567
0.561775973965
0.712503977559
0.360974403936
0.484124676093
0.541420489829
0.310339780817
0.459962965461
0.472565705624
0.450839646755
0.584069543958
0.3456613565
0.0743363719456
0.388500226815
0.666726947378
0.603492215639
0.579392962155
0.312290313264
0.800878049492
0.468579602371
0.0922383730141
0.759143945568
0.113394666722
0.80525810335
0.358247181368
0.446390163012
0.58660301882
0.604748611379
0.449110932894
0.602130965264
0.418127419159
0.276310754131
0.666316717418
0.320048588819
0.424935581943
0.475763562445
0.326642768827
0.418105965116
0.31217841327
0.412573557341
0.185260782731
0.267362887682
0.437389045669
0.565056825992
0.718242220375
0.520922895934
0.311709682434
0.259627299525
0.557276428825
0.530387151278
0.538873869377
0.758742878739
0.316683872376
0.517629475386
0.54287871127
0.720490761692
0.491969874836
0.598204425371
0.394209921171
0.431607567017
0.455192648763
0.357253193575
0.540651371149
0.12927174404
0.577694226079
0.519619037023
0.361965846843
0.545862308531
0.947205425909
0.493520564257
0.561338974588
0.92473109911
0.233359879738
0.435758557766
0.354682276601
0.538619774247
0.792196917864
0.461801098676
0.476273660507
0.545365396012
0.25006396984
0.539032783162
0.433795788859
0.369055497878
0.429690718458
0.462405317623
0.455140481443
0.250413314594
0.538349361962
0.478467872906
0.269289956061
0.792106460286
0.289623504752
0.46226083464
0.293284943781
0.4442182857
0.474881404617
0.583234970609
0.382968094449
0.24659847806
0.464026749331
0.700805895841
0.541653236417
0.443526387971
0.374142073914
0.350203757116
0.491993433688
0.833241859065
0.448029194228
0.577230702752
0.688293139707
0.325214698966
0.480560371464
0.560545884887
0.386417003847
0.400578629051
0.422019781276
0.543085808599
0.478337318911
0.239751454879
0.325085785918
0.133755756332
0.730978886787
0.262719698031
0.350723758081
0.636257209807
0.347843027431
0.532478930574
0.35158314956
0.475686903
0.202781348354
0.36902130396
0.366196434853
0.411556504418
0.525782665943
0.482756424741
0.319128844377
0.559460495722
0.567496594026
0.618485820088
0.487519208364
0.420255173847
0.809594462969
0.276003139928
0.410169383289
0.472580185955
0.518514504859
0.478098302572
0.180146073645
0.496315005363
0.420328541708
0.23777102468
0.565332547847
0.544180329714
0.670323154538
0.512475915385
0.499007255594
0.207383279001
0.53536377576
0.50934044642
0.513354233655
0.458286207605
0.55112732594
0.603658230431
0.297962899691
0.352312645452
0.591004778268
0.504743661099
0.253321019017
0.445625353354
0.265169156774
0.38122840206
0.48110029415
0.269742443896
0.55076416209
0.157741102345
0.595610282082
0.525230507993
0.506038651898
0.322825535251
0.48394344753
0.414014814076
0.473457036901
0.322061289322
0.410851183237
0.397253864987
0.500330127534
0.372185724166
0.525317160788
0.590588314065
0.397004351796
0.412372283806
0.404852378116
0.515318446567
0.424691821525
0.452622955903
0.185381521949
0.448123484172
0.319950871796
0.585123905423
0.576340210309
0.703035499974
0.862178965388
0.333221675223
0.399605721653
0.896442628724
0.462127728454
0.423578964095
0.389766686582
0.380087643828
0.380840316152
0.671297907648
0.386936553958
0.341187438444
0.334051875741
0.110967795129
0.6225222186
0.332729976137
0.434957512954
0.239660303653
0.353842526957
0.777924669753
0.4888194485
0.28402582906
0.465646289416
0.212391556772
0.359179566584
0.443336519442
0.365222354881
0.437735720621
0.509358853514
0.596970885642
0.569119296775
0.373290723069
0.380750633564
0.385153226021
0.25918744304
0.405919558787
0.519268821616
0.283730410908
0.449199547995
0.416612359765
0.469429707846
0.427952155977
0.446430208927
0.603481816029
0.605036529942
0.109615900981
0.340826594376
0.620678975841
0.233612941158
0.311738340005
0.673944303185
0.545168029053
0.457136784097
0.193031199987
0.335972265393
0.32393583125
0.608173698843
0.55380804526
0.339826649868
0.548334494509
0.207887652106
0.439542636429
0.571349187333
0.611384004624
0.539002341549
0.386821240537
0.312721474121
0.338489997956
0.640473977298
0.270863241964
0.436579659791
0.508814473593
0.310661656377
0.397248145803
0.431413517783
0.776508583249
0.265349677491
0.468463817051
0.579312414653
0.597709163248
0.433420946381
0.646289126877
0.52345588884
0.41145715882
0.397784667907
0.629523011626
0.417437806502
0.47464082536
0.445999983201
0.190226542935
0.314997056293
0.693081467352
0.530306426845
0.420871130336
0.267128974057
0.504060114284
0.52943282197
0.297005591247
0.61618697798
0.552969310262
0.39487732567
0.378211295178
0.326370063659
0.385789562027
0.332600408416
0.625272619594
0.549731729112
0.529685255303
0.384058279738
0.714619181171
0.391431368405
0.401982756368
0.264041654319
0.313555344198
0.513047329992
0.437950347038
0.328482074944
0.359829801807
0.334451875723
0.317478271248
0.693702945157
0.876134499014
0.348820869134
0.485614960908
0.421547110426
0.196013730741
0.320689605229
0.39686449597
0.188058575201
0.505738010541
0.566727043742
0.411807134122
0.519462441982
0.838710368205
0.449209606035
0.350163164856
0.304936457822
0.568907342722
0.459206018365
0.517241457357
0.672384103057
0.733912356825
0.41163258947
0.269327527202
0.456988212597
0.580548957734
0.265437479026
0.655205846818
0.1251913034
0.133384096296
0.426101722073
0.47399697433
0.562194399874
0.425584203651
0.539083239972
0.686637338943
0.486192693459
0.57721812519
0.522608962143
0.737482365187
0.311647504864
0.40965921615
0.352460235139
0.508551355404
0.642875971435
0.339100536082
0.292806167599
0.325879476918
0.472174953378
0.422041653363
0.652088670437
0.451706978364
0.377919579593
0.414817031255
0.340413657882
0.474589991317
0.338212924633
0.75117881378
0.549021484088
0.287779472332
0.522172711451
0.278120067995
0.14791617585
0.546264138395
0.463933133352
0.282240774201
0.384338020924
0.507989471439
0.306873733719
0.673987243178
0.330799586087
0.491314957851
0.43526597987
0.503059696948
0.688071113284
0.440217979494
0.311217635955
0.424630517882
0.436265144817
0.329296491689
0.512732116279
0.368409401416
0.433093114822
0.568487639982
0.519937923437
0.402821576981
0.375727986828
0.28510452311
0.388043079716
0.551059106554
0.395746433502
0.410161875415
0.405491268326
0.302564079485
0.224569093046
0.538352482129
0.385774741644
0.591361650165
0.278496130335
0.429544305274
0.546630136069
0.75354758866
0.408070992616
0.566532306549
0.50016303004
0.313668035742
0.423034776634
0.5175662787
0.440245839824
0.53325951018
0.118776384685
0.298186404063
0.340437809906
0.689136560824
0.47868989043
0.502132479757
0.554882784665
0.510941372435
0.414697859498
0.390789094044
0.00356495074876
0.346223426739
0.449349546287
0.309452732745
0.692060639482
0.549156747311
0.434583242761
0.571894113386
0.536448994832
0.0252251306282
0.339435297535
0.462168971826
0.595955052214
0.196550894803
0.510725983431
0.569424631682
0.479843915675
0.538573334569
0.462486107883
0.434289274504
0.369512094218
0.445345759314
0.728711779488
0.206039214605
0.729417426357
0.228989903496
0.334060296063
0.253433820755
0.102326975965
0.391430705362
0.465268547349
0.480468811113
0.245784921541
0.347268757584
0.632291056842
0.68788436523
0.780979132782
0.524674350205
0.380233643026
0.491737081379
0.328862950048
0.388896642086
0.459677874469
0.528856217426
0.401216413646
0.0967386756278
0.275686986183
0.52330377751
0.426969849131
0.303137517145
0.486624623655
0.526728836811
0.258100151372
0.345373233757
0.365591850183
0.348921519972
0.382326043892
0.505334147001
0.352453298937
0.171042778041
0.468655554309
0.0975851301927
0.404364946514
0.342067368384
0.557151305893
0.600844852652
0.557667088042
0.389561236814
0.295079192282
0.341200769404
0.391181699516
0.295270988452
0.559534593333
0.570909535312
0.369166476389
0.387300042203
0.409816263363
0.202195664324
0.392261503825
0.223988407226
0.6789706713
0.43869916983
0.0565157896268
0.345483295084
0.425073938746
0.405259958025
0.441088725242
0.25061544715
0.4393142533
0.348935319974
0.310664596041
0.377720707688
0.748426137632
0.432024630564
0.551080386811
0.543139220356
0.486196312212
0.381653664227
0.45395913318
0.325775446924
0.487888546004
0.463388487024
0.233021564516
0.397914485347
0.477020577635
0.396337299654
0.190362209663
-0.0428348510413
0.548997168966
0.242339486771
0.607637535467
0.436709466707
0.346143810795
0.339526463054
0.477125457803
0.329781760375
0.462234560017
0.75672779352
0.493649346611
0.269209947939
0.693537594181
0.369988749943
0.651918078226
0.316681479151
0.366330759723
0.129568742301
0.186355127513
0.448871644506
0.085448359843
0.500931660747
0.446712800351
0.502991991733
0.408388866432
0.367976248555
0.385573934785
0.633204696005
0.187381880653
0.320678112129
0.487008261667
0.314590936358
0.507682309778
0.258756900667
0.315542491573
0.335136042516
0.530792392896
0.215511157739
0.380406608815
0.596314654589
0.373524207111
0.339514029929
0.445431654834
0.319136465809
0.555104179284
0.412450321345
0.192542448268
0.384569497864
0.230919048629
0.473487631577
0.289164214588
0.595872376376
0.442739156656
0.308838378055
0.203473197799
0.166070746933
0.281372135949
0.647725988967
0.310727758298
0.480101787358
0.652066704756
0.408644615793
0.464258078933
0.305685488506
0.444779617127
0.372376717401
0.428836089827
0.825767153075
0.520028755651
0.447913565352
0.593444980153
0.177518872527
0.530524581391
0.52921447354
0.323144788039
0.37381444388
0.674559241108
0.327552936842
0.643892759165
0.376329086545
0.0689472249416
0.281395088731
0.305397570999
0.451216335817
0.23874716311
0.282926095266
0.283552531737
0.317417474409
0.287765932609
0.44116528657
0.343127271777
0.395884609767
0.562118185986
0.308142841293
0.316181822666
0.531310774646
0.321512011089
0.112015654172
0.207355783592
0.382907940229
0.37316369739
0.417044233235
0.322952900179
0.504935461471
0.2626044933
0.209049887773
0.298992791277
0.375147941603
0.403137850191
0.0525824289671
0.316900546248
0.30828253974
0.362183908167
0.478144611828
0.682102079621
0.161624019649
0.194878832121
0.304526784253
0.461020211939
0.359938753322
0.407015674256
0.171841884985
0.343916488889
0.338113906756
0.0596053606027
0.32196444015
0.515727937549
0.234982847066
0.629700891823
0.204933092773
0.419504821276
0.635731462207
0.858071343981
0.303912886732
0.225666509541
0.4843004299
0.640766643183
0.302730938608
0.341963234525
0.504087238352
0.487747273573
0.319112551476
0.412508933035
0.407447151483
0.342711692996
0.511495824187
0.241675725974
0.204994816587
0.244649240641
0.367418949662
0.405035789142
0.330636960395
0.406554793183
0.370213546949
0.532808922898
0.316602035196
0.373698058773
0.407279003803
0.262480743908
0.473347022485
0.580925739789
0.405831677814
0.260531432025
0.43199807228
0.340794338173
0.34288808434
0.276125166326
0.662177779091
0.294862195257
0.351787753538
0.442588250926
0.238843983749
0.239374362974
0.358502462786
0.316183384036
0.490253459082
0.468528389219
0.168981011347
0.481990282649
0.463151779461
0.255213228752
0.217489955558
0.364356539135
0.413031500004
0.246606096723
0.481668295966
0.359594901447
0.335613088465
0.292939534882
0.519154120664
0.307713129118
0.523302178397
0.431876582219
0.413061578223
0.292371435482
0.295955604941
0.550586167175
0.282346228901
0.315134522008
0.46118736874
0.616954157903
0.408154424157
0.564965355662
0.686626817352
0.499162127335
0.51053668697
0.402122920309
0.69467612727
0.520889477721
0.294749644677
0.340654065389
0.421089048357
0.30641602396
0.617879014607
0.115378804509
0.357995063642
0.310266661442
0.403872207596
0.375160501042
0.530536077832
0.392379676255
0.350099631127
0.501927702398
0.267800959527
0.361234625047
0.346186096884
0.381242180671
0.445057924676
0.630301324882
0.503442033128
0.466544764565
0.673134580728
0.474623206086
0.485605948194
0.306077335229
0.561000613593
0.425701108711
0.423390526054
0.278922678055
0.341115091456
0.363323438034
0.573809069189
0.298309475856
0.520640339547
0.625635177141
0.419162559218
0.128675857912
0.390065735225
0.349284493649
0.464856783691
0.36234480284
0.421701765974
0.305079908834
0.355602617088
0.443584186944
0.588422953565
0.557846342886
0.30628582208
0.44792086909
0.54359165128
0.135594143149
0.536121400549
0.603791603841
0.256230798679
0.305024063854
0.274506571486
0.318347555282
0.443947487519
0.467603132628
0.355993013155
0.0698978184649
0.337393464605
0.252074797224
0.289350618289
0.331079502182
0.281984953353
0.197581725907
0.476987648784
0.320643325895
0.120124631907
0.286264724982
0.322613129697
0.138335897375
0.258340587859
0.329436028258
0.507445360098
0.328259933177
0.641899580005
0.231023926754
0.0840801522704
0.314667487331
0.508478892301
0.434877189801
0.0373704549184
0.332814114367
0.384222722625
0.270719143313
0.467198988834
0.200107406121
0.312545609653
0.476688080146
0.219517594989
0.297189313923
0.344118330264
0.411645807887
0.364470963878
0.678173200519
0.358001563711
0.48258807796
0.265095203539
0.78885035059
0.195874927196
0.350231078367
0.429294888706
0.318437988427
0.571287128148
0.293233241423
0.522479247134
0.271540411407
0.603801423738
0.352768251595
0.471169415751
0.35919464024
0.131742493786
0.265748307098
0.500284081457
0.261402339023
0.132225713477
0.212797127577
0.230101844665
0.258970190838
-0.119533563329
0.426590831851
0.623053685101
0.328563777264
0.55094932242
0.472025294117
0.302939925117
0.248840939466
0.566810984089
0.456184395578
0.318794337533
0.492695343027
0.375083825474
0.415899749792
0.487327337274
0.228400032797
0.134917813287
0.0808588724441
0.268804356701
0.113067692899
0.309957323859
0.55247238951
0.581455280481
0.14443711582
0.449876941572
0.356042868273
0.311688957281
0.429755422625
0.441398401883
0.240487699286
0.0902403689542
0.227570665541
0.450029439994
0.440030649841
0.553785169375
0.186706828389
0.334323328727
0.227195448417
0.121374820684
0.231073790985
0.221897859689
0.288850386985
0.0925053233462
0.44161991562
0.387647893912
0.650145324255
0.529481768047
0.207160136661
0.380684363926
0.59158947628
0.135244643965
0.652708452782
0.331585613483
0.539816277559
0.375210532891
0.423964198699
0.491229896747
0.460425717808
0.364726880513
0.180330068908
0.218527966616
0.343566624033
0.202064993728
0.0893928638437
0.450366979342
0.523574677048
0.39025598052
0.256797459457
0.414829122248
0.159276987664
-0.0395244127519
0.490504609813
0.453413888217
0.350061366471
0.313412297264
0.224315654448
0.309214122994
0.423251108172
0.154322294176
0.399589295219
0.665215916466
0.373557582495
0.490472290751
0.328645120085
0.426999198138
0.445900834845
0.332252495246
0.463256018691
0.270372587648
0.569246547435
0.455470340597
0.374415008234
0.36822542388
0.231305773811
0.269797546879
0.109363128402
0.399970153948
0.427940849004
0.576919712154
0.189046916609
0.576525430998
0.477706886997
0.338207977475
0.277256878488
0.424313478071
0.481315679235
0.375442263937
0.462450307692
0.213714558686
0.21523618407
0.224430516299
0.442396689768
0.442140758898
0.284896309244
0.256411808741
0.511096366329
0.386512179002
0.323162505147
0.280679649674
0.0624935683795
0.453248522799
0.528171314623
0.425907010821
0.47916514598
0.522782304616
0.531855519459
0.534328324919
0.352164125091
0.475028924873
0.326184165316
0.167598547857
0.544406522331
0.317976252512
0.24901682359
0.182829254676
0.415349821937
0.274735733883
0.461997158278
0.533207516891
0.320732581681
0.411968583869
0.545716042767
0.346572504829
0.248293064633
0.408263070294
-0.041708047061
0.0508579913138
0.195282350395
0.279517884138
0.0489121064336
0.391493597088
0.618520754344
0.275252669465
0.607120744929
0.480187492656
0.352277765088
0.438828656573
0.487137302738
0.407295133623
0.328537310507
0.185326152931
0.591839065265
0.329729340251
0.309100208184
0.183466446809
0.390550153355
0.114217213627
0.47550473109
0.279297735256
0.217417191095
0.345407241445
0.199224627893
0.454498873269
0.148701352209
0.270366524744
0.286761124946
0.427673244952
0.22926675696
0.376494166718
0.261360616572
0.457724517748
0.304585860656
0.3424362315
0.390426708984
0.337371792459
0.293663104659
0.606037060649
0.227961988427
0.324640302069
0.444636124663
0.381951806085
0.211046951326
0.18848757912
0.546950544243
0.495558266371
0.298547214815
0.53823770664
0.212467352
0.336968993351
0.2241013448
0.448707863387
0.170295763325
0.162359085307
0.15925185846
0.512829553324
0.502551547108
0.164464410021
0.346206804916
0.194795547067
0.455925279981
0.223829471453
0.252812156483
0.195688470721
0.0869178294268
0.328417003673
0.554508459149
0.434851589803
0.25077568825
0.318794733721
0.362594741592
0.495523053375
0.432555732613
0.384868073831
0.345528685649
0.4734805592
0.411970510854
0.0216145546429
0.2517954302
0.218713167212
0.244603056902
0.279209638042
0.565207817848
0.222483605568
0.598232085681
0.0745016909029
0.492337253658
0.234185398096
0.255337568979
0.447602736663
0.255165444439
0.510948014014
0.463037947209
0.485424769852
0.405034999695
0.374408861503
0.45065688812
0.45599895187
0.319053264112
0.376512740409
0.219869340742
0.480211657019
0.21707284063
0.325266689549
0.455672443304
0.228426377896
0.253130762089
0.267714621201
0.212467099814
0.344553103648
0.162441731161
0.421619966335
0.383513322642
0.472820042875
0.345984598554
0.527904891216
0.327959801438
-0.13790533261
0.576078063755
0.507824309846
0.281575189696
0.114367842727
0.410119480144
0.33270291914
0.337964164864
0.266943187272
0.530052434865
0.0223507743144
0.429806413302
0.324492214034
0.358663187388
0.462699555638
0.35001737121
0.177927606941
0.560225478868
0.457521301517
0.390633786852
0.342759508797
0.253276072931
0.489823692303
0.25435299559
0.284627567724
0.198005970663
0.23913552695
0.393785758124
0.358413345546
0.547986202992
0.307014057146
0.32313225277
0.25124091304
0.324747465891
0.470356903374
0.0258018338769
0.305387773124
0.0219965440873
0.293665715776
0.251955797417
0.14623813647
0.285445818532
0.508533713933
0.171234622439
0.383753141554
0.247725125962
0.229049677921
0.0793285437277
0.416084370078
0.525538770819
0.181196514404
0.385542446505
0.23899517479
-0.0687171186594
0.389105544601
0.21244397231
0.0799152154982
0.489177960302
0.340533392146
0.34727980849
0.574284591452
0.261146028562
0.276037413757
0.340691439236
0.377051721715
0.561428644407
0.539985048414
0.452123838916
0.321751670282
0.281346571498
0.111627275533
0.317558359113
0.00161350118472
0.538955095607
0.358051314661
0.404266799276
0.231251462453
0.385909443604
0.334964615578
0.336118413136
0.241162803936
0.261366415078
0.281232863046
0.455737695458
0.250998162343
0.364953771392
0.381979007367
0.230018508835
0.372563075208
0.288861725989
0.33560270959
0.461873598354
0.201061788088
0.47437348046
0.218592270735
0.290338323557
0.247595027254
0.208568408799
0.313677251941
0.230609823441
0.0499327275167
0.157781433901
0.198854900359
0.336752698484
0.378618301024
0.209947812532
0.518925987481
0.496829593583
0.443382296482
0.401649253754
0.123368479779
0.504185966
0.20746221577
0.283986266493
-0.0452872234965
0.220023019664
0.243943030992
0.193182847596
0.199417462723
0.239839540677
0.576681902801
0.336802842136
-0.0791975689605
0.22428662981
0.479751559153
0.240121321144
0.586483617889
0.418170933768
0.352507216017
0.21340431719
0.263378240058
0.355244030404
0.249799108263
0.143367440922
0.267080042734
0.285563381826
0.0986051498803
0.328484817902
0.216487592356
0.231230905322
0.244071358339
0.288656187031
0.301117866673
0.353422116099
0.323005181341
0.507992535514
0.337738740798
0.294540003941
0.412885042901
0.451416244269
0.199309805354
0.358403493488
0.149350990468
0.381254327487
0.504613190681
0.343946022474
0.495986815347
0.0699375955222
0.350420063169
0.158885450506
0.275318998515
0.0300289705829
0.251335430395
0.345050429977
0.467502823677
0.127848319536
0.167334138812
0.213630670179
0.219314118125
0.348157274189
0.230462563878
0.289983046947
0.254864066982
0.118532778019
0.239882253099
0.171929743914
0.195236542723
0.42093842012
0.422610672906
0.429144140563
0.436882563654
0.549612388934
0.213890904245
0.303522397616
0.0513948418672
0.347952529408
0.409922103098
0.418699411989
0.252912119897
0.293407230388
0.117532944056
0.147634834603
0.154596009817
0.267171758316
0.242391228939
0.207716885652
0.505232763458
0.273750808386
0.256869663695
0.248695564437
0.110019325776
0.553152589283
0.581975437732
0.121974397686
0.578625920081
0.448245497589
0.274074851382
0.396416222319
0.378795296967
0.109590756842
0.474361833183
0.466441727911
0.596756870774
0.300114429256
0.519065597216
0.184629711517
0.409525973832
0.344612803357
0.0976576913623
0.41994156074
0.444646112686
0.38622958998
0.0308821106554
0.0572677648238
0.0889980135179
0.282907361735
0.353775128925
0.15649760399
0.41902881117
0.230334865095
0.299247623371
0.21045418596
0.299863724905
0.403716459495
0.0660854740497
0.161803437843
0.205335635006
0.294322409582
0.312177576297
0.593078326088
0.305568084808
0.279141882483
0.188004621394
0.3744371321
0.354723873522
0.248271037612
0.469629437779
0.109714670228
0.107478360644
0.50518621931
0.489615719401
0.396094179413
0.223290272899
0.278386501113
0.282313940665
0.0642874165162
0.325078687787
0.337666482913
0.303056016234
0.357552193745
-0.117905195845
0.0854123940795
0.496580207691
0.49787875305
0.260696202078
0.241838524449
0.295001280537
0.373948559467
0.355380439658
0.205921038741
0.191179470018
0.0903892809796
0.288050652625
0.382695616438
0.516658236803
0.04842703935
0.493846648605
0.388149157279
0.229999596709
0.503989634611
0.532302087891
0.194277122665
0.118476084449
0.175309077611
0.431164798175
0.432510430528
0.127612392716
0.133391157411
0.198406336263
0.404580751147
0.322608780984
0.289182417738
0.287247444909
0.214854210982
0.397280686577
0.397191885302
0.274035383229
0.471256564783
0.402551095358
0.373186667298
0.282535620541
0.262128850495
0.42348389152
0.208186977563
0.138865878771
0.617138661665
0.303246041742
0.408699099029
0.130735098777
0.176509070122
0.350772056798
0.213630574731
0.161954084996
0.146180837312
0.174229898596
0.400840101337
0.205773140956
0.275172577097
0.109640525019
0.39990401442
-0.0832009407878
0.204282823135
0.383006622077
0.125735477788
-0.0272538582699
0.492638962311
0.157146274402
0.298710239246
0.207068778407
0.459582061646
0.450340234341
0.43203881662
0.0648164510108
0.193055121887
0.211617946902
0.138895930348
0.0434107394879
0.297973921134
0.29086731197
0.30602753416
0.20182100707
0.251192528892
0.188616240507
0.20241109467
0.255559558184
-0.0777258029473
0.177536072695
0.139878767223
0.461393309766
0.125007820016
0.192618124226
0.71173178622
-0.0401009388482
0.303435577227
0.0489542391948
0.341640736497
0.340505660757
-0.0588376824104
0.329176067729
0.255756978831
0.321936367561
0.159846477591
0.0505529827392
0.345337778574
0.0910160785539
0.127300590765
0.331845789122
0.371703458305
0.48926180044
0.310466288464
0.486813394497
0.311724978517
0.466167187439
0.397303275778
0.186086342612
0.445623688157
0.374780475561
0.499068126279
0.339182449322
0.464739264572
0.388512378114
0.020274680972
0.178537015233
0.41670901217
0.102810141148
0.479674593487
0.099520455373
0.167217070633
-0.125132429281
0.383366013493
0.122939620907
0.259893635266
0.230268673197
0.322287930263
0.181653973159
0.0855198296938
0.263689882342
0.407804266272
0.36100915333
0.350154750314
0.362877365103
0.285619952232
0.14427932173
0.253820818019
0.131264674638
0.407197214221
0.126243596953
0.123926776076
0.496282404333
0.47320170092
0.384656931495
0.419383647253
0.300753318924
0.312783275179
0.444935691683
0.148951163644
0.269169397718
0.308662178945
0.0735888345393
0.150054400273
0.11582613598
0.435798318542
0.207965865851
0.459934129182
0.405961450028
0.347958188718
0.218199198629
0.221643137012
0.260077558419
0.457091686212
0.052245708547
0.103423804313
0.199374462116
0.0864861850194
0.193385819128
0.429903269386
0.261558119108
-0.0615966206227
-0.00925889839494
0.440220849537
0.37618452183
0.439203417342
0.283523631732
0.186517801742
0.286602301942
0.292350020752
0.3873514652
0.315278493906
0.14338602445
0.284105544674
0.242316413458
0.445434273748
0.238408899951
0.228900514166
-0.149002545464
0.302712634981
0.397041922766
-0.0886531153875
0.120138981277
0.390405696159
0.237598024518
0.118667722271
0.149099167618
0.323243085053
0.1139379643
0.0220300626591
0.254587618136
0.114754740542
0.344775920584
0.319940550049
0.104259070425
0.328193277901
0.121729357455
0.159747482187
0.542875361515
-0.0394498730586
0.127036092572
0.0202274635533
0.260807004973
0.376111161823
0.128363070593
0.377131584292
0.408207782471
0.119329966839
0.25944350607
0.253364408782
0.253586065654
0.0170635290821
0.0648165621334
0.679047815641
0.291163306864
0.43598816946
-0.0771072917382
0.2489750512
0.00721853823042
0.488611564202
0.252182745496
0.318311146169
0.0155311228844
0.305916328053
0.478154604972
0.331897552278
0.300653297116
0.1642973549
0.267101233995
0.14771824008
0.321899504866
0.262725306426
0.489540806372
0.202346413119
0.327524031893
0.108740195212
0.149264580281
0.113614862872
0.293615937121
0.536778047006
0.0450845630897
0.194821797671
0.487289335333
0.199183966057
0.227654114261
0.06824603116
0.368507117589
0.0458668166383
0.257159839139
0.167229067323
0.00423575157218
0.383959304559
0.426996410692
0.159218558121
0.282793629484
0.155030985984
0.264864914437
0.0227228215717
0.100365390664
0.222301154118
-0.0007391997677
0.065784742346
0.18372674615
0.202675194823
0.156253045002
0.0964846641691
0.236981681872
0.13445239401
0.0347131137765
0.0208545215664
0.274420753377
0.444650854448
0.207931091803
0.484817986484
0.115820254278
-0.054234909562
0.194399930072
0.228292639482
0.255826382519
0.233337939684
0.217830410775
0.292215983236
-0.0365986692025
0.308606025275
0.256472354518
0.368896719476
0.329807987395
0.367622587654
0.312546854043
0.23303038738
0.0942235429765
0.285197699539
0.227579800457
0.241500105105
0.309320787227
0.169765116681
0.293753704092
0.216855170659
0.426225196806
0.275800118088
0.527665562971
0.421219099953
0.307806811543
0.256986505263
0.310453202406
0.403146506172
0.169653976942
0.224238473354
0.480883707867
0.0260867397932
0.530178568717
0.123837785086
0.0464298246477
0.0734209746292
0.14128361
0.285968166216
0.32957885642
0.178611331401
0.236521593536
0.155082640803
0.227469987669
0.2204011524
0.00857125667869
0.378658733025
0.366124673758
0.166398407868
0.411389877657
0.0681764855431
0.128386764325
0.327985356687
0.312759622386
0.242389767688
-0.117077699544
0.328836899044
0.280447694502
0.120667737052
0.0107307409344
0.179059184678
0.162908493734
-0.0958683532972
0.555742380393
0.409713615526
0.409837111054
0.214399699649
0.268945005039
0.251856274285
0.214855725582
0.302598374823
0.419902957594
0.306011092927
0.143726368692
0.159140561327
0.210995835612
0.241154155758
0.0494120015923
0.451015547702
0.200330327227
0.188205567864
0.0356028990751
0.109268307356
0.341782816937
0.247053424211
0.132324270387
0.389612249463
0.25442765838
0.173772685149
0.107976415581
0.0666478105671
0.0878562610763
0.165965533285
-0.0140669602919
0.368381680658
0.0197418608007
0.413241712368
0.231603282039
0.211760514555
0.176353088094
0.0974227148413
0.15026448946
0.236382843606
0.0889069147107
0.436191272537
0.334226706283
0.398534495194
0.106404107329
0.0558859767865
0.551332991465
0.190194024841
0.0550293874816
0.461837492034
0.140178065908
0.225017922198
-0.115664561625
0.269858944425
0.0308969443534
0.214892081329
0.282786237862
0.24989162609
0.339746316956
0.202266024049
0.0972334991378
0.339350199249
0.00763724391259
0.209230582302
0.0699700290007
0.167464628502
0.121793247293
0.415110939057
0.146658547948
0.211050527258
0.261829647323
0.28166153821
0.655552235108
-0.0216612486966
0.222851517972
-0.072283584893
0.209787032477
0.290855007436
0.325796687194
-0.0578861223091
-0.0569956989729
0.259623257425
0.199954354787
0.220161420266
0.0311763346544
0.252491302692
0.0449735032956
0.0999907600305
0.200654693915
0.111535217798
0.107201946323
0.112476039112
0.239059924987
0.285264519805
0.258022352555
0.0274629112134
0.174877415089
0.215957975685
0.154305765387
0.457159284223
0.272915399092
0.223697873145
0.150743901038
0.0823423416043
0.224032711169
0.0542741259336
0.244996701974
0.114923539005
0.371794574599
-0.0791811316269
0.0641292433652
0.0935264477871
0.259065092641
0.0173187461577
0.13600289055
0.301893031386
-0.0059189396935
0.207313167163
-0.0860167299726
0.0389460120654
0.135145407295
0.376792282063
0.337975391383
0.0750604231317
0.16463512734
0.185056765039
0.315872094616
0.104228168985
0.142309590916
0.00454272233626
0.018236728383
0.323575917902
0.157903811626
0.168765678279
0.180133739672
0.43101423923
0.0148397506416
-0.0119024161404
0.302334937916
0.170408676886
0.359576039774
0.297839088036
0.132251675548
0.398642088199
0.162937407667
0.334003816768
0.204398412395
0.320453210267
0.0555168576664
-0.130091659135
0.132510964817
0.144733583629
-0.00302355498053
0.504630583543
0.155154304547
0.0676767662333
-0.00500225345617
0.046076352167
0.376506613583
0.162143202865
0.129303068398
0.372330491568
0.123767240115
0.0648898703858
0.319118670068
0.204543564692
0.28275253946
0.108591816999
0.281395825649
0.0765070234307
-0.143483986021
0.235288865945
0.286376344269
-0.0224024503163
0.057896350434
0.150210697741
0.261082577315
0.0671984273688
0.37948772585
0.256071426695
0.137317325404
0.411701417327
0.03637524625
0.0317836704221
-0.0804837186558
0.239699612975
0.416692639498
0.160443927184
0.0827698393895
0.215351668025
0.278262415942
-0.0788549714076
0.311218040765
0.418514297458
0.328826679757
0.253118182604
0.0564835038218
0.048241537792
0.0286294055839
0.29251617262
0.412736030011
0.178806098185
0.238282066569
0.120770724357
0.046466525293
0.288625885439
0.112012793422
0.159563072978
0.198400995666
0.411560507198
0.137179175443
0.0379731424751
0.0621922149449
0.393226889303
0.115521762059
0.197173171284
-0.00210873871006
-0.0120549434195
0.179027215482
0.21194854228
0.035420643437
0.178503780296
0.00537426013278
0.0542402227446
0.117354883211
0.245560651505
0.223066912651
0.201741435019
0.20222092344
0.223596029838
0.323035371059
0.0606316902652
0.233084887437
0.0702917231551
0.0290385060055
0.267080441344
0.180396494406
0.11842417332
-0.0136249819295
-0.0483311607349
-0.0249337423733
0.15712639431
0.56612297577
0.343288728925
0.0805388124504
0.0709064738493
0.145272085826
-0.0369061563861
0.138894767315
0.248172523385
0.248977358857
0.0911128927336
0.269412228991
0.390746413126
-0.0978807302042
0.268471291957
-0.0820441368606
0.0513688114341
0.0237779729387
0.190112770781
-0.110816951824
-0.0199850213103
0.0753273977818
0.100249060607
0.201934320025
0.127486823708
0.241924964502
0.160739458068
0.111530144624
-0.0733804961202
0.641493808267
0.137925211283
0.0924336086178
0.0851451882331
0.357753629091
0.313094008455
0.103266499211
0.0776954524245
0.140072372935
-0.017635287436
-0.0939621353083
-0.000870945750001
0.174314830232
0.0102424240864
0.155607809283
0.215462436749
0.184035186355
0.352348953731
-0.0956359235029
0.315650329952
0.0685821044677
-0.144281268746
0.114381693952
0.0619145972584
0.470759400961
-0.0303879485776
0.190833015082
0.320764521092
0.0269830040481
0.0494758221687
0.0346195195477
0.201871882457
0.241273469422
0.0678577818199
0.135300647353
0.086738526825
0.23339851043
0.142746172485
0.098222383119
0.197543765524
0.224544142984
-0.117231879657
0.190268707024
0.334866510316
0.118565771644
-0.0330575433942
-0.118364425719
0.190748515157
0.128667485167
0.142023790622
0.266183576623
0.178371638662
0.025870269254
0.24870282468
0.177560869416
-0.151610316821
0.0847004861021
-0.179115753609
-0.0561154965142
0.240558448323
0.0292153265705
0.0622117196923
0.232319802002
0.513095945644
0.308606741353
0.170718106317
0.226654040144
0.0993689550826
0.148483723199
0.0917055904848
0.48485428456
0.149090783422
-0.0528467464843
0.269529341746
-0.0163812369638
0.0965447990212
0.0390500424744
0.0524795813814
0.233743302422
0.145209111137
0.204214677357
-0.0694564942556
0.167371812301
0.130081867648
0.532963162084
0.0392827584577
0.192897808498
-0.0212805485173
0.147696671047
0.128059757929
0.285188841864
0.155407282345
0.19333341081
0.149925006491
0.16387520471
0.142088965026
0.386080402345
0.26333389078
0.316065308099
-0.109202333138
0.23181267915
0.167380528113
0.199491671804
0.220205788278
0.213799425206
0.154743990991
0.169026477045
-0.0212297107562
0.102149774712
-0.0471312852591
-0.0879683435005
0.0442249741017
0.102235275362
0.289799604075
0.39128150446
0.0112668072619
0.0515032100353
0.151894249531
-0.0897496528062
0.20510374749
0.189465191445
-0.0485295586295
0.159155555304
0.124212002288
0.2548797175
0.335060547264
0.331009218518
0.187579808243
0.125873055575
0.536954437211
0.165270031946
0.102441290042
0.209815656807
0.00846613745385
0.0903166242129
0.134423226469
-0.103982629716
0.151410577067
-0.134806841808
0.300641282959
-0.02117606019
0.247188423322
0.0768656330576
0.0233661865926
0.354801971055
-0.0603642448309
0.0285847762273
0.035822122406
0.150825247673
0.185105326515
0.195875346488
0.193609399454
0.162334173307
0.12555126446
0.231357294101
0.000913263315472
0.0959478764031
0.197959518343
0.187535458344
0.068376774428
0.00613621617643
0.374054236328
0.207964102466
-0.0580340484758
0.0981508504223
0.114972061664
0.210166357595
0.323382053167
-0.068009353122
0.159569023668
0.240849062674
0.334423742347
-0.0592182142072
0.070569285264
0.129266862675
0.177697838602
0.0208041441436
0.209332983749
0.201673319839
0.156717082043
0.0742164143762
0.0447809404562
-0.121090414514
-0.0563859083254
0.168212998513
0.346348255042
0.0820470012698
0.0841848047866
0.000883914332978
0.162146024046
0.143849018153
0.217937676783
0.00537198264431
0.106101322653
0.0407168986731
-0.0937587535343
0.292593387449
0.105558375767
0.0995661970793
0.180329205055
0.0598959122892
0.19597671135
0.171521834502
0.105906584569
0.276211045965
0.147183245803
-0.00795217266832
0.264065625917
0.155244821379
0.0659481804868
0.210663981411
0.0744548555639
0.291495664771
0.158226007368
0.317879524827
0.167129707598
0.0169908772487
0.136523513411
0.280436427165
0.0635979486528
0.00821351899584
-0.0188737820304
0.148856571055
-0.110033040014
-0.0332890384137
0.227104760697
-0.0238585174316
-0.074485703714
-0.0250552480376
0.30737457562
0.104893444136
0.043341273361
0.106682952606
0.0185389435994
-0.0288799441225
-0.13552342291
0.158996990091
0.182318691235
0.0902234618618
-0.108629532269
0.168854148718
0.206726698954
0.108004148419
0.026685617125
0.00431739648302
0.056845359002
0.0516539110107
0.0928182879504
0.184230090896
0.057873078899
0.173557980287
0.00352699412062
0.189456442508
-0.0738316365232
0.229835509569
0.120238503691
0.0914389624563
0.00550027706555
0.0871891762063
0.112823108119
-0.00554118507489
0.159313817013
0.0993698360937
0.171789985709
0.201309792518
0.0961789743549
0.149098053647
-0.0233227957222
0.270448356781
0.0832334582317
0.0117007454789
-0.025929512449
0.215762844118
0.193488852918
0.00837474421438
-4.48445267598e-05
0.029960073214
0.14248708183
0.53126300408
-0.0770791906267
-0.0296025115734
0.316640261322
-0.0896113762537
0.0139037836757
0.0220286319423
0.125473315147
0.266027382877
0.192873580966
0.133405927128
0.252368753947
0.32994726258
-0.0405422987263
0.373020833216
0.112384990164
0.447933935905
-0.0613475279052
-0.0814033879293
0.00284259635152
0.432715022241
0.180326829377
0.248195844363
0.198700904906
0.5772183291
0.252270526227
0.0671013672365
0.091398411776
-0.0713414136995
0.384132441489
0.0437785410753
-0.0292719156422
0.0577348134393
-0.0402169759549
0.171580106121
0.157056148332
0.00598500855306
0.412381709479
0.0554487987732
0.167531403127
-0.0504111893957
0.0733189700166
0.142345070678
0.112000072658
0.0396875257679
0.0430549535469
0.178156597118
0.112263714583
-0.199533133169
0.110742228594
-0.0713063910267
-0.0736542330826
0.00451497417974
-0.00463412831629
0.0648932637276
0.148048760623
0.0862122402645
0.217216800954
0.00778527381434
0.368672296291
0.112687474202
0.30603658882
-0.00481465716653
-0.0186653090538
0.196501151546
0.193298458295
0.0954100401764
0.117042264538
0.0216631991864
0.0239021359138
0.129004327193
0.0266514652812
0.130272130722
0.147696042554
-0.103716076468
-0.0954095352199
0.119707759282
0.204053699188
0.173956459786
0.0161908265273
0.208227853907
0.109111910437
0.216741187784
-0.063546254358
0.0791994670632
0.0521042304239
-0.000893473550864
0.144031425471
0.203624547437
0.206192479825
0.0257322542196
0.0876641293062
0.143878561194
-0.0179124060815
0.0511529276514
0.334831980868
0.162102297854
0.0824460873317
0.0700045943763
0.00575175715477
0.195996332253
0.233942653265
0.0619816003443
0.175419604719
0.217601002827
0.132778560791
0.110329795878
0.111261714886
0.104253501398
0.33503165018
0.0524576207748
0.160119807927
0.160842038881
0.0201513913294
-0.0284644393462
0.19410215583
-0.0122998036085
-0.0414440064437
-0.0752980680486
0.229622131734
0.123821563611
-0.101425498488
-0.119801088609
0.315845789344
0.121028801522
-0.0675715724377
0.205418897625
-0.0072777393517
0.0104161832402
0.041538618176
0.0646736233151
-0.0637614882399
-0.00476196934416
0.0637869795975
0.077991994814
0.111963819881
0.165571388292
-0.155641316941
0.0388271921542
-0.0113528314285
0.150966641259
0.0875642840637
-0.0189080494174
0.15857544441
0.0425328183696
0.0329012076436
-0.000106940679026
0.14880936755
-0.0246854533797
0.0854855430968
0.0779506269282
0.100147613149
0.311881572155
-0.10869097612
0.142766305904
0.109768021284
0.0556896470934
0.0898821357966
-0.024922773721
0.0599828695952
0.0199057868354
0.276523974461
0.118251175027
0.0704427964785
0.0234837077384
0.142654779716
0.133543443084
0.176527039997
0.132170621927
0.0739630062327
0.108148021765
0.25064578584
0.114273558933
0.210296349985
0.0427524729752
-0.0686962139673
0.119207424496
-0.0363198028996
0.355658264138
0.155250790777
0.21953972242
0.0741448550045
0.0883994286166
-0.0506205869549
0.162992449854
0.236475447054
0.0502221877566
0.108108866492
0.00767595795066
0.0684976174701
-0.0344201509516
0.0805209363968
0.0855945316972
-0.114331388457
0.224609313831
0.275004729232
0.0469504785328
0.109955530125
0.164422693118
0.00670503050753
-0.133249253755
0.186667516099
0.0827659255676
0.137861799701
-0.0236419327987
0.22800706792
0.166964879652
0.174036959832
0.142376544095
0.0528957786298
0.185208798268
0.0815902254907
-0.0334293040568
0.164858167197
0.0905034907687
0.263381811873
0.261821081968
0.244245875923
0.292461997585
0.0843528157168
0.214451276141
-0.0243501860761
0.238446928074
0.110395994978
-0.0131374570192
0.0349421204114
0.12967360332
-0.039416944148
0.00999660196461
0.158431162112
-0.140696159455
-0.0166573627068
0.0794006114963
0.0782142511957
0.225599130374
0.203325292993
0.0250900320781
0.031725886002
0.341080540974
0.173949656546
-0.0183481122739
0.119808262634
0.107687693843
-0.109173996914
0.107131998863
0.0771328206381
0.102661141893
0.176227890634
0.129658424347
0.039456310194
0.176149225907
0.0912309709966
0.0336001842352
-0.0240829479541
-0.026410953429
0.0897709232603
0.0859014372879
0.0172478375336
0.0649929190874
-0.167606365708
0.0620272068417
0.130864596341
-0.122148240779
0.00165526864541
0.260637312929
0.0363556696414
0.106108774615
0.313997981477
0.103692540991
0.205645692028
0.0831241329837
0.0319657438443
0.0214149186326
0.141458537366
-0.0224305350092
0.106455015264
0.293091779101
0.129500830524
0.130414558609
0.157279523577
0.0769312837144
0.145313857774
0.0480825601056
0.108442250909
0.28302260718
0.164250256257
-0.041278274054
-0.0965220435554
0.0476779845384
0.129984845838
0.24450542829
-0.00611001414966
0.248491850603
-0.108924393415
0.204687524217
0.198276400598
0.108305153229
0.0582166353076
0.211493546575
0.0736750875718
0.0366217894103
0.304120368458
0.17649328149
0.0338602149961
0.0126937338006
0.0665022090119
0.265666034738
0.222087599889
0.182878767113
-0.142820717968
0.000100656127802
0.14944414508
0.0640511254565
0.138909162879
-0.0139558418482
-0.121298517914
0.293153863096
0.205639596292
-0.0468748292406
0.216297293464
-0.000551792820245
0.129420146825
0.169752249259
0.0527561294836
0.0328956666642
-0.0522802668002
0.074912433595
-0.126082286592
0.0907431488104
0.0844377172541
-0.0482351775156
0.0951103670941
0.0312863501091
0.13807893869
0.0757712853451
-0.00610633191549
-0.102028611417
0.159001135065
0.061127931467
0.0498412402506
-0.106243002284
-0.0503067392207
-0.0603342125061
0.0804024288813
-0.0502569293249
0.0883319935201
0.0602312782604
0.0362093413046
-0.0110582113745
0.0212348099122
0.243866491557
-0.0323463354079
-0.0116747634391
0.150982280462
-0.00228360834032
-0.0611464975986
0.256329932809
-0.00173405698739
0.206151087539
0.129894742182
0.113470966973
0.200562656462
-0.0535026586288
0.206003478204
-0.101459941759
0.0322742266255
0.0683394760099
0.0186291865968
0.0852796780597
0.103656450456
0.0851346603197
0.00661458550656
-0.0521726079648
-0.0458128745356
0.0374162258495
-0.0617513932954
-0.0645567020856
-0.00877230031329
-0.0324067354167
0.0212049164426
0.0713942298344
0.00687887668985
0.0433688960515
0.200278759542
0.127042758614
0.199128385942
0.092240363385
-0.0283177043924
0.193094281186
0.109801476856
-0.0348420390271
-0.0571473506843
0.181499150009
-0.0990319737215
0.0211531287656
0.0744540836777
0.128854376366
0.0350009709163
0.115152085676
0.121809061943
0.218688727408
-0.0752837710063
0.0216524952134
0.0131475398579
0.0777481349469
0.0750263444278
0.182269946347
0.21062886946
0.188470159336
0.159580385779
0.0933905430438
0.120786732254
0.21780738532
0.142886729544
0.280656101132
0.131368642872
-0.00464554465076
0.085427506868
0.00481802614568
-0.00874765590879
-0.108314446146
0.157353852043
0.131136426743
0.255962276772
-0.0596924508482
0.0901256685282
0.229694790293
0.11464872521
-0.0570334016647
0.00528767161311
0.128679048853
0.0175615049456
0.111904116337
0.121709751127
0.133414625875
0.0751336750218
0.0247551975476
0.11681671018
-0.113530487308
0.163665472413
0.0880612272152
0.129609363724
0.0448976167678
0.0762357315884
0.115013728319
-0.0232680043342
0.180581036205
0.095839793295
0.0412023208209
0.143768926744
0.137454838028
-0.0670408034604
-0.0223960258065
0.00160986998114
0.114210532439
0.151647105117
-0.116723656135
0.119326182716
0.184988091765
-0.109086495318
0.0744488817631
0.176001763937
0.123880885654
-0.00784229238478
0.164466624847
0.0887897771562
0.0835654056495
0.0794244282105
0.179770535452
0.0986174500593
-0.0544358915113
0.02366135538
0.192197225685
0.0871183386186
0.141980299097
-0.0291712488029
-0.0683202528577
-0.00585181390273
0.108985992354
0.188091840791
0.174278594529
-0.0348218684495
0.0925197958076
0.172389074401
0.211022687239
0.181144714584
0.120448055829
0.0724116827018
0.0683440601622
-0.0498403376989
0.0634431575654
-0.0232941948004
-0.0712727245135
0.0865850842093
0.0718073144596
0.0188348122531
-0.074131159861
-0.0862857285619
0.0836862643622
0.125170366006
-0.0906878511288
0.179214800181
0.136947655621
-0.136030485262
-0.00314980227556
0.096945628061
0.0343040666583
0.00373410282583
0.160280252405
0.0729266978501
