0.232359238654
0.104795023628
0.0530534298569
0.777223324314
0.613650376689
0.347138179156
0.781091671447
0.441843794292
0.677121037974
0.244044698331
0.537818212146
0.552628794256
0.39734312347
0.645221439279
0.341732015552
0.21561376001
0.290859275907
0.323614447072
1.0
0.313711161494
1.0
0.54043915972
0.332650286667
0.356623149824
1.0
0.458376622609
1.0
0.268258109649
0.175115848683
1.0
0.156675577
0.269034911213
0.598183557228
1.0
0.260229956335
0.307571328115
0.187161370353
0.0805162379807
0.527231413552
0.134011661558
1.0
0.148929679464
1.0
0.133378273863
0.435838941849
0.197542389733
0.509708932406
0.225990350108
0.229323280884
0.225449532627
0.555217354775
0.176706202104
0.185705886751
0.178731544633
0.691054799703
0.248098996873
0.354930408857
0.352079677088
0.458993861631
0.110125241229
0.488107190646
0.301207010274
1.0
0.151363024358
0.223346899168
0.333578812557
0.415024134057
0.276627912996
1.0
0.287696261244
0.211212475627
0.390853940399
0.230018011601
0.260101860684
0.262600200605
1.0
0.332824400703
0.227344584117
0.324834401336
0.100570978676
0.212060847528
0.340455545221
0.417158767817
1.0
1.0
0.12583842717
0.702879724367
0.154413505693
0.212826350452
0.293810648734
1.0
0.22378160829
0.147881733611
0.272091835819
0.211940219084
0.327684708427
0.316402232573
0.374957397965
0.173038570899
1.0
0.288605658026
0.172967654258
0.425833404578
0.140617886833
0.16838783733
0.673083752267
1.0
0.6306789417
0.195703139501
0.185186333532
0.61073022137
0.355571246641
0.41715846432
1.0
0.388527540947
0.167980787679
0.285193632491
0.0984488495798
0.381371029978
0.351241181518
0.399521288038
0.259867534935
1.0
0.232740089402
0.773923557236
1.0
0.243715224111
0.193182425019
1.0
0.191509161425
0.362519534611
0.438294610496
0.196947533532
0.103426722314
0.146033605348
0.396515734705
0.23229182018
1.0
0.201318759949
0.39406851367
0.277740318236
0.104441749909
1.0
0.456445416998
0.29044398823
0.335156332941
0.16780204448
0.212524991665
1.0
0.4150446619
0.445539565839
0.279633106934
1.0
0.199962951107
1.0
0.258725270035
0.265605407194
1.0
0.0970353045973
0.174633581969
0.259553499632
0.216718309136
0.427275502213
0.30313186282
0.314972207513
0.0333481374496
0.0991183423397
1.0
0.0412661256999
0.111102063091
0.346018709994
0.292469484141
0.177691487238
0.119580053434
0.260645547321
0.192246298725
0.12517379602
0.0562483147914
1.0
0.357355511305
0.433613983617
0.171958046201
0.159527571834
0.217540178477
0.198523788278
0.150024949443
0.254470253245
0.395618115497
0.341394810331
0.635478120548
0.130883937245
0.285370451947
0.330185083009
0.377653860586
0.23222504231
0.565343472595
0.283437914638
0.363554146602
0.221313230203
0.318187576078
0.348913688681
0.226457439048
0.4143093836
1.0
0.187384521209
0.143204492201
1.0
0.170590368354
1.0
0.400157749425
0.392401733331
0.118311878775
0.433083266597
0.173709924735
0.40493201694
1.0
0.211194451197
0.131117217503
0.420283680626
0.141541721772
0.166341262677
0.643201986758
1.0
0.270465014714
0.218049350869
0.207978045809
0.455748727314
0.400138957392
1.0
0.254893554332
0.284727864581
0.412406889754
1.0
0.157024343215
0.222601749461
0.244466314914
0.799252509936
1.0
0.132855764639
0.1991377676
0.314947803995
0.265828942734
0.641634464287
0.30125546638
0.354940265037
0.533549727322
0.313803441651
1.0
0.355193690932
0.144473371528
0.185173137492
0.108386251324
0.149739807651
0.0474006521388
0.352087359692
0.294568089187
0.255053146254
0.346485084987
0.317230719735
0.740218382529
0.271922841556
0.326203641645
0.168363877669
0.291567098802
1.0
0.342304976773
0.30402677973
0.30402677973
0.311776853776
1.0
0.223008663484
0.207532414009
0.386428148483
0.484981974094
0.533984609996
0.193501820256
1.0
0.293210597295
0.0929534222374
0.331306174583
1.0
0.277912577998
0.399532148691
0.160151939744
0.407289731178
0.271179087952
1.0
0.154828740011
0.405757863889
0.197879858055
1.0
0.186965907583
0.275167148432
0.464714742346
0.236418851175
0.397154215183
1.0
0.110357567255
0.160371414427
0.442404990347
0.133116886958
0.268405062048
0.120222113127
0.310847149305
0.557819795537
0.263522585742
0.399674621194
0.128352103188
0.0846490032421
1.0
0.216359555395
0.503268732197
0.342206936343
0.0664128588781
0.252296940887
0.30255920652
0.556851574672
0.556851574672
0.365441547359
1.0
0.30449223933
0.150194651996
0.482463064231
0.237072841462
1.0
0.291060361426
0.231425181513
0.273099300217
0.38598327852
0.176997786194
0.191838780142
0.253498235312
0.196821963532
0.114600394255
1.0
0.423929981222
0.332639398837
0.161728538882
0.0771566452211
0.232212599238
0.17082279543
0.218614654992
0.309238012669
0.523905042922
0.426946598082
0.231934803735
0.175849709592
0.67546100497
0.20621503509
0.269704449474
0.32450384592
0.518611538886
1.0
0.416248848204
1.0
0.107663876289
0.14685374398
0.252209750066
0.0817682565182
0.226379166624
0.256065766366
0.314455089178
0.332503788289
1.0
0.0712675215247
0.133888134785
0.214753878596
0.133202356106
0.317900637642
0.293359511715
0.383258240599
1.0
0.178208959893
0.381506994555
0.36884935287
0.0412661256999
0.240560135728
1.0
0.109443147334
0.726953416263
0.144478613593
1.0
0.702639932369
1.0
0.204311070171
0.179250244015
0.429960829649
1.0
0.267883047062
0.377492991614
0.157951240071
0.245563063311
0.424087344997
0.36434501656
0.375139606393
0.237398327876
0.190385915105
0.2809868769
0.6033835056
0.320109050163
1.0
0.239248935575
0.490325114767
0.126432627889
0.442428133699
0.394600398043
0.0574732562729
0.164164338209
0.251658521762
0.119690661519
0.16270997924
0.115159614799
0.187921201497
0.0940372482905
0.216284685343
0.199731690364
0.463989495528
0.38875766355
0.121677292178
0.149598908315
0.271739196015
0.329723329262
0.158284365357
0.292426650468
0.292641164476
0.315275751412
0.271986229179
0.345108355538
0.0506063576209
0.250022606282
0.213730005541
0.44172992577
0.143849247619
0.129144404612
0.281649202388
0.387956557829
0.184053764641
0.352789508737
0.277024957234
0.280403277563
0.258135255349
0.230430127288
1.0
0.301472548531
0.15943375495
1.0
0.191015425603
0.216761474127
0.199927645686
0.0359741137205
0.340054994643
0.227121026471
0.234712991258
1.0
0.309168252031
0.58426591999
0.589270722104
0.136964061977
0.252417760572
0.483986197132
0.227145696545
1.0
0.116048795289
1.0
0.172604441346
0.225581895919
0.3195484279
0.420447455697
0.216053685602
1.0
0.345265481791
0.271970717604
0.239872363126
0.305104418105
0.252371161608
0.299945837474
0.133786185742
1.0
0.38646788804
0.2084641303
0.338405120907
0.235424845766
0.202201759371
1.0
0.242601408289
0.23938853333
0.166104414134
0.325096538345
0.361336171762
0.37870526291
0.148128218045
0.212390786206
0.0811880003365
0.0520770785729
0.200682330911
0.542859085445
0.15205360677
0.140029835227
0.247413321413
0.248019638481
0.272031724268
0.0943195164575
0.148935559656
0.393724850515
0.130392753597
0.200385235462
1.0
0.0737544272118
0.316267251545
0.316267251545
0.279797229417
0.279797229417
1.0
0.0965433358055
0.0466063288804
0.238308049549
0.793889749153
1.0
0.253817186942
0.132240390496
0.212863116218
0.275645456866
0.510850198177
0.631888065813
0.253837616846
1.0
0.176108190438
0.653326444063
0.317059802425
0.341964185611
0.178237187581
0.193346289087
1.0
0.185981628033
0.133514852562
0.302845120231
0.434128355133
0.265220297565
1.0
0.227796343751
1.0
0.336473181294
0.14748894683
0.185827777333
0.447810283583
0.321873437828
0.18028899053
0.08278591547
0.566697088547
1.0
0.429379663074
1.0
-0.00154090141269
1.0
0.213405756894
0.182550350875
0.209463445478
0.216167918283
1.0
0.265996342696
0.0544925336748
0.332266392184
0.151555801009
0.229001799647
1.0
0.273705184468
0.419521130524
0.248542913457
0.207828983416
0.260196339827
0.330224875748
0.290281802567
0.208104980621
0.34411580019
0.106800600799
0.258837475731
0.186437327229
0.199804780494
0.243914479935
1.0
0.355854826321
0.370046406017
0.370046406017
0.279871820507
0.320803607983
0.260129516141
0.186451773844
0.337544484079
1.0
0.28048390321
0.207739489184
0.290606777143
0.484636118003
1.0
0.272631173979
0.378063452647
0.324887119125
0.3014377938
0.381709454919
1.0
0.404405789882
0.160656897114
0.120271946969
0.188663721859
0.180889077174
0.10494487141
0.179739798783
0.488699601034
1.0
0.257204000981
0.32552487943
0.242209888093
0.117589710759
0.117589710759
1.0
0.209850874025
0.288500412519
0.66156759222
1.0
0.327183830652
0.51214340707
0.302991857502
0.474150139179
0.176441794527
0.660780246025
0.186580356535
0.227666914929
0.13266480028
0.158660673998
0.472485480504
1.0
0.348087394119
1.0
1.0
0.266736854409
0.167445962919
0.187786404189
0.229238427778
0.455531883297
0.384564235109
0.20329380463
0.254341247197
0.489710716369
1.0
0.202807140099
0.177906628624
1.0
0.226271513816
0.365034852769
0.124750155495
0.185364250487
1.0
0.36492503502
0.037003013666
0.252587251741
0.198191976278
0.137058153729
0.162701122172
1.0
0.31967840112
0.264374411395
0.238511207082
0.13614465269
1.0
0.238811025853
0.263148020835
1.0
0.389204905038
0.132273126303
0.275349391128
0.225080965843
0.100040199864
0.719326257137
0.754709701395
0.754709701395
0.552916019205
0.213907244215
0.499158168932
0.281502602008
0.471574770707
0.176454539111
0.252535806261
0.499892462293
0.453087918559
0.379186245095
0.176759740805
0.386502587147
0.181861051922
1.0
0.222349805289
0.127949130864
0.163453649806
0.149304709545
0.290193039594
0.385487251591
0.216722953843
0.182935078549
0.280972728494
0.281064549558
0.359250205351
0.359250205351
1.0
0.316731950663
0.422680102117
0.236071265097
0.52894313283
0.408186890956
0.342011377697
0.115383359504
0.100959048247
0.255502861211
1.0
0.310914269663
0.502740680704
0.105121369979
0.240249658388
0.264772007505
0.229092016495
0.418693093787
0.272401203058
0.258431181448
0.349101584083
0.293153466523
1.0
0.29123272732
0.182897390678
0.278252924281
0.26943730113
0.229333345218
0.523408812561
0.106663377074
1.0
0.159339069502
0.205289693128
0.518938846026
0.119737225565
0.257178216615
0.278258186773
0.142915116803
0.24817406108
0.219194390436
0.373370481684
0.487193086553
0.0845645673451
0.158875395636
0.179841814917
1.0
0.191163276004
0.0699065565379
0.268079942225
0.466836841001
0.113833946428
1.0
0.39523906422
0.303951911712
0.141990504486
0.243898807226
0.0888637667918
0.156178018964
1.0
0.433662979296
0.270421036582
0.37880326342
0.204335984397
0.229250185959
0.514528395016
0.120843946375
0.0877796890288
0.152692932186
0.221346161504
0.219586760383
0.292126263746
0.204059227739
0.115612813978
0.0848163670141
0.450306959232
0.419818121064
0.579529681343
0.277444874412
0.35778001566
0.216982242963
1.0
0.326090448988
0.138002323752
0.294221100686
0.222880828808
0.332934057619
1.0
0.197618587316
0.349104776308
0.223424547832
0.70527306419
0.384490735734
0.352389215071
1.0
0.121464772343
0.322822651974
0.407579185283
0.23221167122
0.239450569448
0.413752902238
0.663041077284
0.164732316805
0.234854798806
0.60676907499
0.373420575094
0.372953293048
0.193554951449
0.0553877756883
0.398756676632
0.31124243031
0.215769666503
0.159908946891
0.302632792288
0.508400430314
0.249624009337
0.338499598447
0.347297377938
0.252767561422
0.416847565948
0.0886309403757
0.226060768427
0.343616712623
0.394629986699
0.415799388314
0.183766251572
0.267153250707
0.555735399923
0.37161344117
1.0
0.268266046466
0.168213627709
0.125682962689
0.340862494903
0.100418367899
0.202721318716
0.179950599624
1.0
0.0745345397079
0.402183783792
0.365932320556
0.14606553698
0.316708707553
1.0
0.332686390814
0.113847942815
0.205505428448
0.121665288821
0.205128506838
0.0457362541764
0.360542970959
0.245845421142
0.203137910252
0.301629490429
0.65176493264
0.178592827479
0.467338063199
1.0
0.0733993665292
0.120816036915
0.3794189423
0.265828942734
0.274873859387
0.0968714364802
0.640969662512
0.640969662512
0.253910156033
0.152765153773
0.226019326418
0.472054585636
0.264923179118
1.0
0.444947576558
0.478148018276
1.0
0.15526636129
0.544705042122
1.0
0.629678991968
0.0611479807675
0.191406198279
0.31158154866
0.302005439737
0.131886649733
0.113036113763
0.196006391321
0.151013410959
0.100101054253
0.570532773335
0.150804910794
0.277935284254
0.149565285933
0.451362312446
0.334554872867
1.0
0.162718501871
0.294229799836
0.258863156047
0.324300691242
0.134253960708
0.302611294605
0.116151399158
0.557699773144
0.182558729962
0.302304297291
0.378063452647
0.25442349754
1.0
0.249140537494
0.203309566515
0.138552399948
0.263650202866
0.384575485225
0.263981639972
0.450392101761
1.0
0.120504712731
0.388646565987
1.0
0.302335362289
0.329306815923
0.275864646129
1.0
0.111848304255
0.0983384922565
0.209873945166
1.0
1.0
0.182403160583
0.246436630739
0.448474845733
0.417285528574
0.241788821377
0.259231608127
0.15860213103
0.0431779368664
0.19766470648
0.277799640429
0.228875914065
0.472176167934
0.0801666657306
0.324589354688
0.338907245472
0.404405789882
1.0
0.40917034464
0.189890049766
1.0
0.192204822668
0.2312180216
1.0
0.298103437831
0.324594617389
0.286961301487
1.0
0.274236153368
0.163582270072
0.364096368641
0.224794727621
0.413107685537
1.0
0.200068590583
0.384482858609
0.33165256969
0.54433507944
0.176901665796
0.134321474518
0.0680124127238
0.290461433285
0.194475099019
0.445004091838
0.457715881738
0.444062884264
0.596879555536
0.20711853351
1.0
0.506473322418
0.318978830447
0.0825462447033
0.685877576739
0.132615227539
0.169588519247
0.174474009955
0.119296266367
0.31580237628
0.263922055759
0.462201159265
1.0
0.0725636152736
0.422484662778
0.25139489292
0.292814297527
0.287962798957
0.126447423073
0.186578222856
0.372429281495
1.0
0.0699108498173
0.287723985175
0.18279209698
1.0
0.401518222837
0.32015895395
0.0988442498803
0.405030193563
0.386497084256
1.0
0.14092428759
0.280285673378
0.198846765368
0.254062318248
0.36372054555
0.458891316388
0.0
0.628030607994
0.373074762847
1.0
0.221123738732
0.270800634618
0.648315212648
0.102654706652
1.0
0.344547858365
1.0
0.317266889451
0.261793596637
0.195443679328
0.28990254038
0.421704157406
0.350207134215
0.126389734437
0.172468911274
0.218323115656
0.358105893156
0.122759978816
0.159039721452
0.135413493816
0.247846478749
0.196396366807
0.282708202746
0.234216309949
0.341129016149
0.245901137951
0.388527540947
0.623655774599
0.370201458052
0.316084014383
0.53284479674
0.351636851242
0.150134915038
0.215425537225
0.239210745032
0.280621629283
0.392897559931
0.123545367994
0.309194992635
0.164703599726
0.210529421548
0.131390873036
0.793007259136
0.222684687389
0.25029046401
0.153541623971
0.552721977826
0.370542358421
0.755601923294
0.176333250745
0.306535905525
0.17833728169
1.0
0.572850264496
0.14352725194
0.14295082399
0.377515777627
0.383733001566
0.510595708716
0.46372814773
1.0
0.662664327263
0.094446151309
0.241389100048
0.354935749492
0.373727654984
0.441828949781
0.079624298263
1.0
0.573340559146
0.270180190819
0.356184446408
0.139670805613
0.393142945318
0.190795037187
0.37748391754
1.0
0.247027279467
0.314392273221
0.213567798063
0.207378318473
0.40542870401
0.397222603983
0.298478489806
0.173349779056
0.414264524294
1.0
0.447068452568
0.447068452568
0.198613899142
0.486311438208
0.403363860826
0.335247806746
0.521231085181
0.582857931624
0.0639011445659
0.390952636032
1.0
1.0
0.176081436311
0.193655745895
0.13675123965
0.258104975139
0.336988109166
0.158122787185
0.180531489385
0.381998060198
0.284388204991
0.308309395995
0.308309395995
0.271611997047
1.0
1.0
1.0
0.129289156744
0.309737794892
0.0931872359489
0.513471029948
0.203269834534
0.320367374588
1.0
0.251165471689
0.111370476098
0.331929589427
0.250150827193
0.437026045656
0.132764174917
0.274511555834
1.0
0.134712243098
1.0
0.205705796713
0.238032485153
1.0
0.395958232144
0.165760007141
1.0
0.366697650411
0.205727322451
0.240187354143
0.248669319529
0.245327028387
1.0
0.289765262533
0.361948399754
1.0
0.233490998509
0.177030399831
0.0975066449377
0.264050801976
0.608601116103
0.44897562628
0.174931818951
0.0851135113847
0.231175947332
0.242091165567
0.148046543946
0.14557485178
0.265378767703
0.144633338612
0.258220002723
0.456167725987
0.421824710906
0.242369245386
0.743802043859
0.293316409481
0.389513289738
0.148179815012
1.0
0.0943513136446
0.130198723762
0.156489248985
0.336710708747
1.0
0.102033817349
0.405096818648
0.333532786004
0.168416765215
0.29451364177
0.384939337068
0.360701589068
0.312278823238
0.101019311473
0.514859045091
0.230627036751
0.307724757252
0.424988814709
0.160915444237
0.192416615075
0.0843109373266
1.0
0.406666275006
0.398745392263
0.155783411049
0.139949701491
0.133697407582
0.2671563502
1.0
0.0917272936884
-0.00461271321553
1.0
0.227021183716
0.497912374712
0.153581844635
0.315474607463
0.254968962075
0.399886349254
0.305788729366
0.173756543434
1.0
0.393428577906
0.123932979453
0.333665138469
1.0
0.23357012752
0.342740850949
1.0
0.598145233373
0.264113707024
0.279230517812
0.0893064459823
0.132042107603
0.313452781439
0.121211176419
0.133400673085
0.445307430772
0.491091150373
0.199069473746
0.0930272972835
0.244643626158
0.216367626152
0.13809877152
0.215344655854
0.27291968933
1.0
0.217799696863
0.263740938592
0.58215046336
0.189305847632
1.0
0.318619385545
1.0
0.192746184145
0.200299978938
1.0
0.238626116621
0.0870269914026
0.479515963974
0.516938031571
0.156999723494
0.189285367309
0.290414738269
1.0
0.257535746416
0.413210915327
0.090915115175
0.247544932895
0.303467962413
0.161987018394
0.365240544508
0.299420814224
0.15124822495
0.0410752149621
0.202514640783
0.126937725654
1.0
0.0403779110772
1.0
0.373840288293
0.219651588714
0.270737557549
0.444939569601
0.490481960188
1.0
0.377038813122
0.592696307147
0.581222286336
0.565627351411
0.268738014623
0.263587263291
0.562633656944
0.230785979347
0.407398176677
0.169752809331
0.132779576939
0.354641174605
0.282970270475
0.579125946196
0.579125946196
0.362487106121
0.199004041181
0.0896594037879
1.0
0.133329256097
0.11364121399
0.211879111296
0.117069135784
0.664126496042
0.312531917762
0.0869734195122
0.234099056437
0.6870291829
0.157498396697
0.355960682688
0.130928360398
0.341223598987
0.70519836044
1.0
0.35943429612
0.610042028323
0.256266446136
0.38663222693
1.0
0.353582760675
0.197221396081
0.371632326244
1.0
0.435264407553
0.0450043964699
0.341763362055
1.0
0.234786130988
0.253026748674
0.368801884977
0.1353070514
0.0505642645381
0.0310512445752
0.523573667868
0.170289218334
1.0
1.0
0.47270726009
0.331519736867
0.171922084614
0.183636528109
0.0567704221597
0.220593561363
0.325393643681
0.170977529736
1.0
0.254544085304
0.0799414221247
0.181801715578
0.101458593995
1.0
1.0
0.296004826834
0.152819402947
1.0
0.174000535023
0.144838008095
0.167086933625
1.0
0.338296232136
0.408596959045
0.153947981548
0.368453656504
0.360215660414
0.516605250625
0.158865409497
0.158865409497
1.0
1.0
0.078655239408
0.163947729208
0.0629986182729
1.0
0.217067698875
0.473607240274
0.53427193878
0.056550002284
0.437447032829
0.2932000107
1.0
0.322666182225
0.198425951106
0.159880072596
1.0
0.19620789856
0.297162486938
1.0
0.352839727272
0.178481563885
0.161211996764
1.0
0.121877560412
0.246656440608
0.295187217903
0.231904967736
0.224384111072
1.0
0.177959639763
0.1996968419
0.278081651061
0.290778378429
1.0
0.361233207463
0.360320150462
0.333163540031
0.260867046459
0.0308791487735
0.19083869246
0.354681397015
0.217985880991
0.135794948418
0.325386224326
0.410844701903
0.308357303103
1.0
0.149510065561
0.155294930432
0.320544181982
0.622395027835
0.299589985809
0.173634508632
0.364965040362
0.351830491811
0.355571246641
0.184888706585
0.208939571517
0.229500222546
1.0
0.512678278527
0.207828983416
0.257143622846
0.257933856341
0.451564176637
0.0761603223086
0.23427514583
1.0
0.319847089143
0.330837685618
1.0
0.283638945837
0.322564374113
0.0570081157909
0.15643174182
0.201649448874
0.237387427202
0.245324747678
0.245003637509
0.210841740119
0.14653329758
0.484068898583
1.0
0.39166517402
0.124288571228
1.0
0.466124889123
0.218044905689
0.416172642096
1.0
0.111704144106
1.0
0.667458376926
0.28046840055
0.231256021235
0.191509161425
0.133315380374
0.210722907601
0.313976108982
0.0965241698461
0.158300007023
0.144763185238
0.369875923788
0.420147658383
1.0
0.187859175332
0.389577749836
0.321800088924
1.0
0.214410434046
0.312817708446
0.0738986768403
0.327258855224
0.410689375543
0.262606518559
0.321388565694
0.29304328291
0.195328679546
0.368439922708
1.0
0.210119264159
0.328801344556
0.336969063317
0.192800358785
0.15087528356
0.382117159391
0.183688803527
0.118426657637
0.439593007751
0.124426643284
1.0
0.542408330648
0.542408330648
0.37591937058
0.178136020486
0.241796079311
0.127643475695
0.460209862525
0.244768271479
0.287152542241
0.282957302112
0.514062542092
0.131495515764
0.238213010391
0.340511769007
0.189484661582
0.115015053081
0.320812241738
0.191669917758
0.0883721281418
0.353248602983
0.136366518974
1.0
0.304364561426
0.332759275519
0.0382990551247
0.246968491572
0.418230655959
0.207848332453
0.203965651389
0.24573794882
0.176096554472
0.337522115216
0.214809995516
1.0
0.160680192038
0.262084701498
0.281524183287
0.222104326707
0.167956348081
0.181013905252
0.34389723961
0.297864350444
0.301943408503
1.0
0.260903897835
0.036447093771
0.207828350168
0.349064944983
0.22470801983
1.0
0.17926208005
0.190025671404
0.123833066098
0.140031846471
1.0
0.622634505274
1.0
0.49549699744
0.310071887894
0.414450218972
1.0
0.353509463182
0.345335938534
0.17648234648
0.391220081997
0.178144418456
0.296864300573
0.150224730915
0.222086153669
0.125567680034
0.487025786217
0.280323430011
0.0995144692356
1.0
1.0
0.612216000237
0.673083752267
0.269488785207
0.162235998345
0.249311574058
0.324865420915
0.373346427376
0.127492709686
0.441317497362
0.217608725199
0.129617610279
0.409695680642
1.0
0.303609272375
0.199437717809
1.0
0.35292819277
0.441676037459
0.369586132159
0.417777130047
1.0
0.177560646897
0.138965756166
0.269406101524
0.265302072804
0.213200902684
0.231054887068
1.0
0.222692885626
0.221323628975
0.337045370431
0.57723137053
1.0
0.0371193101108
0.535673349726
0.278854301232
0.292293942877
0.146341313994
0.283051106223
0.403479247798
0.174986603826
1.0
0.247643845503
0.232342843183
0.472964416205
0.288135421601
1.0
0.35851297627
0.561966102167
0.398167898284
0.398167898284
0.0944488963342
0.456055795335
0.360911400757
0.706220181486
0.178368855447
0.464858310572
0.662406182945
0.420104389038
0.346309616654
0.341749575131
0.0692584000325
0.27675826019
0.295191481078
1.0
0.200301041286
0.231816637319
0.52397738647
0.151124393713
0.218168673174
0.207384819293
0.253786266526
0.379166364963
0.364572041338
1.0
1.0
0.526772268279
0.623123909947
0.249069809665
0.209326522079
1.0
0.244715390159
0.307266160694
0.371860589815
0.203557097066
0.239180219773
0.0789292917352
0.0767696155546
1.0
0.368802020569
0.32561723112
0.426345515381
0.0405710418457
0.216912703799
0.11726780089
1.0
0.380485438152
0.278637665594
0.129205853535
0.129205853535
0.115540213839
0.215295486624
0.124336164995
0.171144242145
1.0
0.233724004235
0.261570069632
0.22623564891
0.22623564891
1.0
0.377146363406
1.0
0.257935804824
0.147313165413
0.317947020357
1.0
0.267444644156
0.326174997218
0.35159133847
0.0993492950025
0.439131212046
0.166005483951
0.08719565813
0.343927739823
0.283226844541
1.0
0.131870232469
0.29106086937
1.0
0.058788296142
0.153034787923
0.247833932449
1.0
0.232885524123
0.399592654584
0.524498298215
0.261983862037
0.25670295062
0.140035749656
0.245465245665
1.0
0.174501612824
0.292554617794
0.276350808729
0.286727971551
0.364160533084
1.0
0.463707684132
0.30372084294
0.724830373345
1.0
0.29313850356
0.239381409258
0.400361815308
1.0
0.267448876685
0.40008560926
1.0
0.285812052122
0.304899859583
0.281285198702
0.298754020831
0.638789521184
0.211396692428
0.117704356619
0.584083738104
0.394743702889
0.56183110459
0.545234684244
0.223265775006
0.475817737517
0.307853384143
0.222515926879
0.154798238316
0.215261803812
0.30037839356
0.65176493264
0.105847518254
0.562004130734
1.0
0.168471080426
0.37389813244
0.143090525322
1.0
0.198702491744
0.40820216784
0.242321000539
0.526761260509
0.374759701826
0.281205880539
0.170423622074
0.498672908787
0.56137825276
0.215702976088
0.196006391321
0.11521295739
0.422683312287
0.494135581259
0.281217984439
0.526994596043
0.419206838894
1.0
0.440950194158
0.0453525924237
1.0
0.192760295616
0.353961672755
0.244667193512
1.0
0.240682566424
0.454398545299
0.293058801955
0.25578963309
0.288421840172
0.593518323445
0.526498592844
0.552902443633
0.798492848376
0.620740367369
0.191851023462
0.337881086052
1.0
0.296494613297
0.189192073792
0.0868433697145
0.289639581065
0.130321160183
1.0
0.568041199591
0.461461130465
0.146144285522
0.0952012367554
0.203204236972
0.2312801925
0.276838076588
1.0
0.106792252066
0.208479295108
0.282350067051
1.0
0.0626647018644
0.249939231618
0.312303002019
0.384017480198
0.245880161068
0.238802682911
0.428011660472
0.341041885782
0.153875817491
0.225695424459
0.177317504641
0.126214328501
0.0855129706048
1.0
0.277056860022
0.088761835581
0.222979741446
0.380004850026
0.0242607356801
0.20188542115
0.0442518586034
0.091836797012
0.043689089024
0.066756574271
0.15699835346
0.205419961401
0.107289707314
0.087582503923
0.145590486256
0.145271508622
0.0738640255203
0.0784272876969
0.118134463586
0.153221668517
0.18770475462
0.171824276922
0.223635449416
0.270169342805
0.0715581726954
0.377704153622
0.190778304711
0.234343949943
0.137457766552
0.101717187776
0.0424901408006
0.0963302159438
0.204176693561
0.189994731987
0.125137690691
0.0678012890102
0.020096151114
0.0938806424737
0.087929014008
0.00231372520566
0.0548832815149
0.324469763157
0.0649889552533
0.117581362179
0.0964567574675
0.122568205182
0.140388488414
0.0993264346741
0.0236156398809
0.0543286443422
0.0551462525172
0.040479139025
0.103706253758
0.227704335732
0.144758974601
0.172274197516
0.0339996536557
0.0521154102181
0.0919410253231
0.201012431171
0.379263345199
0.160087556091
0.218590811054
0.161176396632
0.187004971392
0.210175266215
0.0668270111673
0.120689108206
0.215899601551
0.0282877536579
0.126741635043
0.161474122191
0.174213771242
0.250329566024
0.132911402005
0.225749548674
0.0600098484635
0.0703384535233
0.00521713860517
0.0765194940763
0.103974763845
0.202109446609
0.140896562943
0.076051867424
0.098527749943
0.0876241604267
0.118010081428
0.0850826571914
0.0915366454268
0.10921444685
0.0930196513428
0.105755814976
0.145538610704
0.159083573613
0.00652215601325
0.0384632713114
0.106887128994
0.266932628964
0.113486015041
0.125396179859
0.175436157262
0.182509664716
0.134075324218
0.0631491524636
0.047108918671
0.160291785905
0.246888117674
0.147430284158
0.259604188712
0.0845494552755
0.151650313961
0.0671115029394
0.0193028071146
-0.0538508546651
0.102494336426
0.133677448434
0.303741863959
0.199899757268
0.260219970508
0.153193409967
0.112382070262
0.134529601887
0.0945182248449
0.0917068447507
0.232540976488
0.110659381847
0.291746293291
0.143515868494
0.179527119871
0.153605220436
0.115747693103
0.126084058936
0.104416048693
0.106489928336
0.188383325566
0.0295896469121
0.0787051267987
0.0622912185156
0.0805152595152
0.228082603437
0.110040778205
0.0346352071422
0.133542825783
0.148424021202
0.0678610544729
0.19267490126
0.199095799821
0.149369176418
0.238531762667
0.0829996928565
0.140575944157
0.195264693741
0.223255193321
0.182004695187
0.053203784112
0.103245954909
0.162804432122
0.145594888957
0.127925491723
0.0260917108025
0.0527733261156
0.361503181009
0.402325056958
0.377696982013
