0.200430755207
0.104877927981
0.0285252563586
0.716398636201
0.573290948529
0.339041020518
0.770865508578
0.407187492259
0.643123532506
0.232152839077
0.473870809391
0.493176244911
0.385061820786
0.568475493256
0.295579267451
0.219750603507
0.237917662233
0.293661642724
1.0
0.281868124057
1.0
0.472810278947
0.322204308392
0.350428272583
1.0
0.395296457159
1.0
0.24456458337
0.15771473972
1.0
0.163058197179
0.280766058554
0.544274526484
1.0
0.248925083941
0.267186679066
0.159224617581
0.0767615879362
0.486313003107
0.118160145414
1.0
0.108866320615
1.0
0.0909404521314
0.377239152362
0.170808915569
0.474467710888
0.207082438728
0.207782661236
0.199413754656
0.492408610923
0.151362036602
0.183094548534
0.153813145527
0.670652619822
0.225467422973
0.340415226244
0.30872381295
0.421806722543
0.107826851995
0.443501041645
0.274348760271
1.0
0.157396213721
0.198254901346
0.254647349421
0.371480796942
0.272138950579
1.0
0.254715163827
0.164239458146
0.364987394965
0.172603361227
0.228379622617
0.228324349875
1.0
0.307690987803
0.22050987851
0.305032493368
0.100522962748
0.19729252208
0.316559366438
0.383513645392
1.0
1.0
0.139056975771
0.647948221402
0.171569565658
0.172381507827
0.266188249071
1.0
0.209371969724
0.0969555256127
0.232424182273
0.209858053473
0.297756574261
0.321624674283
0.313574331156
0.160422396396
1.0
0.264649243468
0.172461432252
0.404032653778
0.133431589369
0.142257495697
0.617051715723
1.0
0.5716547612
0.19610537083
0.162224167211
0.560546650118
0.329617007247
0.403160971092
1.0
0.352202671341
0.178717681351
0.284563644112
0.0781488902872
0.328487313938
0.309302826821
0.381651182546
0.238402518572
1.0
0.197377461651
0.7434978953
1.0
0.205107651059
0.162339449176
1.0
0.163797341443
0.318020257233
0.399179105992
0.181250312564
0.0967553634292
0.141696697376
0.356627372665
0.19100590605
1.0
0.165105298611
0.361725940327
0.264148856662
0.115141157474
1.0
0.462987799504
0.2443369934
0.279749463683
0.127905539175
0.162841953136
1.0
0.357941868289
0.413723326927
0.244867385584
1.0
0.18156919012
1.0
0.262024907002
0.245486086416
1.0
0.0903088635412
0.183887112359
0.234000953428
0.203843193133
0.408793688654
0.254646063607
0.292016643587
0.0500654140047
0.108293738594
1.0
0.0474387757834
0.101574087525
0.302244776595
0.200674234948
0.147099687853
0.0829580516861
0.202253595158
0.118952409531
0.0823734653859
0.0555941531579
1.0
0.314856187443
0.37358652446
0.0894897503365
0.148930484057
0.15341055039
0.162878585231
0.0984380882809
0.231483071774
0.35912090841
0.294669816406
0.594623567486
0.100587123526
0.241227697488
0.305593754942
0.337560384383
0.240600143273
0.512043704732
0.264940873501
0.321212559983
0.198216644499
0.268780147254
0.313677606515
0.219475618584
0.358853066006
1.0
0.164877421708
0.10777459393
1.0
0.145774042769
1.0
0.344530521007
0.347822947676
0.124650150575
0.399942240609
0.155168176557
0.389482942293
1.0
0.204166447454
0.114638370191
0.39094012888
0.120150906051
0.164888371825
0.623515328057
1.0
0.241533493972
0.18484588067
0.185999042905
0.386859596189
0.37684743671
1.0
0.235246599075
0.242349693352
0.387654109566
1.0
0.112747785668
0.178189827296
0.227636716205
0.768999544609
1.0
0.123730938142
0.195351182925
0.258142404441
0.263819649649
0.596746813052
0.282629464753
0.311868472437
0.485777016443
0.256304723917
1.0
0.33370027282
0.131220315452
0.178691152949
0.157262613525
0.118563846345
0.0377879832031
0.340139030827
0.262411597171
0.228449719964
0.309021777656
0.302638571958
0.706794504778
0.287408489667
0.282325489548
0.164427451888
0.284605862938
1.0
0.28873879813
0.251511166542
0.251511166542
0.268696413673
1.0
0.188524237691
0.192234726438
0.369871633751
0.456661088536
0.46002117032
0.172498158473
1.0
0.257525268012
0.0665085954613
0.273208007044
1.0
0.244643079489
0.352001751843
0.149764240647
0.347182414905
0.254244160102
1.0
0.131468619552
0.370381094792
0.159800740416
1.0
0.200877858568
0.227888368238
0.396756343629
0.201231514736
0.351429428501
1.0
0.106767299007
0.140181693902
0.390140652386
0.130441052664
0.259647783786
0.105077423189
0.278605951349
0.526202402754
0.214807942525
0.370023437906
0.0875731758853
0.076319266954
1.0
0.216476045818
0.496382784498
0.317020581877
0.0622959045881
0.207055660696
0.263264672178
0.511412459231
0.511412459231
0.313292904669
1.0
0.287166750338
0.129397134625
0.468265312444
0.213544233795
1.0
0.254365817104
0.212908721823
0.241283180374
0.336934215822
0.115160957534
0.157864946092
0.235594775084
0.183954309951
0.0917312104729
1.0
0.366347677111
0.298246393087
0.129703015577
0.0748310201575
0.178317565528
0.144978120536
0.201788054631
0.251259495696
0.52311986638
0.390088381338
0.244497502065
0.158949689555
0.640438217855
0.158956251035
0.240730404585
0.276702190324
0.473711609046
1.0
0.366938816593
1.0
0.0825591041446
0.145424542882
0.226963537157
0.069506935159
0.187219154901
0.262530524665
0.283474426226
0.300184694768
1.0
0.0758906253457
0.140018613707
0.235024461125
0.137792676247
0.292218412735
0.265093770616
0.367465176455
1.0
0.14712815229
0.330280709194
0.308572530253
0.0474387757834
0.17199884809
1.0
0.0924097112249
0.688130287784
0.135750059182
1.0
0.652494567317
1.0
0.176227719049
0.165692936572
0.42303751296
1.0
0.234590297996
0.357498257559
0.120149830308
0.219866716928
0.41287048073
0.344800825473
0.32777800272
0.206918101599
0.152726106579
0.236697587684
0.529429915332
0.290843964971
1.0
0.224479611553
0.443646010679
0.103752496651
0.404873160594
0.358585349936
0.0368558153687
0.13426158716
0.247787844066
0.103273590356
0.171496173722
0.069586519988
0.166855588636
0.109539254432
0.182691475836
0.159970920899
0.422546928218
0.350412145633
0.113986133598
0.146728833046
0.254436964017
0.317450511291
0.16755338047
0.252224906252
0.260580877237
0.261270322846
0.220394847649
0.298204919516
0.0475008026986
0.217512530938
0.169234581171
0.428219562056
0.157022810427
0.115610122995
0.279614791538
0.34914132441
0.158104944086
0.30689679506
0.249104185566
0.241855548016
0.264035977571
0.172559214392
1.0
0.277556471939
0.138348457147
1.0
0.153630070363
0.235832882281
0.189868990405
0.0659761496026
0.302202982324
0.249750874618
0.232881566201
1.0
0.298448216815
0.555311889878
0.559465538521
0.14045285792
0.212624244582
0.463203610654
0.196932314244
1.0
0.111108399436
1.0
0.169255006655
0.208227480401
0.274095812474
0.38687447675
0.196471423455
1.0
0.288411896893
0.271567566893
0.210929440544
0.261018563988
0.213354874241
0.288746278132
0.142104689536
1.0
0.334898004996
0.180472912892
0.280413182959
0.234685182678
0.184635161848
1.0
0.217161537983
0.219271958521
0.14548072051
0.2837816014
0.307527954599
0.314787348752
0.159404946955
0.222781941686
0.087085521745
0.0642843067096
0.188228454658
0.515536978317
0.14968750575
0.102899953306
0.203231283418
0.250846992081
0.268035358283
0.0848139989986
0.133676976719
0.325028807542
0.125941142799
0.1587709568
1.0
0.0769462410802
0.268553255231
0.268553255231
0.249092595675
0.249092595675
1.0
0.0752487035345
0.0459191883093
0.195778899094
0.781546416475
1.0
0.250908611874
0.0945503868824
0.197642100456
0.243158533604
0.473793933027
0.595077708432
0.242149099278
1.0
0.132731966759
0.630393979372
0.279428791269
0.304345441726
0.180819700248
0.183069296821
1.0
0.18705934818
0.130217633888
0.270982666293
0.399816010962
0.242816913338
1.0
0.193638002832
1.0
0.277630060691
0.10811221751
0.134244004381
0.477323881697
0.300335312686
0.141140014638
0.0822895332566
0.506996481008
1.0
0.40777485441
1.0
-0.0159234268197
1.0
0.201099408402
0.186305046383
0.170112644715
0.173597942058
1.0
0.239277584091
0.0787329139593
0.335225783778
0.132644993337
0.209549573187
1.0
0.252376654712
0.36616943485
0.211427896434
0.173102036928
0.235824666133
0.303487417302
0.273014702937
0.199028432192
0.322698683122
0.0953239261236
0.229166590569
0.173988394547
0.192617710734
0.230893498249
1.0
0.351566481891
0.368029328297
0.368029328297
0.248642538673
0.341641401888
0.213769361831
0.164439636409
0.244827900281
1.0
0.249136765375
0.170993133733
0.285773724048
0.411795942665
1.0
0.258340428429
0.349877232432
0.27047853319
0.267986393714
0.35512701581
1.0
0.35881272935
0.158479855449
0.0717961682932
0.181497844573
0.12777540514
0.111824263721
0.219804881181
0.484943625689
1.0
0.276184211922
0.303104620936
0.212271912842
0.10900122933
0.10900122933
1.0
0.189415451072
0.265307389918
0.627001684131
1.0
0.286650982963
0.487782934991
0.286400441423
0.428740836463
0.167411014334
0.606593760604
0.159915634807
0.212217760303
0.0983902006947
0.162615221577
0.451277923427
1.0
0.328559139335
1.0
1.0
0.219571470914
0.140015301466
0.175884863712
0.236789952147
0.419357220719
0.36452411699
0.173116088825
0.22194904412
0.458479509713
1.0
0.14454309913
0.163816454773
1.0
0.197751470931
0.349002304959
0.0857979047309
0.180561512046
1.0
0.346866767825
0.0403623468374
0.227170808348
0.1889174485
0.114133931262
0.148788744894
1.0
0.307258650484
0.219272382188
0.245818979932
0.125915009603
1.0
0.237161414215
0.265585724814
1.0
0.383806088349
0.113932673594
0.236276449141
0.226185810678
0.0631178485523
0.703135776731
0.719355438144
0.719355438144
0.50463380133
0.177746556949
0.471236785897
0.224829309142
0.423367065089
0.14670678771
0.231181210544
0.465063896051
0.413002785731
0.321542851026
0.165211920596
0.347540964184
0.152925711893
1.0
0.162501356532
0.111806075361
0.145280722812
0.146985764432
0.25842106352
0.312966786868
0.197300954996
0.174909794549
0.249194229983
0.256489883465
0.337963341161
0.337963341161
1.0
0.29532500195
0.410940427903
0.206233773873
0.504728662242
0.377941960018
0.326515778465
0.0959145135679
0.0803577698143
0.213966131357
1.0
0.287049375335
0.472686609518
0.105989323518
0.208327750494
0.213372250105
0.213077341757
0.396040724723
0.240886884373
0.235929581027
0.335969241952
0.261419761917
1.0
0.270071960857
0.157289008147
0.243824907146
0.217297792774
0.223307234853
0.497798845412
0.0856295902415
1.0
0.0788575983496
0.194836781681
0.495481511737
0.120814954661
0.236983572686
0.262849586229
0.155732644319
0.228041039873
0.189220336263
0.35661468551
0.493690223821
0.108732364843
0.170558193677
0.15012840171
1.0
0.184124076922
0.0791040007546
0.250027194999
0.43238314918
0.128758850835
1.0
0.349761208396
0.245999412251
0.168230784528
0.246820077512
0.0846742314834
0.125650149399
1.0
0.420130534025
0.253248259237
0.336420895195
0.166860686394
0.252076090289
0.492455073598
0.115297134251
0.0874408652726
0.120931854863
0.22198336034
0.189584636259
0.262820996601
0.160050560834
0.0866018782206
0.0686848502093
0.41777392814
0.392716707386
0.542223908848
0.202961659202
0.304545255952
0.194081611853
1.0
0.296483945097
0.140271395135
0.260133008082
0.180966137369
0.319549345548
1.0
0.174170574325
0.307638891972
0.184517650544
0.682000928885
0.330703630501
0.357305575063
1.0
0.117331776745
0.293492351756
0.342511141424
0.212420243727
0.198185125674
0.383657551001
0.61473940091
0.125217601239
0.247099658747
0.571257543799
0.338682139737
0.306193447326
0.169736523266
0.045389645663
0.365887010945
0.293742457436
0.20500057582
0.155432170777
0.301193079825
0.476192372129
0.232483335659
0.285343765276
0.287692052741
0.23900260355
0.383549932186
0.076517778787
0.238407140396
0.305475500913
0.365754622292
0.39657213415
0.159816311572
0.212265341155
0.515134255973
0.341816361556
1.0
0.263544049168
0.143756644916
0.118111171979
0.313008285956
0.0862262936816
0.187518398543
0.122999663037
1.0
0.0642513804276
0.374875478992
0.329298241049
0.136552158931
0.26271448993
1.0
0.301402080503
0.0798459722127
0.196184559512
0.10126353847
0.193559071853
0.0327464669052
0.36040158986
0.250958801439
0.180274347966
0.261314689753
0.631577956435
0.200116123429
0.453255157501
1.0
0.0839272996899
0.124176542298
0.345059953954
0.263819649649
0.262762490708
0.0709357672528
0.579895519395
0.579895519395
0.195315769012
0.148093439298
0.191681302633
0.402962355045
0.235637702827
1.0
0.389104466248
0.439214534788
1.0
0.10958275372
0.516105002665
1.0
0.625422120454
0.0643515470102
0.160496024173
0.332434206466
0.307555273723
0.100590418479
0.121357497556
0.158201849509
0.152224187534
0.0808408781444
0.534572453063
0.169972172215
0.277903418802
0.121228336649
0.42659591148
0.315605221673
1.0
0.145293814753
0.280224398397
0.256237529058
0.305642466365
0.133236396028
0.275028036288
0.103191278288
0.54072852765
0.17517346727
0.289240371553
0.349877232432
0.224639371902
1.0
0.263536835392
0.190044859102
0.12649479906
0.248300307987
0.324550687166
0.247441842571
0.427455350233
1.0
0.133353885399
0.362454918961
1.0
0.264863819718
0.275958534686
0.266484810077
1.0
0.0707479732551
0.129271793058
0.203051813867
1.0
1.0
0.13694142784
0.233360737441
0.407512623605
0.357571366997
0.190079464531
0.233352084876
0.130632450124
0.0449922342699
0.202967479112
0.267486427989
0.200652769713
0.458878172769
0.0632404472717
0.232884417328
0.320522759122
0.35881272935
1.0
0.367108048325
0.122615990119
1.0
0.19730557828
0.192867658698
1.0
0.25094896424
0.297089319184
0.293835883526
1.0
0.274740007038
0.134723151119
0.339118120707
0.228404648033
0.418742176973
1.0
0.172185311579
0.345465745219
0.297211264416
0.48546815135
0.134767616102
0.129485980726
0.0574856370326
0.247767795335
0.172978195804
0.408054748219
0.428462837616
0.396794243713
0.5640358272
0.222332993563
1.0
0.477018348457
0.293879124636
0.0797723965094
0.654076309555
0.109584974016
0.141670354074
0.156149272912
0.105246794901
0.283121136131
0.222323764755
0.420524898987
1.0
0.0855781886874
0.41805868428
0.257862967424
0.255964978575
0.248046345298
0.0757970317308
0.174462949233
0.344246532581
1.0
0.0795262313554
0.240100486073
0.177562950168
1.0
0.402627657556
0.283626232338
0.088645913178
0.366702572776
0.368098660577
1.0
0.145749169663
0.278966423797
0.17389648396
0.252801155677
0.312929107864
0.420498279523
0.0
0.575812237075
0.296539364013
1.0
0.162612753081
0.253804179486
0.626749898423
0.0655977438152
1.0
0.307970600732
1.0
0.318011132083
0.219997718315
0.165421368766
0.270876492201
0.40957439724
0.328204322974
0.120387109026
0.186135489924
0.209273710266
0.308624015495
0.119675133282
0.146300541779
0.147283683438
0.222181002711
0.152264459283
0.271017292252
0.162214464679
0.300858888192
0.212611654358
0.352202671341
0.615452264019
0.319455630143
0.262889559353
0.497099144093
0.31154143924
0.159626751314
0.171475952925
0.178893703429
0.245717508454
0.396846312638
0.119520907175
0.205085959006
0.152258548508
0.198234856673
0.11959242218
0.779231951639
0.180380009514
0.22943095907
0.143269126566
0.494116935486
0.333393175548
0.727941984857
0.163152741457
0.279642382441
0.167266236647
1.0
0.542407511398
0.142285663707
0.122677624267
0.343967595333
0.321787765664
0.456640387597
0.384917106841
1.0
0.626601094959
0.0905648875493
0.213825013848
0.326030513068
0.331989336673
0.377596736071
0.0566864397964
1.0
0.522048226612
0.223172720057
0.317889525896
0.122031189792
0.334373562363
0.191849837525
0.32758413959
1.0
0.228899918325
0.31120665132
0.15716412972
0.155781623308
0.351727017147
0.386212738582
0.273587574993
0.164764501649
0.37502042073
1.0
0.445348196328
0.445348196328
0.164905896758
0.453568895314
0.371091309476
0.308846999054
0.480498195896
0.516610065519
0.0256944030322
0.389807216754
1.0
1.0
0.178119562768
0.165220187909
0.155678023437
0.21862560924
0.267101168943
0.129341656964
0.17183044558
0.366914289017
0.265933853557
0.254868463477
0.254868463477
0.242593225584
1.0
1.0
1.0
0.13093800834
0.267701404669
0.102714266358
0.457993773705
0.181721956353
0.329004270177
1.0
0.217809695778
0.107673726619
0.297829200209
0.193597245496
0.38443741591
0.109667991532
0.264396759424
1.0
0.130634005038
1.0
0.155558521931
0.190112609326
1.0
0.33159538953
0.1956548307
1.0
0.300089963201
0.19285087282
0.21062266995
0.224544407369
0.205833024931
1.0
0.262960031047
0.317881642806
1.0
0.228340330751
0.139516707822
0.102712221666
0.23809216687
0.566211044723
0.377571058888
0.165445616225
0.0749904501938
0.214701376558
0.251921986309
0.159292834447
0.13177735711
0.189336375074
0.13568037165
0.236204633867
0.447415595169
0.388937763029
0.218154861737
0.710909213128
0.284734937046
0.386733963621
0.108345835987
1.0
0.0393564660188
0.138844518256
0.173948476703
0.31030304929
1.0
0.0983179936743
0.395222161163
0.317465794271
0.149453280871
0.257377681061
0.328651546499
0.34370221137
0.28052383314
0.102436220984
0.452650688607
0.230719632436
0.270091702944
0.381719605972
0.172254404038
0.175632705398
0.0879528417654
1.0
0.389007476057
0.341895975328
0.144703733631
0.171174209435
0.117584723545
0.220999979582
1.0
0.110170072302
0.014436008667
1.0
0.193059476828
0.452093442314
0.127322931026
0.283260973532
0.224512604483
0.361624117738
0.288112919006
0.108410129867
1.0
0.367434678265
0.12922835313
0.286261387728
1.0
0.213726589391
0.33597260935
1.0
0.573552417137
0.26551791398
0.248789895687
0.0763956737083
0.0948139149611
0.268616936291
0.104914732575
0.0959138235347
0.393631944419
0.465818914733
0.189730810308
0.0765673860048
0.226814491654
0.216916121573
0.115334565696
0.218199163706
0.221799831416
1.0
0.203395063128
0.232858668876
0.568034358482
0.143099104548
1.0
0.287254297947
1.0
0.162895793374
0.188951056017
1.0
0.21262203094
0.114327702951
0.462245054207
0.48255459519
0.141812262186
0.158618023527
0.272924547991
1.0
0.218017164302
0.382168934646
0.0910139880106
0.208668029974
0.270988147535
0.150484880234
0.354472052928
0.27430686458
0.138497708999
0.0332696605029
0.156158309082
0.110906905144
1.0
0.0798015208767
1.0
0.329767708658
0.218723580541
0.220523314781
0.390879578659
0.477093969062
1.0
0.314224936566
0.550008737691
0.546811145225
0.521105930913
0.272660239534
0.222176005641
0.531854247074
0.218299732071
0.369945684155
0.157421633586
0.135305865812
0.300871507178
0.247834834949
0.55712832487
0.55712832487
0.334947147145
0.132983036057
0.0577297176531
1.0
0.10596961231
0.129819598091
0.229317019634
0.0920826356176
0.62745454146
0.29788528297
0.0773836002753
0.218353751752
0.637352827269
0.11875129365
0.337893051495
0.127773660518
0.31849231264
0.69995316788
1.0
0.314077072215
0.572665273047
0.26713597352
0.308963372231
1.0
0.306735566905
0.18629287847
0.332452609558
1.0
0.414275631601
0.0324009763125
0.309407314965
1.0
0.233643962422
0.246067708302
0.329500213409
0.127487146695
0.0414454486314
0.0369909046459
0.495767399513
0.176127987752
1.0
1.0
0.441734896765
0.303745786427
0.140350002798
0.168793617549
0.0752432146428
0.234307098277
0.287198439712
0.118047246241
1.0
0.216063454241
0.106682149015
0.178872875563
0.0987835361
1.0
1.0
0.281282903812
0.128323920204
1.0
0.120952709714
0.164705497433
0.181293709113
1.0
0.341328452891
0.378166942457
0.160990681332
0.335263328515
0.321559293085
0.455622847406
0.145014607753
0.145014607753
1.0
1.0
0.072064313958
0.149319830066
0.107571325292
1.0
0.148758345855
0.449744868251
0.489940543734
0.059659584211
0.337759471132
0.245405868823
1.0
0.286716216233
0.168880376456
0.1320731453
1.0
0.176236351265
0.250783133434
1.0
0.30655764858
0.189036903942
0.178119422776
1.0
0.11843832532
0.19514314441
0.253934296573
0.198015458804
0.231745245005
1.0
0.187083600602
0.191095688519
0.278299472739
0.290639298316
1.0
0.319960899843
0.340101667278
0.32638763699
0.241097474605
0.0489054261878
0.176720070679
0.324459462053
0.169233397392
0.128754942747
0.263450346728
0.381977453424
0.321039973938
1.0
0.173748488416
0.127082992612
0.279940297817
0.5669668566
0.248518474089
0.111483861596
0.331008007508
0.306750039812
0.329617007247
0.164488988529
0.167055890767
0.211235380296
1.0
0.489693277262
0.173102036928
0.215719038595
0.232102892439
0.404602042172
0.0750582481919
0.191625503262
1.0
0.259936025399
0.31277344472
1.0
0.284142695904
0.259798157507
0.0969417754061
0.160390605918
0.151444784909
0.212207193483
0.222745003609
0.200779538238
0.185283372948
0.124360214618
0.43714279168
1.0
0.34076701045
0.100799395809
1.0
0.434278938362
0.20148354452
0.39502152612
1.0
0.0945049696346
1.0
0.656249565368
0.244287633078
0.185956520174
0.163797341443
0.12488927898
0.187495665754
0.315442482916
0.0743929188668
0.153774417087
0.138220820836
0.368012869486
0.387741224934
1.0
0.174494407834
0.339121845235
0.272097411877
1.0
0.200681020195
0.314527757756
0.0526608862643
0.298144142814
0.388833819768
0.24753826615
0.27422595098
0.239910140527
0.163776069177
0.339515844934
1.0
0.166448084849
0.266965667731
0.343198310678
0.179262744238
0.113993896465
0.332553772997
0.147431640858
0.148273111224
0.406020014231
0.107188539044
1.0
0.490932233248
0.490932233248
0.322953455476
0.13533552205
0.195251969618
0.0981408070617
0.394295335361
0.19572271418
0.249326805629
0.233814495598
0.468908209563
0.124990855519
0.196261623981
0.30285614165
0.196638308515
0.0933887787899
0.307095594723
0.176108621061
0.0793456261689
0.329229976919
0.120950730577
1.0
0.262572345991
0.303452473365
0.0425259008103
0.242290895462
0.380168182706
0.164339510414
0.201262025087
0.213624077404
0.149983974726
0.333276661037
0.218537647293
1.0
0.165697173574
0.265063826256
0.26185942174
0.202335089758
0.115306838826
0.165404568932
0.307252538042
0.25995999784
0.280002988139
1.0
0.211239818047
0.0284006859094
0.171940748496
0.302137218408
0.205524430458
1.0
0.191412947415
0.194019074349
0.120149589964
0.110983717921
1.0
0.624081492584
1.0
0.503380694632
0.263305608298
0.375528066953
1.0
0.347357367714
0.268232821672
0.159149318335
0.356175586633
0.156865327754
0.258821690009
0.152572401494
0.220628801852
0.105446715188
0.434991460051
0.266806122209
0.0829107080008
1.0
1.0
0.576197298059
0.617051715723
0.256684016222
0.169859237294
0.253025161843
0.29345393599
0.331605795648
0.122497244267
0.39393493607
0.200622305812
0.0940048535872
0.364864618505
1.0
0.257622167877
0.178541507999
1.0
0.33077450118
0.423489428766
0.373533997328
0.408449523333
1.0
0.153792558613
0.125734986996
0.279100884559
0.21810188007
0.178313750929
0.17037665207
1.0
0.188411526495
0.214526467566
0.281084563633
0.543138140931
1.0
0.0527676505135
0.494359584368
0.229569719867
0.261521680236
0.136831950221
0.254232939832
0.344226843648
0.131349727541
1.0
0.214137634731
0.187282490248
0.405685637957
0.260576273164
1.0
0.296299107389
0.547428772292
0.407052542537
0.407052542537
0.100569118439
0.411744378576
0.34241654436
0.683587520739
0.173275575932
0.427181382721
0.638861234217
0.406315644236
0.28768758204
0.3444464165
0.0452411687875
0.261093714307
0.269303578216
1.0
0.204976084353
0.236619188893
0.491582004027
0.162915129011
0.195389896202
0.182819278614
0.227373730226
0.38640937097
0.38157177749
1.0
1.0
0.516654126707
0.558709530189
0.235747053414
0.192097476188
1.0
0.201097497996
0.266631524154
0.31388406775
0.179475093544
0.217212229274
0.0865806711358
0.0760230425534
1.0
0.320552977362
0.332041787596
0.400247010082
0.0340456917303
0.120029181208
0.108585176511
1.0
0.355781842235
0.240812770641
0.108250636918
0.108250636918
0.0925029530908
0.147040739237
0.0944102970116
0.140600482718
1.0
0.200911296186
0.242374969814
0.210845723418
0.210845723418
1.0
0.339451530321
1.0
0.183218334354
0.118623912213
0.303431533027
1.0
0.253718801529
0.306535724817
0.31420693626
0.0821367178374
0.386847571007
0.156932719681
0.0736529292665
0.303468211543
0.229063712342
1.0
0.137440805476
0.292003257435
1.0
0.0352383227735
0.16659187493
0.210934768939
1.0
0.222631542012
0.367914193529
0.53975627341
0.267203541775
0.249334233843
0.112987922158
0.214751975518
1.0
0.133118476355
0.24990687461
0.236520628924
0.228007741685
0.303738281004
1.0
0.420288561525
0.266161242028
0.737434558121
1.0
0.267288483849
0.272093345291
0.371128164486
1.0
0.241712348606
0.376270182579
1.0
0.207894303508
0.286103408196
0.234085646826
0.268780999191
0.591746212876
0.19518095644
0.135293695428
0.500547002166
0.377170037359
0.488070432012
0.528199653114
0.208654234141
0.44553213736
0.293538855331
0.203459636828
0.14759002614
0.209864128147
0.280437532546
0.631577956435
0.107602560033
0.515513168915
1.0
0.148741993115
0.312424130401
0.135151005535
1.0
0.150717996318
0.387496369367
0.21117669213
0.49382834392
0.345277025254
0.269652590201
0.16381225686
0.470021272806
0.537202898284
0.1810060241
0.158201849509
0.0889649426593
0.364730442566
0.485750108326
0.227349194177
0.48760205175
0.396114401413
1.0
0.395336770061
0.0336883401734
1.0
0.168920966365
0.331302050504
0.205357847054
1.0
0.264438647363
0.426028064211
0.285050811613
0.219719590503
0.283956542028
0.538455158289
0.487340527705
0.503199768392
0.767264568162
0.598658473031
0.163347050411
0.306357251985
1.0
0.287188582861
0.157217920105
0.120723387323
0.234559590414
0.101313738396
1.0
0.569335128883
0.412660708564
0.105302939802
0.0527572598143
0.158715920578
0.201306287673
0.271806874189
1.0
0.109270861991
0.187804806376
0.264187499844
1.0
0.0708376855061
0.218730860776
0.29020060737
0.370841933442
0.271232543019
0.207490475635
0.416006660299
0.311443032542
0.137908502028
0.223486636646
0.19038579183
0.113815688189
0.0480890897776
1.0
0.242328829775
0.0968661342021
0.187822209318
0.325079802335
0.033845747116
0.182513378949
0.0371922972361
0.0546512956511
0.0281980591539
0.0528241451306
0.126056426168
0.184608539607
0.0867681944591
0.0860248758919
0.127890329458
0.116222216867
0.103590010445
0.0804060508507
0.100241458915
0.142472833375
0.187008541139
0.151115354947
0.200490984691
0.254072233612
0.0877230737702
0.361399705482
0.187808432491
0.199931608471
0.119930063096
0.0875372385826
0.0271014636253
0.0573345551279
0.202756073466
0.144430378141
0.137208126795
0.0181757690769
0.0275242111264
0.11757098932
0.0693834813378
0.0267100228949
0.0393188828821
0.323670808171
0.0429001825511
0.107876495319
0.0939134440924
0.105926945408
0.122790429452
0.0875436400876
0.057030208217
0.0639356499992
0.0518087418342
0.0269176597262
0.110624264816
0.206770012814
0.158942442991
0.165489565004
0.0402173300194
0.0714429340031
0.0516158979441
0.166110548234
0.362676574873
0.11486831091
0.178466126295
0.133273859456
0.152295233321
0.188448421723
0.0297137605526
0.112038661328
0.189354221878
0.0487047500258
0.11898629806
0.168796056049
0.235916587044
0.255282996415
0.121318448691
0.204955431045
0.0733672295447
0.0796156091151
-0.00378327477214
0.0670876260986
0.0671443294549
0.172656565045
0.126219428378
0.0619071082232
0.12188891016
0.0418657936909
0.0961827304401
0.098630919129
0.0667621763623
0.0840467264447
0.0913657494923
0.0649575133918
0.142472296204
0.125880406986
0.0112266416044
0.0310842559408
0.0945379722176
0.228595868033
0.107514807252
0.100773141183
0.15981432981
0.159788692247
0.153497885592
0.0502824899064
0.0781461981822
0.160641714041
0.198083613417
0.139031397912
0.203790864906
0.0574168414163
0.113403302473
0.083182814276
0.00590404252831
-0.0348574752802
0.0800949237023
0.145894184346
0.267303051823
0.173697766028
0.274092146871
0.123343006395
0.0995585658324
0.138007260836
0.0963273606121
0.0563213856416
0.218121116066
0.0805378997649
0.266781722181
0.149266667005
0.124742492494
0.121522597962
0.121437698223
0.106489114835
0.111089868385
0.0760981188527
0.180124624751
0.0239168400589
0.070815383235
0.0715999382697
0.064279384818
0.214075665808
0.0968654475452
0.0461301679079
0.105289892188
0.142622473887
0.0319368315697
0.162741619373
0.204864165067
0.135178124757
0.211105350729
0.103503963402
0.148689803304
0.183406987333
0.199779697502
0.141213552181
0.0449056428453
0.0668631976915
0.140495734792
0.159657666492
0.117831619788
0.0297795598245
0.0611785706745
0.333296127891
0.385635261087
0.348215677006
