0.697922578711
0.840670353306
0.416441477442
0.717126536861
0.694037927897
0.354849558107
0.431698202551
0.670163158258
0.398746505894
0.473315382113
0.666710280546
0.679739059581
0.276532147279
0.475007944263
0.348513259339
0.453039085062
0.471383220996
0.409298694773
0.898977818972
0.556152974237
0.585784925717
0.439997492192
0.409370757337
0.416647308939
0.383479118877
0.55445427353
0.302726030126
0.505350370623
0.419953609137
0.436616728153
0.418892652914
0.953974580022
0.519451218271
0.689198971738
0.442149190645
0.413207788756
0.436766626462
0.561445268955
0.380518822838
0.47217832059
0.314303651596
0.749192156005
0.410477021037
0.544857702554
0.476524511703
0.582897757636
0.333145846884
0.351377551046
0.499915724542
0.52187228921
0.540945245386
0.573309804654
0.460440060339
0.270972366962
0.318176459656
0.758464695067
0.46602493667
0.243585422587
0.50557692808
0.556680225224
0.674447244352
0.41905585075
0.320626047267
0.390245913151
0.440639582485
0.725670491831
0.404761956535
0.296997202795
0.496926113098
0.678516123783
0.569063753114
0.380691951768
0.240871127274
0.488290957968
0.359206139987
0.55524207044
0.475174241994
0.309302485291
0.420612465259
0.419636705672
0.575018086675
0.467182599302
0.356306632858
0.421718727461
0.419553476132
0.765091794749
0.185397314433
0.347527847839
0.338296682192
0.345728699496
0.376087101062
0.481404286562
0.520191459697
0.43386622365
0.410708172358
0.418143115348
0.364724249239
0.51077385674
0.266001094582
0.485148882008
0.229946628745
0.401508112085
0.611004049687
0.328973471691
0.426999373555
0.35401861023
0.324343121652
0.55560023941
0.296594473002
0.500677650875
0.271079816334
0.438049419752
0.793820927507
0.233472311087
0.408778323848
0.279466432815
0.48358161313
0.375131677092
0.299748919151
0.537625007868
0.392068553919
0.311866432151
0.416204193458
0.436693599056
0.51640844098
0.394613328282
0.297483169495
0.562053829264
0.399679457872
0.539342710484
0.492684910575
0.341379442889
0.400955610853
0.584676001151
0.436645996515
0.479842891164
0.407412254582
0.269445589012
0.44568132673
0.430704649307
0.279698036111
0.397534304158
0.39735907524
0.284039237825
0.455161647734
0.385895343208
0.36220635396
0.393892821073
0.285872237291
0.484168413681
0.386808826106
0.320943027189
0.434588756956
0.527600687428
0.278806464393
0.365410046782
0.494745994223
0.435004203674
0.49832431062
0.814726530357
0.62283214403
0.61424264813
0.352922282437
0.384602246022
0.36732932462
0.572022388171
0.468662449775
0.673716987274
0.461991568841
0.393972032008
0.458141455397
0.423993372588
0.327540989214
0.442294861478
0.389060107856
0.347231760161
0.470314630195
0.442240812355
0.597112485194
0.528079482602
0.601246872888
0.623878985379
0.404736055361
0.534076174343
0.409839395295
0.340765092277
0.416104848817
0.451327501699
0.348264994575
0.365813185959
0.280921261352
0.231530361038
0.548846658127
0.66283811005
0.521462102872
0.575037662264
0.280072067415
0.428261621162
0.391113693466
0.105662786809
0.728509455947
0.249084520959
0.605290178073
0.369901767472
0.367470280665
0.527267839721
0.615667518974
0.393350373292
0.331052660443
0.384113639868
0.370545570551
0.691936479195
0.379361604206
0.431613213045
0.525859361534
0.253354275781
0.334203309497
0.379682312163
0.397026990138
0.420849613192
0.396447877717
0.292014213272
0.333931449639
0.434961142057
0.480365490242
0.440633127718
0.332950845463
0.443936612166
0.394538316154
0.557698353699
0.26822101406
0.40658012382
0.325220106021
0.473422075544
0.690581406961
0.470332346283
0.360255721882
0.40474234191
0.668084220407
0.361598816757
0.397470651245
0.461550684045
0.314765418672
0.49922005677
0.477364319758
0.388178001549
0.40111839297
0.787064165239
0.575100627057
0.711148773767
0.614871032522
0.343702057487
0.399938146648
0.330492604725
0.489086039866
0.498115661692
0.521395472716
0.494307700634
0.337683229691
0.351538454459
0.403931488493
0.471791587011
0.452362526679
0.481423079519
0.3946518
0.381054864878
0.303251926415
0.547647118099
0.296102364584
0.258582800512
0.461523307077
0.379963360189
0.400508866783
0.293926234861
0.334414640062
0.337539792699
0.495730876267
0.465509891538
0.41572730797
0.416211580502
0.62955608647
0.334463744544
0.447492640959
0.365362918864
0.434720591069
0.444048354024
0.792214197748
0.467871968539
0.790630784911
0.690620880964
0.431020779111
0.539979848208
0.39579531361
0.370315112156
0.335571006178
0.432496736278
0.585612415793
0.436133171167
0.396635832678
0.274469232905
0.302325870855
0.546954538804
0.450396222814
0.340877395922
0.401411852322
0.454279926275
0.423012815308
0.475703384874
0.400535123495
0.39288584066
0.305257534415
0.476966145764
0.304326998783
0.495460013406
0.298246454453
0.3139144502
0.438523881052
0.445822770107
0.302644923073
0.346389183531
0.380145028168
0.607662521234
0.40226105761
0.426886696535
0.563802857631
0.306760422542
0.539397028321
0.227375653913
0.479772619569
0.425299283634
0.279916555578
0.383155468711
0.572227264768
0.39085677163
0.473489477296
0.403831895186
0.275754370491
0.436340048975
0.453320687015
0.525447963969
0.61846182212
0.470813124895
0.561989766166
0.395367178588
0.437500345111
0.437928187518
0.471996470162
0.272068791401
0.487342444515
0.339413737135
0.394307560674
0.4655536295
0.345125530061
0.281792376181
0.281559199214
0.42225529057
0.468578284265
0.366315804157
0.337692029881
0.443133570374
0.487114783561
0.519970557267
0.373746412698
0.475137927808
0.405262111017
0.397973207526
0.459119732718
0.506086845037
0.622260651539
0.354423061237
0.577559689547
0.266556773019
0.453760330655
0.480604709896
0.446746783781
0.33284298036
0.360231550668
0.38398881037
0.42756251254
0.734312774038
0.494766825804
0.662425467569
0.456829108299
0.456183860182
0.622576334237
0.436309938094
0.30994396343
0.305864129987
0.353388034514
0.42277111405
0.394639171108
0.393063109746
0.356168045894
0.467154515679
0.271380160239
0.418010087991
0.258453600593
0.335310100143
0.25111669847
0.398149392525
0.66764364117
0.4518614334
0.446735155652
0.42397088841
0.226488006358
0.387771007722
0.421517956617
0.402238600295
0.365323780862
0.301282584066
0.414754823628
0.377166302415
0.404616487738
0.33916642989
0.3278149874
0.306365442227
0.503097831462
0.380213631349
0.351783123093
0.456417128772
0.338390225004
0.44199744837
0.339814586168
0.352979520967
0.491888490378
0.564878943501
0.27649480971
0.485402439928
0.57936380047
0.247372582224
0.571801561528
0.440936574881
0.54861961841
0.330542066238
0.359956309987
0.396832254659
0.363231031729
0.560154398303
0.419091504901
0.46969167012
0.381054682546
0.352354760071
0.414739604979
0.438497244302
0.564721075558
0.39961758975
0.426376118169
0.303048845901
0.677459998257
0.444026417338
0.310568568666
0.386857683134
0.317019104837
0.411415269315
0.372634544713
0.448479819788
0.59526570682
0.370083224597
0.27651281936
0.438581513626
0.385893456169
0.338342434674
0.363000426778
0.346544054088
0.388044239209
0.518312477207
0.476968361139
0.40857744296
0.418316794709
0.372170847123
0.201782049583
0.437441306626
0.551361819287
0.522469224356
0.340667815774
0.289599863021
0.552578813276
0.563721558524
0.430331702777
0.574434143144
0.425415238775
0.356406068941
0.327583238145
0.424755555557
0.305766387369
0.321538882065
0.440281843257
0.504293979186
0.359679674587
0.54073493337
0.506995098753
0.364784871861
0.295257811017
0.292183194761
0.554985289669
0.465865139866
0.575512970387
0.331430894842
0.411017697732
0.506020371253
0.318021246254
0.642201270136
0.518533609161
0.495846618421
0.332645341901
0.278163839206
0.255571655907
0.303158478595
0.361320972851
0.370312995091
0.329067307832
0.58473706103
0.338618511147
0.271581547021
0.479514937422
0.464261341099
0.361296995728
0.333207957737
0.448426761848
0.451146936898
0.388922065042
0.446502968098
0.418227073436
0.414053154018
0.349944580369
0.319246194576
0.41071249118
0.355177494903
0.408535270659
0.342558666747
0.248519204613
0.328462917322
0.368215874909
0.540801376273
0.311318689356
0.497533925134
0.544172140916
0.389073500297
0.536805689038
0.398344084757
0.514986557001
0.384542733031
0.500606405073
0.253290545856
0.598386663293
0.427997633592
0.428306167962
0.310205079882
0.318267162856
0.438696822462
0.298606891241
0.461509004519
0.269036131071
0.448311438801
0.334557121904
0.266821364665
0.459730920227
0.308422261267
0.776324532279
0.387496163538
0.392860121018
0.390542226158
0.357951823345
0.249194366731
0.536159930686
0.334256193901
0.423887102077
0.45181812291
0.634935425822
0.284306543167
0.695247487359
0.306775883348
0.468473073947
0.422339495096
0.410363088067
0.511408918161
0.29013172002
0.362249219505
0.369607469242
0.488169855
0.460969200748
0.402617501792
0.440707381788
0.490249108434
0.434652346214
0.384373006803
0.403324315125
0.288836200404
0.429216606398
0.386444994339
0.469438647514
0.290239804912
0.437974034922
0.374844402966
0.524614792163
0.327466811338
0.364780511266
0.274136085752
0.451950571801
0.345062673681
0.381618812033
0.541381669542
0.661676240801
0.299657960613
0.610503072771
0.622013702018
0.328950949401
0.483732422933
0.498845216298
0.475274645036
0.540761392822
0.24542713326
0.239418723045
0.385643729224
0.519352743346
0.361281907008
0.73332597268
0.534493192834
0.490616766194
0.41299619149
0.336940016894
0.149378992862
0.353681125364
0.406292182884
0.330745328902
0.470724039413
0.484534191306
0.387131231132
0.39057590021
0.539774218388
0.159277909217
0.421163229274
0.454755540534
0.486440526617
0.324063949659
0.415673914172
0.409548188797
0.379117619487
0.442490172674
0.491936474502
0.459263269703
0.375610962737
0.314713356209
0.495452308292
0.269148679834
0.532475294315
0.269146644109
0.277771213008
0.284688054432
0.216406479999
0.274677249762
0.444243156522
0.545352784158
0.407455303543
0.390499421167
0.528213666059
0.593826744185
0.600967007914
0.322432113896
0.290742863753
0.487499879076
0.270118883325
0.387162561461
0.32842054839
0.295877371978
0.460331555381
0.247044837666
0.370253387679
0.337626572836
0.418779046935
0.369293128011
0.579817179728
0.429290194295
0.391489124716
0.524258545951
0.446858836695
0.310821875529
0.313571669864
0.453587765386
0.367129333888
0.242684513237
0.401069417517
0.368869963269
0.329523856098
0.441250555154
0.381734847372
0.485884877544
0.370057934185
0.346992051762
0.31456964554
0.339856171226
0.369251013238
0.434591663272
0.766096672474
0.429475358132
0.351872339665
0.302186173203
0.2820932082
0.311475765611
0.383505656257
0.244344074861
0.557187998612
0.304218333893
0.366446342664
0.247592263884
0.271159020964
0.466420529932
0.44318133753
0.334268518681
0.437114483596
0.286084093811
0.320843958796
0.278131300799
0.538912813279
0.402820342478
0.524545000125
0.484334219176
0.386684049015
0.373262718635
0.36585766136
0.357943732275
0.502245154728
0.416593699849
0.235625321559
0.304346645919
0.430493032616
0.35125190908
0.244107302302
0.481068324399
0.385264771156
0.360182283272
0.434201766575
0.413172883915
0.325996208532
0.408219404364
0.371598404193
0.321570155015
0.413948363032
0.544011480376
0.411808566307
0.283806097156
0.54254696394
0.337578181794
0.59099500638
0.330895317377
0.341230886863
0.359738042571
0.352145136485
0.556083351169
0.385766502006
0.35553641472
0.440567116255
0.514735644312
0.36368584054
0.402256323011
0.35986859754
0.418787323563
0.308908907709
0.296444745261
0.588781303461
0.306121662174
0.346356769793
0.362428399746
0.367195220637
0.354044799959
0.326759418823
0.25527446663
0.502097576316
0.389237264549
0.372597623459
0.476229896002
0.41284045228
0.237115022603
0.423545955422
0.239568896266
0.32937774662
0.301103874693
0.347788662707
0.493343665196
0.352524086954
0.448952714945
0.470830876124
0.425937677599
0.314600821286
0.389957823661
0.356436720999
0.478952289012
0.22046166188
0.41847634557
0.342660041411
0.41311594334
0.394224711945
0.289829419043
0.476504687324
0.305106534272
0.374724544253
0.795609935185
0.490966745292
0.410555842856
0.434746258864
0.340310737142
0.597813200057
0.43449698876
0.330964877287
0.414842695036
0.365845088738
0.490296702218
0.502882432752
0.314219850104
0.27365676958
0.302339601804
0.230566053059
0.42459322897
0.413567037706
0.353906550683
0.318184328102
0.389617549782
0.376542827861
0.302360250296
0.557218252205
0.281367179805
0.431424211647
0.395287900442
0.361708828847
0.470155179713
0.270880356841
0.270654213777
0.374733807434
0.340360636982
0.394675565132
0.347290272959
0.419179991965
0.457789782552
0.344215347999
0.354268422467
0.247544050232
0.348828829556
0.365423319917
0.229749472557
0.283798430106
0.46446423592
0.387906067651
0.387169431341
0.549738161119
0.2765122275
0.311270953497
0.396679173146
0.346044816398
0.37647222072
0.329664226694
0.197048120226
0.328073592909
0.311589474198
0.197703576862
0.522277907083
0.317032437731
0.31976294605
0.505695830312
0.410619624698
0.503625536939
0.479673231967
0.855894935521
0.258275397629
0.284747679871
0.441537267765
0.502624279232
0.37318968282
0.400956670159
0.507820828275
0.370274665982
0.440352406926
0.39774313473
0.529207101518
0.317717292234
0.427263756282
0.271259297457
0.308895912855
0.315119362997
0.267790677472
0.290455094761
0.322187819531
0.348936304436
0.436514518893
0.426926293359
0.428916687074
0.387318679942
0.486209416165
0.308899210955
0.422019981703
0.44682430017
0.305078280124
0.328713207119
0.314761981993
0.454093284641
0.240995722742
0.379274943908
0.470008160072
0.281585271331
0.286924626365
0.585889318485
0.256717541775
0.278618014715
0.332992428038
0.323308093958
0.340743292669
0.436907373339
0.325844071682
0.350565595071
0.516086666697
0.338024534101
0.410682201516
0.429770381966
0.340755893357
0.267680464474
0.410850425352
0.340108621606
0.407211769612
0.335109417384
0.388925922073
0.349168176095
0.466086041646
0.582506198781
0.320563547124
0.41317329116
0.325254420094
0.376781158046
0.317822784839
0.413196127669
0.335489075006
0.537400075768
0.448583122937
0.563423631111
0.59512687122
0.32379469433
0.359025747417
0.308443319195
0.520509915934
0.465469591456
0.451377221331
0.326233498283
0.323426527037
0.266786799811
0.522558697832
0.323240417423
0.359764218932
0.283315153102
0.329586200947
0.370099213113
0.391137211698
0.495369838439
0.423097561621
0.497030144297
0.315984983466
0.348037786694
0.302596011022
0.340349720063
0.375402782253
0.39101907883
0.488919045025
0.420126936207
0.508240201627
0.40867700524
0.363163761901
0.280830898904
0.564350244276
0.378841160778
0.430001422393
0.342607253242
0.2800451542
0.373980759111
0.541259557992
0.277853592851
0.398031801555
0.375625304891
0.301410425817
0.304468633578
0.36052878898
0.388057696556
0.433213694894
0.334950295392
0.344586055748
0.273185825579
0.271071119372
0.295378137979
0.356647913901
0.393388243101
0.291587192808
0.429909302523
0.481740798219
0.283121745002
0.439770123244
0.487217328525
0.41985925433
0.303131397588
0.33656458791
0.340010013136
0.400024243903
0.432517566579
0.553102932119
0.206897751886
0.383273608761
0.34397425227
0.295937066632
0.336537820724
0.324341318508
0.327807356324
0.326904263167
0.391432902377
0.187943211404
0.233807421947
0.348074663459
0.180397296711
0.492638638096
0.440180982443
0.331681445814
0.308033612323
0.618451378739
0.309385888308
0.299862831039
0.329197812326
0.347558245425
0.350780885483
0.247467619909
0.401137937345
0.390893568833
0.307602084019
0.382659535494
0.294067446979
0.308457619516
0.444354745583
0.341778847002
0.334573269859
0.421423132898
0.309899784704
0.284443397981
0.46347356794
0.299920836331
0.376693464844
0.352668064623
0.561197032352
0.282868138121
0.344433585111
0.321018059713
0.355023745552
0.355110928113
0.33130438243
0.641421025765
0.303142267752
0.351929416471
0.410271637707
0.544656002434
0.336912304447
0.19316879452
0.409311532814
0.313160338154
0.298159523505
0.261345302633
0.36625268997
0.271609478593
0.423132152106
0.513224790219
0.395920603526
0.600087702629
0.299126049813
0.503956560195
0.491677186157
0.416486853231
0.267963109378
0.407851015572
0.396385193449
0.458377810943
0.481583438839
0.344387221441
0.331753618619
0.38292891344
0.397254080628
0.160784208192
0.197889878114
0.348281854195
0.198443451395
0.397923521599
0.424854156166
0.506810116332
0.1886558454
0.358641855976
0.338354367441
0.281795967926
0.480584276689
0.442802642423
0.272699543594
0.286836320451
0.187874920094
0.306633625686
0.444742889153
0.319284620746
0.216605853833
0.280279376876
0.282435588525
0.23762863085
0.232689391047
0.41412825535
0.266411491922
0.378697704389
0.355710236944
0.410737338003
0.467872846637
0.370785364415
0.282264710849
0.469673946541
0.466690991396
0.315519651227
0.514877642767
0.413480565029
0.442593749464
0.387060795334
0.458226810923
0.633372707015
0.435214966593
0.428444124634
0.153150128417
0.28986579464
0.351228789084
0.432711671605
0.295008862947
0.36201594097
0.391975186538
0.377366315955
0.333081357732
0.259994059332
0.311473336679
0.174452918146
0.334174820793
0.465703310303
0.411938011643
0.441406990978
0.177992394748
0.348164093074
0.411134686413
0.234205529874
0.390198101803
0.451412528061
0.271456536723
0.340390263709
0.277793951459
0.445420962899
0.333846401496
0.328558927137
0.396861908665
0.23095920283
0.657651761278
0.471211555149
0.303073474616
0.290311888243
0.250587787415
0.204073803314
0.297207421623
0.319399242103
0.306371475659
0.456627547005
0.27033876954
0.556616768896
0.468216477711
0.333821070336
0.287994221723
0.43732540105
0.291795178599
0.293916833819
0.294443593468
0.294919162472
0.251554845197
0.260119482139
0.529927260529
0.497303850337
0.363967883752
0.245158021999
0.401369261171
0.404688229467
0.292227670189
0.258104624323
0.344526107823
0.335161844784
0.377427492445
0.336381534918
0.487360722519
0.398354434219
0.634549004339
0.51167749819
0.344571811899
0.421466081844
0.310336542734
0.328618214614
0.387099102967
0.458925851768
0.231342737217
0.183273367608
0.354171449502
0.194984473058
0.357700019681
0.402552014531
0.435873497069
0.421342509288
0.43177023427
0.328398442466
0.255148693341
0.36049257999
0.18205711793
0.338284134998
0.337435025677
0.331148280005
0.208738599552
0.322422961092
0.618963142258
0.296285848408
0.456153361057
0.308688624098
0.366481649902
0.264333339845
0.396174534287
0.340517777854
0.356290413655
0.292796287013
0.51446928712
0.255731008747
0.428528845734
0.178537331676
0.39830105183
0.142016342807
0.435551058795
0.48916109166
0.257617769459
0.389229711018
0.419521077419
0.734553444179
0.225360417999
0.241692842976
0.351319100653
0.409173184219
0.27935784017
0.33172053187
0.393796371642
0.454820238885
0.273542786036
0.60467327328
0.438362377767
0.458027434523
0.261833711004
0.501662536507
0.344627202223
0.280969154004
0.635965713271
0.274933400648
0.363304565717
0.250390327656
0.391016936484
0.344082483133
0.217634668989
0.392663326598
0.19456795145
0.270197097972
0.234406922834
0.318467244954
0.258497114441
0.185721989057
0.251370895602
0.533664714757
0.38166944742
0.24661539846
0.37637712867
0.291420733005
0.390317854304
0.215646627391
0.32229678001
0.270962486482
0.23534088068
0.31452380281
0.351790444458
0.357392469064
0.302368281732
0.254171387418
0.383112669969
0.359198514748
0.323097618585
0.311098568152
0.455391640785
0.462357459809
0.39491481123
0.199203651216
0.394967563833
0.308048347233
0.289583470469
0.290081973163
0.352241674568
0.315223562835
0.457494631075
0.187544756351
0.399537942795
0.389681555532
0.288596195456
0.396996984543
0.30402684558
0.444008116256
0.314986128746
0.457405295216
0.357711492506
0.403742432437
0.40340344488
0.352285336386
0.404310768491
0.351538627715
0.256577731678
0.291215630905
0.335641231991
0.337342687161
0.35865891811
0.298303017061
0.335938542123
0.417479140388
0.301082178478
0.292919269068
0.347405025478
0.374945275323
0.332384533139
0.463528822334
0.418247233214
0.479071775557
0.348936993148
0.455072926695
0.628706583361
0.412367326106
0.286169164164
0.175443609549
0.35957860515
0.324243180474
0.366955761565
0.317549921583
0.440016003038
0.169926325362
0.302618069127
0.201983195553
0.371444784656
0.261629716975
0.267033463327
0.265276806397
0.249989700081
0.562905148907
0.306876303146
0.348310215646
0.282546717279
0.343902925762
0.294046079853
0.351479592563
0.257872014811
0.431751067527
0.423694547578
0.351703855926
0.384546011651
0.423225408599
0.46958254766
0.286009237311
0.207157663144
0.489406293379
0.337100074481
0.317839794709
0.141680726642
0.402152006344
0.32095498834
0.346795945616
0.24608487035
0.479417829629
0.200400982613
0.477127796596
0.310770405588
0.317711666948
0.305096448827
0.362501314781
0.375901753911
0.293771758983
0.603161817096
0.30940105973
0.206627071065
0.282184632888
0.358828255319
0.222745394118
0.514869327028
0.409388416675
0.320011651092
0.577055217374
0.287065838969
0.36023890362
0.228558387265
0.402054833931
0.423302964986
0.500493730063
0.440272192075
0.267032821114
0.347839225292
0.193916977973
0.470959518904
0.208248456745
0.362683518231
0.267803841581
0.447364747399
0.242470229544
0.271079761022
0.234507143193
0.255318928835
0.314346354451
0.334570823467
0.335169968029
0.390842794671
0.269512016495
0.311704455195
0.330454522546
0.234704245191
0.380458261491
0.252963647759
0.41891744707
0.313721841079
0.24414867848
0.322564885505
0.389138971888
0.268646957158
0.268963485078
0.257624778099
0.328776541734
0.237407509909
0.149810865656
0.204374563456
0.285362498324
0.330725617743
0.415627817011
0.274443092656
0.440159482411
0.260067272081
0.388164386132
0.420239544052
0.215376092024
0.300514322976
0.300291519145
0.356267439924
0.143402206887
0.175006834388
0.296516418609
0.272660827844
0.16603027175
0.37186096158
0.389772418265
0.349345748868
0.144560964051
0.342803121082
0.321609600447
0.224575437098
0.506826302151
0.30464257659
0.375389912734
0.350260251075
0.390012329512
0.359578904537
0.276461352232
0.22913449578
0.248533896986
0.223732921144
0.244592153123
0.263290455807
0.234354642844
0.324093428772
0.133228084902
0.317795684257
0.398206724719
0.445049866827
0.235260864795
0.426698250115
0.469800091267
0.351725901947
0.434261350651
0.40320655946
0.235117886252
0.318305534212
0.146015157431
0.400753547529
0.493133388489
0.257617953866
0.418702868484
0.203683719664
0.358027841096
0.195067532928
0.299483235245
0.301373200136
0.262629742894
0.27162319846
0.32018461651
0.231240224798
0.16911662502
0.17279800357
0.325965817469
0.263640631034
0.290360653906
0.271589702611
0.366652306755
0.357929376493
0.271363805793
0.204445332918
0.246576551151
0.388322592112
0.38120157979
0.391718989028
0.399389646062
0.548882330393
0.176452760877
0.415286733226
0.200667028422
0.34493945211
0.407610898043
0.391359316714
0.244092384385
0.260592415909
0.252559821721
0.189505762122
0.40389901373
0.399853156048
0.234979143752
0.249942600342
0.404728316814
0.232966531287
0.270439909649
0.311568235704
0.278973857577
0.74903696169
0.514816445782
0.330339078381
0.386961872689
0.446284226118
0.255998031889
0.227861001825
0.395973647942
0.208446148621
0.372360239373
0.214874773259
0.296184294085
0.32941078227
0.580402325898
0.153557217566
0.348770885963
0.368179261598
0.27411682705
0.441191233538
0.366763007125
0.245512042397
0.145575430973
0.334326631775
0.267315392085
0.349618463
0.211483302774
0.263728753973
0.330603784327
0.295063379366
0.379154351646
0.211590947251
0.312037021154
0.453856493152
0.144405590751
0.276222002563
0.294512812315
0.295003350031
0.252528743532
0.197007063114
0.351256870712
0.275138084804
0.270901331587
0.409334271129
0.31472348992
0.145341129534
0.463126776218
0.296912640268
0.246329973861
0.370406556391
0.391616129116
0.271795961787
0.208642685896
0.262594299329
0.241787918275
0.256922300104
0.368545978955
0.324990295441
0.338459078866
0.332152996495
0.227145415886
0.106342255672
0.401635355117
0.382545936133
0.273222360567
0.153688749626
0.274074456492
0.387391341501
0.359435159456
0.238103723848
0.236827097002
0.138552231776
0.455462466482
0.288750852234
0.513435953363
0.165466339045
0.505321219339
0.278465908224
0.284964317079
0.430187221848
0.420841961764
0.185574088704
0.244501948542
0.22040498822
0.395664362878
0.317020877658
0.338453953628
0.19931380913
0.267897064363
0.329622340778
0.236296346437
0.291723023738
0.248580186615
0.278516650474
0.296352516049
0.361720757661
0.31758513595
0.428214118497
0.450845882301
0.298819953437
0.241291836967
0.267344905535
0.499248785337
0.222471871583
0.2511677121
0.456892894398
0.316783067654
0.345570600103
0.231023749588
0.188559892591
0.298838010798
0.40321182792
0.183098599561
0.295827466562
0.284573519024
0.247079817175
0.221523983518
0.298070549356
0.166442745161
0.348242745832
0.141758020561
0.266638480715
0.446933426122
0.277910578179
0.16883772787
0.433438349039
0.320268567125
0.29281008448
0.305194795077
0.375479692079
0.320077726809
0.392760650612
0.232587669767
0.270782671015
0.245968759531
0.189579776366
0.11807336182
0.348813735368
0.314018019725
0.293214597873
0.260241950044
0.271991362258
0.223346279714
0.267853314348
0.24413033521
0.154149068612
0.265245404253
0.165431184107
0.454051676559
0.282884160108
0.299822662978
0.312180347394
0.253046543482
0.279653649223
0.205796952976
0.292167163021
0.236850215272
0.127116871645
0.300702967584
0.288683030459
0.25774378898
0.216915717333
0.139211054961
0.284094243518
0.142825298042
0.115173049478
0.310763110479
0.339266282802
0.370901012475
0.39619809626
0.374546131024
0.318573164596
0.464504824353
0.397003265462
0.168656709571
0.511464294874
0.277784407041
0.387628441816
0.281323673066
0.392132860243
0.27771550193
0.214910470462
0.185744928643
0.345546658505
0.323430669028
0.315508712515
0.215264038285
0.335450885018
0.0977237844516
0.192746602714
0.321966042812
0.348840706316
0.374872225992
0.29993670061
0.282005622736
0.297848474409
0.339666552454
0.386216613413
0.363885158827
0.336374899739
0.444221080827
0.24802536713
0.278537207141
0.255003805815
0.293204387688
0.302653865146
0.138180301945
0.145002854577
0.436198872647
0.269881724467
0.328281768973
0.416611277221
0.227985681816
0.409045193061
0.516282119436
0.218623579914
0.25959919797
0.317463741452
0.147377191488
0.262536990556
0.248541130686
0.365554236361
0.335191081733
0.356427482886
0.359917611317
0.400250051113
0.265057776068
0.276354418293
0.298094609577
0.347557342604
0.258472640531
0.142235029972
0.177456896174
0.301885172985
0.270822259705
0.379493931722
0.409114845612
0.142980752511
0.202792745328
0.48990274542
0.235567824782
0.385044477655
0.286420421142
0.213501070697
0.378015431196
0.202123015547
0.430707460716
0.373197075285
0.328550697767
0.274455497362
0.205422833354
0.465123289502
0.215087896308
0.267840985256
0.181760150628
0.260174918628
0.341403276027
0.166357602966
0.127302650665
0.385050424754
0.209381963553
0.212019506559
0.278374975572
0.281745916366
0.210797078575
0.0808184878917
0.238003284187
0.138100820089
0.387355363313
0.246797089517
0.172465077427
0.257318168218
0.174793480895
0.291285104516
0.512536707814
0.19740458699
0.19875987702
0.0942008177328
0.192888357414
0.32888164685
0.179201997975
0.290170015023
0.359409461155
0.205378230714
0.507536731949
0.357611541748
0.366015246327
0.199486497078
0.211907149372
0.298533361005
0.28854716365
0.40093193949
0.0700871581552
0.344350681926
0.202682406907
0.278716253656
0.295919324939
0.352060716562
0.165612281749
0.270827548882
0.310394745313
0.305927528226
0.41544665816
0.288599535845
0.321798694758
0.256004372125
0.264612543313
0.176402887418
0.537481674914
0.214067536673
0.284298301767
0.16411228279
0.264911151218
0.152414929793
0.33892744718
0.552028189177
0.160785702512
0.245809344327
0.394361991061
0.191705922983
0.19600532152
0.158631895922
0.356659002843
0.139268654546
0.196188641752
0.275944177249
0.224376772848
0.359531851359
0.34863062005
0.171613432782
0.267902738401
0.0985313062849
0.307188834359
0.190841069401
0.285621570629
0.196007504322
0.102203956259
0.216250934327
0.157638813958
0.224356700556
0.308020587183
0.189490632261
0.277013500381
0.185963219427
0.211452715081
0.19014853669
0.230948694829
0.38047677301
0.356907097851
0.404260641452
0.332371337355
0.13862364594
0.214124477824
0.345869303975
0.343054490838
0.318953889224
0.318783522736
0.161737564115
0.168236784055
0.162878931912
0.331177179629
0.329063304869
0.404157068753
0.371173956852
0.257616013457
0.287511639821
0.185683144515
0.327251300849
0.223733941383
0.226773358883
0.248395373938
0.243034798354
0.220205017698
0.421219009353
0.324742163206
0.317595772705
0.313842217351
0.332592243259
0.25207650299
0.301133602585
0.215840390789
0.350162400597
0.259646041971
0.132134888515
0.486717355045
0.339941047699
0.263671201137
0.136433293869
0.130470546714
0.247159417692
0.193229704373
0.342950332312
0.296742309989
0.264901491021
0.266218417093
0.189513296149
0.232948331647
0.267937016148
0.136492847168
0.368650854579
0.354171543601
0.126867251139
0.42084081976
0.188043659771
0.192842738674
0.311782554446
0.233548550194
0.178823239871
0.0981530859143
0.284027914687
0.446248582073
0.385700019374
0.134817827933
0.237590556963
0.18617222124
0.10844445395
0.497750235846
0.372819479917
0.295452219693
0.41233711898
0.365792224587
0.233640391642
0.195258236824
0.211597698285
0.406783944554
0.284109267074
0.212894518216
0.2966003312
0.249161974607
0.18506913066
0.15738745141
0.335637555621
0.298220434744
0.274192801012
0.128817109063
0.20306510058
0.369476451318
0.267214584609
0.206508186369
0.450508744368
0.223317220842
0.318867777226
0.202933980487
0.248036298152
0.183881321225
0.233281306623
0.27234975393
0.392100544927
0.146911644709
0.354891031379
0.233006441371
0.307922551299
0.293166305442
0.11522956993
0.160962927935
0.23504926019
0.226057734976
0.360865571768
0.237689240135
0.262647713823
0.190916780539
0.100748365215
0.52133756276
0.24271644555
0.178690437137
0.264838214895
0.174151835471
0.361325426999
0.0972065113173
0.35829347885
0.147159209123
0.286599711453
0.20645542623
0.278904136028
0.280823541914
0.303164973853
0.17747793692
0.289684322931
0.139578939003
0.236089042909
0.290124497446
0.211781063693
0.0803339954265
0.287683684436
0.138002968621
0.283185127742
0.215815084687
0.328061262646
0.643814119196
0.18990331705
0.26561118908
0.204609455389
0.295670485353
0.221801112892
0.281963666265
0.145838976423
0.186894495621
0.316217262245
0.27798783571
0.221444341118
0.119272543477
0.31103236931
0.254437508094
0.126958647766
0.284832894857
0.224610604399
0.0896284600409
0.136496720958
0.265670517117
0.199873290655
0.258807096604
0.100450876425
0.315204062768
0.311090842823
0.181642509111
0.386589068901
0.251236296622
0.239987946008
0.151951830179
0.158744377528
0.249314874565
0.21785272365
0.255655892876
0.269371816238
0.382002545831
0.110752836742
0.362180441703
0.221241665352
0.163498848984
0.158543273899
0.221655954589
0.199002939498
0.118715533761
0.326563206604
0.160808872514
0.270522966693
0.180334897791
0.346263203603
0.277933131989
0.221820344912
0.176422158737
0.213712196811
0.431039159268
0.0834290694712
0.206016855294
0.103600701829
0.202907170626
0.286960317245
0.306883032378
0.220734006719
0.178594252674
0.346728277595
0.178000096941
0.154556540889
0.50305103546
0.146859430258
0.181238286062
0.387136338384
0.244860986684
0.386533055356
0.200571847998
0.443060934898
0.255112313092
0.316557759538
0.232033399673
0.155406262467
0.21175164031
0.220423910557
0.154187549103
0.495384101412
0.237812901087
0.180983141953
0.217441168112
0.193640807933
0.381304566098
0.157436280428
0.194046765281
0.25894726961
0.23223348104
0.203314363616
0.334536404178
0.124567020595
0.303590832211
0.157460155636
0.276782418767
0.175547499205
0.0966205797795
0.177131712276
0.277894962875
0.206942436099
0.234475534614
0.224331885422
0.189306179568
0.221875024119
0.40455644518
0.314390090928
0.245494157153
0.436320976325
0.164124188508
0.12605061034
0.157144773163
0.180615298007
0.326672702087
0.222662146624
0.202369688849
0.362162630773
0.234826740857
0.203923307377
0.297304022567
0.373056869489
0.240547433927
0.17677823074
0.108852841928
0.1180769539
0.191809277252
0.262328228187
0.42436342824
0.269798024089
0.234040104331
0.205503073013
0.294163333604
0.326544089973
0.190696877113
0.218865588368
0.264597772986
0.442340955137
0.157073079716
0.127207125398
0.143817463677
0.302801536043
0.123127384904
0.336503884525
0.148137253295
0.205799420096
0.203215704068
0.315960608533
0.186923473165
0.189313018659
0.118203132325
0.20928396006
0.108586587298
0.194594124289
0.279095741064
0.254723579774
0.342227864288
0.230865805679
0.276994683305
0.129881809136
0.188607914301
0.233138793265
0.250335400604
0.267290233976
0.167624880849
0.195501466929
0.0952460406217
0.111051857385
0.108503312794
0.232107939072
0.255070617981
0.341429213211
0.149549328547
0.16360651608
0.155398081059
0.124051891637
0.237217692614
0.231903470064
0.310828373795
0.130940322273
0.201902114634
0.393007824703
0.229577888759
0.315088212297
0.170795201557
0.208401765735
0.260604712768
0.106081247338
0.101571638281
0.0495671877843
0.159266463363
0.172692929776
0.178723509646
0.231751534107
0.277700353473
0.196076747904
0.154530348978
0.200538588777
0.365938134964
0.228197753196
0.201897089487
0.155911443716
0.353380452491
0.319757354456
0.211594492028
0.262878896037
0.214011386938
0.201543538273
0.203563754442
0.244079017657
0.425437776246
0.064399894014
0.219035873436
0.250655779605
0.200600163231
0.269781023763
0.0676125173985
0.451371727957
0.269515032689
0.123499312236
0.174561402227
0.229746797923
0.352063755083
0.174071260811
0.21312767112
0.290179206442
0.214476434126
0.122341750143
0.265927876367
0.262460720861
0.17423206045
0.314513552954
0.141228333857
0.238275184728
0.133985570147
0.276340184571
0.136135774033
0.238078568888
0.225621917287
0.211372798548
0.193223095609
0.311427675331
0.108655432999
0.121584835487
0.200182615759
0.259430282033
0.195837078222
0.112915109989
0.229141408355
0.137594837737
0.221385592629
0.278548731295
0.199304344797
0.126622833725
0.162282725991
0.12529057703
0.141696436837
0.229391374887
0.220180247155
0.122047481984
0.243358681689
0.261388100492
0.361279447163
0.185519419925
0.201029040591
0.176162478352
0.131771736721
0.266573087805
0.333286279714
0.170945790858
0.211704202847
0.256722263603
0.129938162767
0.193942206339
0.197046072897
0.197493661253
0.217822734452
0.269532921238
0.223532499474
0.148866773108
0.179508648425
0.107782135548
0.256258968718
0.143232438118
0.221328969794
0.208622324929
0.342483398188
0.195062190315
0.286238295129
0.2388387807
0.306789623795
0.177549018353
0.172243488699
0.145195744011
0.429321129766
0.219277806571
0.311319169416
0.0444588092125
0.197350551972
0.248543969738
0.26369108496
0.104190475208
0.258208651926
0.2623742443
0.140906848962
0.137756209275
0.121453461323
0.162459669876
0.102543468131
0.323143543097
0.134422701277
0.293665070338
0.331258140885
0.0963873612101
0.0880890620176
0.190304058025
0.17914757128
0.184886655447
0.324121775418
0.0905596019191
0.125170665045
0.130233796709
0.237493149473
0.314325588554
0.266268967835
0.0880005570315
0.207175684686
0.354339224277
0.241458990684
0.263595652342
0.207909395415
0.17545168023
0.193022985274
0.222297622333
0.130683166816
0.206206747282
0.254203325862
0.296930603193
0.224400030296
0.22231437958
0.062064839185
0.138822485669
0.270215464429
0.111929800881
0.168954199287
0.112980345813
0.165696815333
0.230441353725
0.245594913465
0.185679750507
0.214297785177
0.241818875143
0.246842787378
0.211534683829
0.164541438451
0.18895531609
0.21347784273
0.143556401992
0.18677452983
0.431540950287
0.190508846678
0.144445129946
0.163843417383
0.189922090661
0.278488325775
0.370934552086
0.147751746348
0.364426165137
0.175429075113
0.223154297977
0.28437245981
0.213522826151
0.113935414775
0.439135493148
0.242879089528
0.203536893208
0.232146416189
0.311003961239
0.166615261701
0.191541982371
0.174699497285
0.109612644511
0.250345623411
0.395194490999
0.285161469337
0.141811666415
0.131044570427
0.138080459323
0.248612857177
0.22399575783
0.166479104724
0.183923557061
0.176337067643
0.132374521698
0.230539207242
0.313380208606
0.192322057156
0.239422768998
0.0906412664223
0.140574746
0.212822435752
0.114318047427
0.317866139135
0.214814232814
0.146369612833
0.222405186322
0.19968975703
0.140317495151
0.224123458368
0.0864242742107
0.381393759785
0.193840031813
0.217428025258
0.233740779396
0.20858164567
0.244187837106
0.326094054416
0.285023573034
0.107403867294
0.0912073237162
0.213557742314
0.193098923504
0.122865506688
0.217704824002
0.174401985758
0.14415531709
0.231985627727
0.382752388356
0.183003241488
0.16518514156
0.201802863596
0.127549987874
0.0809352218842
0.149941095053
0.0839549838429
0.251672161552
0.122049947577
0.20265423808
0.268986565
0.199703070655
0.284298346651
0.201681074415
0.132373689872
0.135813370833
0.203506266485
0.141756411463
0.234779651001
0.177368667971
0.209199190664
0.126842463426
0.220961326789
0.174645028208
0.192036245755
0.175618414683
0.119969014832
0.123234347414
0.218857371096
0.338746138852
0.220332937338
0.224752112106
0.178306793446
0.219797805116
0.172649512556
0.164777577684
0.176859660088
0.129195429299
0.296807745443
0.138547335747
0.108311110964
0.0855288146046
0.246767728247
0.305181183963
0.114476809834
0.155583956088
0.179486043218
0.162348153387
0.38567003979
0.0468555069861
0.105016878361
0.302307264287
0.110745529847
0.151268757438
0.16512879233
0.298376425644
0.252845354982
0.291777304176
0.191984722227
0.217458717419
0.233179401629
0.27169498213
0.237134953797
0.102026641535
0.386961760862
0.145545011713
0.0120855308896
0.136508995073
0.251682765221
0.150276160263
0.247042737987
0.223157867727
0.252323118439
0.257998683598
0.267464753922
0.31934612025
0.216624496162
0.290987217247
0.318430463183
0.091619152152
0.158754214075
0.151908558826
0.179178886182
0.127633294937
0.119525120962
0.430777114288
0.147831934366
0.320939456596
0.122252570284
0.271108291608
0.215268206665
0.0949841892867
0.0620851588906
0.163856756277
0.206984130267
0.164840034328
0.133770789516
0.172758356024
0.0676826094575
0.236117169488
0.243865083721
0.119114580393
0.0923186033572
0.146007011348
0.163658117115
0.316283810773
0.163182991995
0.339216784356
0.161472821282
0.257138352022
0.228589686324
0.143614353333
0.216862776975
0.249104073043
0.143685426555
0.163684606232
0.137149935953
0.26764276615
0.174750685853
0.328567006122
0.227182675686
0.205983982787
0.234677076018
0.203833966449
0.24945781189
0.212028814332
0.229184301096
0.0494520858042
0.237447940398
0.160405714045
0.300012295715
0.253580647684
0.119800745284
0.156501718642
0.132409137644
0.186423466052
0.262233000841
0.112699215384
0.315062856988
0.0707229548762
0.134082513384
0.174423849141
0.229574469213
0.315019004775
0.263328998309
0.262980260234
0.149176399408
0.204869362774
0.267407708776
0.206073389338
0.182181490964
0.119391914648
0.216034460607
0.130276875489
0.150368689955
0.140275122815
0.137869198756
0.319757803074
0.145081219449
0.210146870905
0.284653156632
0.212960797961
0.128190404085
0.250580311375
0.177667163665
0.210092776884
0.173944052406
0.252609026733
0.159744079885
0.137557980074
0.206644152545
0.221194097582
0.197671353416
0.177571400598
0.280979607337
0.158844851185
0.110358460812
0.223441556387
0.21087313858
0.207006748995
0.138113073518
0.194017199802
0.134703316606
0.275675078648
0.166679696303
0.180858151094
0.184838202362
0.089983721875
0.217951124484
0.194685089749
0.190484291035
0.191481932179
0.104116088757
0.0866105568584
0.154396144866
0.13309677801
0.134734691953
0.285724865636
0.161373082284
0.151378070524
0.220339216212
0.149845537093
0.218829898067
0.130852853189
0.254255998751
0.14428206754
0.165046536511
0.24029186246
0.181569106477
0.354493796875
0.233747254885
0.0859933107914
0.0811171735649
0.206128883671
0.198670894031
0.330285295285
0.149065937594
0.178453055282
0.0914664093063
0.184870951096
0.202780541111
0.182218409831
0.154731351944
0.111755816811
0.22754134353
0.117728643211
0.27926540192
0.148780426924
0.186703817947
0.115208612162
0.104828660449
0.136244149555
0.149474159393
0.163661998794
0.256413877328
0.226014359141
0.17409321055
0.171338892405
0.17982631383
0.140395796467
0.169181175768
0.0646340205621
0.179644233237
0.146423825506
0.243769458505
0.16346445032
0.228254559005
0.136783592743
0.132909440866
0.100955729321
0.181143947128
0.196743879499
0.101125084645
0.185223106507
0.159643688348
0.141787500304
0.161184692235
0.124231374955
0.166926171251
0.197245666968
0.156731092889
0.252062929288
0.113370579002
0.235282166686
0.267098915453
0.280666540843
0.230943721572
0.27848427023
0.20200311089
0.221040403048
0.236880444245
0.141190881688
0.287198510325
0.192020034053
0.138640240388
0.101263167695
0.165412756475
0.206831669615
0.133645669475
0.116570143973
0.108293080024
0.161927421632
0.185634986483
0.277278234459
0.0804458655741
0.129438840103
0.325516396506
0.194656782152
0.202071578612
0.149501761765
0.198151388285
0.122412851177
0.125996379605
0.14177972564
0.194722585792
0.221063529729
0.217032883902
0.156611431929
0.182331930233
0.188888472985
0.191390310906
0.260992943785
0.144157413675
0.171497873145
0.151498230854
0.163376433022
0.136957445591
0.154670260203
0.130952252246
0.162413000947
0.157557380773
0.0687309925607
0.2557873001
0.119171780975
0.129076544891
0.255365067876
0.0890893754892
0.243151515085
0.111269906776
0.221265181842
0.126021169715
0.207323171482
0.116884216244
0.156380488462
0.321115976961
0.151454086509
0.220734908734
0.330551050064
0.156554863566
0.185770149387
0.286118151823
0.111453065158
0.272526330093
0.169620316282
0.140967761105
0.158409976819
0.142058239648
0.14744184818
0.269250553134
0.124834471812
0.255941111743
0.089654522398
0.193327643861
0.251348430178
0.164322074522
0.0761503212848
0.287107217561
0.137526514157
0.0990029558481
0.325387049641
0.125064643726
0.320602616817
0.273704343813
0.168384121837
0.217968479658
0.267368038044
0.190125147321
0.060982349191
0.128459537925
0.272986007609
0.112102885303
0.175942897213
0.15762228007
0.194110531603
0.271003531791
0.21660645996
0.122593398991
0.153826469098
0.144264886279
0.187259153242
0.213144305514
0.196084858329
0.138535110335
0.204213680284
0.182827252659
0.153045515878
0.157073991242
0.109362963161
0.171949571452
0.0849048608354
0.256599389284
0.224504998282
0.109228045623
0.0885235979416
0.115053355336
0.225993051443
0.125111561772
0.137072593853
0.138794916595
0.0629123163049
0.125490215246
0.0702421715387
0.11309832633
0.17329311767
0.160701431342
0.12186051461
0.175924945348
0.146877597505
0.273179630226
0.132343433252
0.151314886382
0.251727644798
0.181613716039
0.135512690965
0.129351534366
0.0434037055281
0.105916908998
0.177785367994
0.183059081653
0.229613201424
0.144420279768
0.172090283028
0.0937168720287
0.13854687223
0.239974492811
0.0740372099178
0.120109386345
0.232497633735
0.19864721467
0.123398413966
0.226090997915
0.176798765542
0.11217208322
0.14003562167
0.170503862129
0.0960492454365
0.126722233889
0.123401250049
0.185050834933
0.250808407213
0.12326468428
0.19746961423
0.143415034393
0.190203480928
0.141621199465
0.145500262736
0.126423207945
0.0708299457055
0.0556755997853
0.0849281624545
0.253924606497
0.103133124513
0.107316027233
0.132307155592
0.157070397533
0.0904773992361
0.262041737508
0.139755708221
0.210127571667
0.0555451671995
0.228077044729
0.146257117445
0.183718058469
0.103732726852
0.227954374325
0.287940574759
0.22631295971
0.193548687126
0.12657080859
0.0861422697919
0.174612303598
0.228114479321
0.23231106783
0.177480385396
0.176241033453
0.140743492473
0.104181382346
0.164438440088
0.0656562501922
0.229399948865
0.211368642138
0.187087182865
0.0515145296036
0.142005269145
0.27338069814
0.217322068026
0.0423946109321
0.187181476245
0.21268449309
0.12931067157
0.14721167827
0.165035817409
0.145577794973
0.122126833107
0.0958031974781
0.194401314766
0.050064426282
0.271486761359
0.161651239396
0.117053970926
0.0816285255996
0.199042525406
0.165254603979
0.13145921358
0.261841886166
0.215221672356
0.122002791765
0.162207216448
0.208292945078
0.0977210306828
0.0793315643712
0.110623366921
0.101756805873
0.134205998218
0.150186111539
0.128930018379
0.186022984925
0.0243858472685
0.160264380212
0.081342933053
0.13357899066
0.173482509993
0.179222819271
0.133783586257
0.269111737734
0.172408504306
0.202753854808
0.16349504189
0.136754396607
0.126476435538
0.121978307052
0.140766459068
0.225265800435
0.0550479209834
0.086341415717
0.117474919306
0.250639852679
0.169929724965
0.296050632025
0.127549941605
0.13952667181
0.218185543133
0.133302830699
0.249130217925
0.151594509871
0.198240447884
0.148107301244
0.0988454291258
0.200152885308
0.132891904148
0.109187167313
0.148419764355
0.106370246249
0.083946411354
0.0911337184972
0.0871628632091
0.211227529612
0.155014323316
0.0364437600247
0.202739498947
0.159095149743
0.0829156048356
0.105950844147
0.120488517379
0.144558142341
0.081059235114
0.238567432666
0.114672860908
