0.33165256969
0.371860589815
1.0
0.427275502213
0.426946598082
0.523905042922
0.333532786004
0.377146363406
0.360911400757
0.662406182945
0.401518222837
0.447810283583
0.635478120548
0.576324668768
0.542859085445
0.247544932895
0.35292819277
0.131495515764
0.439465499867
0.423929981222
0.487025786217
0.093933992936
0.133044192325
0.0582262920019
0.150224730915
0.302991857502
0.162029372038
0.125567680034
0.363489604274
0.388527540947
0.461461130465
0.623655774599
0.090915115175
0.0968714364802
0.640969662512
0.254045697081
0.335156332941
0.677121037974
0.622989589266
0.115612813978
0.280972728494
0.361503181009
0.754709701395
0.719326257137
0.552916019205
0.423194367974
0.402325056958
0.377696982013
0.141576992478
0.434509567178
0.373727654984
0.354935749492
0.241389100048
0.441828949781
0.293316409481
0.743802043859
0.123624736045
0.176706202104
0.545234684244
0.56183110459
0.253837616846
0.176108190438
0.341964185611
0.653326444063
0.6306789417
0.317059802425
0.643201986758
0.518827466477
0.65176493264
0.593606161126
0.557819795537
0.212826350452
0.444062884264
0.628030607994
0.52894313283
0.389204905038
0.370187308819
0.307724750236
0.32561723112
0.363554146602
0.0422499542583
0.472054585636
0.203137910252
0.123545367994
0.349253568869
0.100040199864
0.310847149305
0.199646270307
0.278290638626
0.164703599726
0.268405062048
0.23509256947
0.166359007017
0.205289693128
0.0639011445659
0.132827720936
0.53284479674
0.623655774599
0.370201458052
0.392897559931
0.280621629283
0.239210745032
0.388527540947
0.316084014383
0.173055138981
0.351636851242
0.150134915038
0.289995652992
0.239180219773
0.307266160694
0.273439082419
0.244715390159
0.0789292917352
0.203557097066
0.368802020569
0.639151357592
0.268738014623
0.132779576939
0.230785979347
0.263587263291
0.169752809331
0.401584388798
0.282970270475
0.354641174605
0.579125946196
0.407398176677
0.562633656944
0.424988814709
0.312278823238
0.53345263834
0.376508808541
0.514859045091
0.307724757252
0.360701589068
0.313452781439
0.133400673085
0.0893064459823
0.445307430772
0.132042107603
0.121211176419
0.264113707024
0.442428133699
0.187921201497
0.051376429226
0.126432627889
0.119690661519
0.0574732562729
0.394600398043
0.164164338209
0.115159614799
0.251658521762
0.249834534334
0.326504688875
0.207828983416
0.406254488346
0.248542913457
0.372732641157
0.288421840172
0.325897762776
0.467466960239
0.340862494903
0.151677951503
0.235302857258
0.403363860826
0.329276691247
0.322822651974
0.202201759371
0.526994596043
0.155753335208
0.341732015552
0.648315212648
0.151044608769
0.129920051992
0.22378160829
0.27291968933
0.56137825276
0.341763362055
0.439593007751
0.441843794292
0.253786266526
0.201093628713
0.199069473746
0.281649202388
0.294568089187
0.352087359692
0.0359741137205
0.199927645686
0.350207134215
0.231175947332
0.159039721452
0.173038570899
0.373370481684
0.252417760572
0.29390753265
0.229001799647
0.458993861631
0.352079677088
0.303609272375
0.239872363126
0.281285198702
0.35159133847
0.360542970959
0.15205360677
0.0861968596448
0.513906867357
0.308357303103
0.13755477258
0.35943429612
0.223424547832
0.777223324314
0.138002323752
0.250022606282
0.345108355538
0.150804910794
0.473730118249
0.249140537494
0.2312801925
0.430567825204
0.158875395636
0.198302656093
0.174931818951
0.0851135113847
0.231816637319
0.257935804824
0.332639398837
0.259627524884
0.213064838847
0.0870269914026
0.229731760478
0.429960829649
0.267883047062
0.332934057619
0.27644237534
0.183636528109
0.291009736034
0.210529421548
0.524498298215
0.324834401336
0.438294610496
0.464714742346
0.367960382033
0.328801344556
0.239450569448
0.216053685602
0.249311574058
0.673083752267
0.269488785207
0.162235998345
0.15860213103
0.417285528574
0.362810337608
0.0207734142205
0.396515734705
0.0988442498803
0.18279209698
0.337445809115
0.148128218045
0.630796125902
0.38875766355
0.527005357338
0.208249436431
0.110125241229
0.301207010274
0.15124822495
0.299420814224
0.570789105747
0.272031724268
0.393724850515
0.148935559656
0.67546100497
0.414264524294
0.242369245386
0.186437327229
0.290461433285
0.487882589249
0.181801715578
0.202721318716
0.448474845733
0.299526628708
0.293153466523
0.349101584083
0.247534266752
0.258431181448
0.264772007505
0.350588634228
0.299589985809
0.512665375556
0.622395027835
0.324589354688
0.338907245472
0.275349391128
0.320435190456
0.353509463182
0.310071887894
0.272401203058
0.198523788278
0.740218382529
0.472485480504
0.0983384922565
0.452686678731
0.292293942877
0.146341313994
0.39451650721
0.397222603983
0.429379663074
0.298478489806
0.685877576739
0.229524291003
0.573340559146
0.353248602983
0.203269834534
0.25442349754
0.238811025853
0.189285367309
0.464858310572
0.384482858609
0.211396692428
0.123932979453
0.25729934949
0.25029046401
0.390695868375
0.537818212146
0.523408812561
0.291567098802
0.257204000981
0.0931872359489
0.0371193101108
0.293134692696
0.218323115656
0.479515963974
0.183688803527
0.383258240599
0.230627036751
0.230255247068
0.267290729783
0.139670805613
0.518938846026
0.691054799703
0.271922841556
0.28048390321
0.32450384592
0.360215660414
0.356184446408
0.158122787185
0.160680192038
0.13809877152
0.286066384671
0.321800088924
0.187859175332
0.593518323445
0.175913140126
0.367551917838
0.230018011601
