0.297211264416
0.31388406775
1.0
0.408793688654
0.390088381338
0.52311986638
0.317465794271
0.339451530321
0.34241654436
0.638861234217
0.402627657556
0.477323881697
0.594623567486
0.507358622165
0.515536978317
0.208668029974
0.33077450118
0.124990855519
0.455109316068
0.366347677111
0.434991460051
0.0809847444759
0.106981467572
0.0461696090324
0.152572401494
0.286400441423
0.140073182522
0.105446715188
0.347556523698
0.352202671341
0.412660708564
0.615452264019
0.0910139880106
0.0709357672528
0.579895519395
0.192259113959
0.279749463683
0.643123532506
0.596217616864
0.0866018782206
0.249194229983
0.333296127891
0.719355438144
0.703135776731
0.50463380133
0.412649401058
0.385635261087
0.348215677006
0.146816207852
0.405981424243
0.331989336673
0.326030513068
0.213825013848
0.377596736071
0.284734937046
0.710909213128
0.108013930928
0.151362036602
0.528199653114
0.488070432012
0.242149099278
0.132731966759
0.304345441726
0.630393979372
0.5716547612
0.279428791269
0.623515328057
0.452133864594
0.631577956435
0.553106152267
0.526202402754
0.172381507827
0.396794243713
0.575812237075
0.504728662242
0.383806088349
0.334279318798
0.295040760632
0.332041787596
0.321212559983
0.0309573561255
0.402962355045
0.180274347966
0.119520907175
0.326420602336
0.0631178485523
0.278605951349
0.164891176725
0.227879907144
0.152258548508
0.259647783786
0.248540164177
0.140091632738
0.194836781681
0.0256944030322
0.106838545384
0.497099144093
0.615452264019
0.319455630143
0.396846312638
0.245717508454
0.178893703429
0.352202671341
0.262889559353
0.1797603959
0.31154143924
0.159626751314
0.265444762393
0.217212229274
0.266631524154
0.227018396596
0.201097497996
0.0865806711358
0.179475093544
0.320552977362
0.601760111196
0.272660239534
0.135305865812
0.218299732071
0.222176005641
0.157421633586
0.323701877877
0.247834834949
0.300871507178
0.55712832487
0.369945684155
0.531854247074
0.381719605972
0.28052383314
0.527790500649
0.334197372969
0.452650688607
0.270091702944
0.34370221137
0.268616936291
0.0959138235347
0.0763956737083
0.393631944419
0.0948139149611
0.104914732575
0.26551791398
0.404873160594
0.166855588636
0.0518933579212
0.103752496651
0.103273590356
0.0368558153687
0.358585349936
0.13426158716
0.069586519988
0.247787844066
0.20843804558
0.27446406896
0.173102036928
0.397224864977
0.211427896434
0.316745763135
0.283956542028
0.280641529875
0.4398628777
0.313008285956
0.121864075563
0.19737840508
0.371091309476
0.286829889094
0.293492351756
0.184635161848
0.48760205175
0.114682231993
0.295579267451
0.626749898423
0.140636528975
0.123599923328
0.209371969724
0.221799831416
0.537202898284
0.309407314965
0.406020014231
0.407187492259
0.227373730226
0.175790357796
0.189730810308
0.279614791538
0.262411597171
0.340139030827
0.0659761496026
0.189868990405
0.328204322974
0.214701376558
0.146300541779
0.160422396396
0.35661468551
0.212624244582
0.276323048234
0.209549573187
0.421806722543
0.30872381295
0.257622167877
0.210929440544
0.234085646826
0.31420693626
0.36040158986
0.14968750575
0.101126426336
0.441535697081
0.321039973938
0.1294113265
0.314077072215
0.184517650544
0.716398636201
0.140271395135
0.217512530938
0.298204919516
0.169972172215
0.445640229749
0.263536835392
0.201306287673
0.389232271559
0.170558193677
0.188395281962
0.165445616225
0.0749904501938
0.236619188893
0.183218334354
0.298246393087
0.232486356963
0.216140485145
0.114327702951
0.218942355502
0.42303751296
0.234590297996
0.319549345548
0.229756906069
0.168793617549
0.27304236837
0.198234856673
0.53975627341
0.305032493368
0.399179105992
0.396756343629
0.342640530926
0.266965667731
0.198185125674
0.196471423455
0.253025161843
0.617051715723
0.256684016222
0.169859237294
0.130632450124
0.357571366997
0.369550200918
0.0429112039819
0.356627372665
0.088645913178
0.177562950168
0.281085633349
0.159404946955
0.603803278571
0.350412145633
0.507156797908
0.212796938623
0.107826851995
0.274348760271
0.138497708999
0.27430686458
0.563689833304
0.268035358283
0.325028807542
0.133676976719
0.640438217855
0.37502042073
0.218154861737
0.173988394547
0.247767795335
0.459371762413
0.178872875563
0.187518398543
0.407512623605
0.253710843328
0.261419761917
0.335969241952
0.265704382902
0.235929581027
0.213372250105
0.323564793354
0.248518474089
0.458620569567
0.5669668566
0.232884417328
0.320522759122
0.236276449141
0.283978620129
0.347357367714
0.263305608298
0.240886884373
0.162878585231
0.706794504778
0.451277923427
0.129271793058
0.404526905594
0.261521680236
0.136831950221
0.372322266914
0.386212738582
0.40777485441
0.273587574993
0.654076309555
0.220806973002
0.522048226612
0.329229976919
0.181721956353
0.224639371902
0.237161414215
0.158618023527
0.427181382721
0.345465745219
0.19518095644
0.12922835313
0.246497439136
0.22943095907
0.369619898785
0.473870809391
0.497798845412
0.284605862938
0.276184211922
0.102714266358
0.0527676505135
0.273199614692
0.209273710266
0.462245054207
0.147431640858
0.367465176455
0.230719632436
0.204950271256
0.223952247703
0.122031189792
0.495481511737
0.670652619822
0.287408489667
0.249136765375
0.276702190324
0.321559293085
0.317889525896
0.129341656964
0.165697173574
0.115334565696
0.285612784618
0.272097411877
0.174494407834
0.538455158289
0.162501739221
0.322953282032
0.172603361227
