-0.0280673051933
0.10997082311
0.113948896791
0.431306546525
0.260141690923
0.221414641509
0.423409770808
0.390201271129
0.376873925657
0.111464025445
0.356471807839
0.357381774511
0.21650613181
0.522555908615
0.189244769109
0.100412387424
0.0356734682082
0.423224827063
0.735681644432
0.394327811825
0.775704123925
0.357928280931
0.294684298994
0.120782181865
1.0
0.645618023358
1.0
0.292782866561
0.126573266648
1.0
0.322791157245
0.214272034303
0.544161609335
0.616573913155
0.195211918318
0.314458767327
0.155881517632
-0.00484966785713
0.312240493706
0.0199121701007
0.768097619939
0.0769395124642
0.750636940882
0.0660760264679
0.258074012031
0.113442506809
0.300419047611
0.167532275715
0.132070983318
0.0858782360693
0.598989567379
0.09721873748
0.241662268813
0.156387728995
0.535645504748
0.154879042187
0.358481337614
0.201565892316
0.29542785286
0.0629196353133
0.581738238361
0.202962755807
0.834298622665
0.0978250696683
0.334858855582
0.182327809636
0.441078907728
0.184059207955
0.602968217808
0.283034220339
0.427220917126
0.353721580193
0.261520565155
0.358187304396
0.167239499591
1.0
0.271184021158
-0.0291769505732
0.208540653282
0.112633183749
0.16006445584
0.344466186065
0.515478509968
1.0
1.0
0.0995564148424
0.678632403437
0.138465350027
0.197163934824
0.341426998869
1.0
0.210048195679
0.0510546931674
0.196985594791
0.128279265887
0.140131276507
0.173782093599
0.229895746886
0.126510639806
1.0
0.195304435383
0.0434891417305
0.3475929687
0.116801631706
-0.0635482865912
0.65349454808
0.626539643191
0.38920029363
0.139030975964
0.146887457591
0.164869123668
0.116675237529
0.247491603156
0.69259635075
0.313834067566
0.0207264903667
0.130959922769
-0.0625889476539
0.272750880176
0.215791773428
0.296409351129
0.20917212611
0.712149898321
0.0551134055817
0.572467878407
0.715596996129
0.00580115441869
0.200807388446
0.600228797023
0.0963433542986
0.165199547868
0.266529550874
0.0342020496994
-0.0343646277796
0.105116994114
0.342843583128
0.12782701643
0.738600745589
0.0607070127106
0.287473871508
0.257789584812
0.0709857245014
1.0
0.330596352284
0.229478971641
0.380809462298
-0.0353528352235
0.227111048117
0.572942040932
0.305174403734
0.306914720078
0.162627907098
0.570604171531
0.118548639313
0.603869714817
0.239314650964
0.146951805784
1.0
0.138333947286
0.0158582825881
0.150667292942
0.0535906061238
0.149162854628
0.120316517975
0.136536688851
0.0807945630332
0.049192113098
1.0
-0.0146866556372
0.045229900526
0.305199198394
0.0723206435361
0.152802671349
0.149834302449
0.390456389041
0.145801090047
0.0888626779839
0.125458528868
0.648476983515
0.252881985932
0.288786886591
0.15594629922
0.0647493397102
0.150150096501
0.175903308089
-0.0174510542143
0.126863264051
0.428279198767
0.271569193962
0.4420665935
0.0680552844712
0.206598536703
0.31763512487
0.316830305723
0.15765327545
0.339960718319
0.239440393467
0.367686043509
0.119299057132
0.266707813832
0.209528813262
0.147315476869
0.332381704577
0.735871941714
-0.0182986023688
-0.115212673669
0.81617021785
0.136854431363
1.0
0.370366785293
0.216480185711
0.262697511238
0.299683856106
0.153116291576
0.543711216412
0.671492418007
0.10561907437
0.117215040101
0.370616460431
0.0386474217548
0.0740769928236
0.816426528652
0.641161995468
0.120733742672
0.110659884947
0.0613341826027
0.499972174291
0.425955537581
1.0
0.26317932982
0.399715156229
0.219479981926
0.67648228908
0.0402021254801
0.121166458121
0.193071047159
0.383380266979
0.670763916304
0.0189333670205
0.165994309305
0.230648880691
0.0228605355405
0.430860932161
0.172767607364
0.386588173734
0.414204991601
0.181788419287
0.565668171216
0.182444880513
-0.0115375789775
0.0185200898766
-0.0557538516784
0.0731997917949
0.204530689829
0.180308911356
0.322326207815
0.248931698673
0.141691603579
0.279511396261
0.706882898053
0.138042598431
0.210917890025
0.0587986938637
0.194050471315
0.729473773566
0.24540689279
0.244818810017
0.244818810017
0.187465321461
0.65731140961
0.190113113102
0.243148204905
0.388740662592
0.385982276858
0.419616675891
0.176952431066
1.0
0.393091502271
0.139579725445
0.26182786915
1.0
0.241728923091
0.302525186497
0.165890621693
0.25189795392
-0.0501939024068
0.752294357037
0.0426790405787
0.213696430554
0.101928066573
0.731888271766
0.0733883481333
0.0142988590967
0.281051716037
0.0996111431128
0.335315785039
0.667546029646
0.220969969767
0.040187511098
0.255740875525
0.108743340494
0.125257774051
0.31578298462
0.14698326892
0.339686331827
0.255571067684
0.318194542996
-0.0051509740577
0.104102385532
0.719394448868
-0.00855924498615
0.585152791569
0.388908927695
-0.0184512230423
0.128361913568
0.118264401497
0.412682494349
0.412682494349
0.350551535172
0.765191240471
0.312091291655
-0.059175700689
0.502006273095
0.0931449581731
1.0
0.292508640089
0.292261720012
0.194286067376
0.420500100364
0.0341494672542
0.135537652793
0.112672974142
0.025210078059
0.08346659162
0.676411485415
0.133883336495
0.19862432024
0.00822545485411
0.17424783121
0.150527211527
0.0735395723774
0.426168987911
0.473333958009
0.36364964273
0.399910590877
0.0620098282817
0.254913494172
0.601907888979
0.0397528886067
0.245053165067
0.211856059599
0.517400726814
1.0
0.506791610296
1.0
0.171777933717
0.445862192739
0.211022425752
0.0503716831847
0.137839505281
0.212964515367
0.225655019027
0.356013329702
0.663948931822
-0.182013037843
0.132503536192
0.162323844802
0.0534003703247
0.15476729231
0.161000160922
0.262541116118
0.51311570534
0.162719722841
0.065427430236
0.293571762008
-0.0146866556372
0.220921969462
0.632680499064
0.142840670024
0.602587540626
0.133421794109
0.64212382515
0.412732706132
0.558985205403
0.179542272263
0.149575896718
0.173522669433
0.708922400844
0.231204512867
0.230462137468
0.0110190730438
0.17222188493
0.339275292361
0.339154377049
0.581067797181
0.166675049491
0.0904016684796
0.168002554979
0.538044741827
0.251469745278
0.694319852319
0.161205253485
0.320933411365
-0.0303732533305
0.14680043491
0.249330035489
-0.11974042427
0.0338453843647
0.153511914229
-0.0402656291314
0.0891314526541
-0.0313753463476
0.0721706528391
0.073474140582
0.207024773927
0.137611471831
0.292024892955
0.261502367502
0.0674777779052
0.163170747351
0.227954139977
0.177691352066
-0.0406602623907
0.167375233267
0.184407945654
0.12975487179
0.0921638424259
0.275791035598
-0.105877616214
0.0795277096513
0.209571720887
0.316463363774
-0.00959326962928
0.10512325001
0.315165202796
0.339370970653
-0.0143242099024
0.260321904998
0.20313930619
0.192385949897
0.211304544668
0.0877649341572
1.0
0.369680822649
0.0993697179112
0.761761393608
0.1990445555
0.309215817095
-0.0471500016901
-0.0816483393649
0.348768906793
0.125682037696
0.226984864198
0.698125317918
0.264175983557
0.373635533896
0.613685216844
0.147927636867
0.266678943337
0.562287666686
0.141512355275
1.0
-0.0764831849005
1.0
0.410602176979
0.0367298224417
0.313525097156
0.500622858063
0.191360623141
1.0
0.295477220318
0.303397793885
0.172799002446
0.0190872252703
0.236923485127
0.382938549673
0.0713868790147
0.668804766459
0.302727838319
0.239519594997
0.834441955529
0.255232657151
0.120689649673
0.725187832329
0.144110382302
0.20907495748
0.0808263265023
0.359783790117
0.253358941425
0.15985120199
0.230178845771
0.170527357936
0.0754357856732
-0.0245469920395
0.207400948887
0.351571995056
0.00970910158311
-0.0676367314451
0.106989593431
0.162383997231
0.382777834877
-0.0498575148467
0.159337817318
0.29017891252
0.140256633422
0.218766419985
0.732011793812
0.166867959838
0.186912909691
0.186912909691
0.169128436058
0.169128436058
0.608469400336
-0.0191471374585
0.106293617299
0.147563771248
0.385808588116
0.674043558084
0.219924226343
0.142003126576
0.124599111609
0.08231153326
0.315616550408
0.501671384759
0.144979763423
0.825613337733
0.0883548198818
0.540775613561
0.217490122586
0.250320134235
0.0814076211334
0.0869903501888
0.64026731934
0.165240677699
0.0491618393377
0.276908479972
0.474062682056
0.337931215757
0.664278657987
0.0555130097701
1.0
0.31865589831
0.166884909667
0.0448349824719
0.26440172854
0.292602166588
0.339165511446
-0.0460276054335
0.401706445926
1.0
0.433631974355
1.0
-0.0124136065208
0.747047231246
0.154368759622
0.261325082596
0.140324055003
0.100275537858
1.0
0.046578938003
0.0874547010715
0.492803707452
-0.0931390289109
0.233161267103
1.0
0.200666307872
0.306021406952
0.155478318202
0.0770546231931
0.320513988579
0.460246340707
0.320776378686
0.315803506096
0.240808532988
0.0532648925568
0.160484740904
0.156159881684
0.150770207122
0.238871852771
1.0
0.678789501454
0.090144110439
0.090144110439
0.28080182413
0.271050329702
0.0838475145076
0.270726932903
0.217549404494
0.655029442732
0.132913698029
0.206218581217
0.254194311272
0.375056045731
0.682757564252
0.188699053677
0.345366219846
0.371326474089
0.299465481506
0.489113852144
1.0
0.271212818578
0.178297048103
-0.00903107700827
0.0633939948456
-0.0318439493502
0.00303316035535
0.0477712160374
0.462486107883
1.0
0.0179925480991
0.142962387321
0.315205762763
0.0837468015301
0.0837468015301
0.447809641249
0.149504433676
0.0973276791162
0.560299706111
0.825131041825
0.294494078207
0.397043551623
0.19879597272
0.496410472138
0.230711524678
0.489349735439
0.0940763684548
0.13691181707
0.0870092772396
0.139401030572
0.310104905424
0.776352622692
0.136969887339
1.0
0.639996428207
0.0165281194166
0.0922735645556
0.040664300122
0.0820791290157
0.303468747508
0.220906139212
0.0480883416168
0.0133999342719
0.35042689259
0.578373313687
0.0962250474167
0.10758791129
0.728501187273
0.157565423913
0.266158031272
0.078622822943
0.186093207573
0.768041213234
0.333885677472
0.0153795236212
0.175378286685
0.169488571372
0.0531343969734
0.160979855953
0.689570207622
0.306065560283
0.127760358216
0.234442682073
0.1216602827
0.807742845874
0.0795629104664
0.110055995538
0.691740553995
0.330976919714
0.166056697033
0.255942924826
0.392810243766
-0.0390696442714
0.614096282536
0.735309921868
0.735309921868
0.537510687933
0.117872939113
0.558336262358
0.585679853424
0.243535147927
0.0926564773489
0.183824325691
0.257799990273
0.453418917945
0.0891996305835
0.161632313515
0.176133562833
0.0557857439172
0.622636574144
0.0744946526914
-0.0084565517752
0.158530138014
0.0970104759691
0.15951203562
0.127451102513
0.258394558126
0.0652449873176
0.192202305207
0.274474474682
0.277286378913
0.277286378913
0.397305126443
-0.0633237799818
0.1222858723
0.162912204008
0.36921971313
0.16674563881
0.345205401504
0.0985248360841
0.0523198532248
0.207487853683
0.675160530151
0.264399139286
0.463748080587
0.123674599922
0.143017163229
0.160954694821
0.18005486107
0.319363045095
0.156179165696
0.107756810798
0.172330754572
0.145105274535
0.671418563292
0.16701200227
-0.00218436383878
0.277433724323
0.234711799894
0.325064905806
0.464723454868
-0.0325104581566
0.710631696904
0.0845875028758
0.200724623804
0.423306790576
-0.0282180110594
-0.0403219737005
0.0356043316649
0.0221394343228
0.033409190541
0.0997204077784
0.403008450333
0.381422774185
0.0331342122578
0.0851925327984
0.173225464066
0.729402958917
0.0618251855989
0.0225589728854
0.255488853149
0.437136235722
0.0237640141981
1.0
0.243459298003
0.263035541696
0.0986047340098
0.0628959992172
-0.0148584511068
0.187560601898
0.543019071409
0.322016710565
0.284870241255
0.197021734242
0.15698049203
0.12624327697
0.34084829145
0.0657500462935
0.157904650677
0.297915144109
0.386633965079
0.144820893244
0.0221426262814
0.298875321319
0.0771447576341
-0.0130738252583
0.290566691194
0.137095580433
0.602445939516
0.293890734625
0.354507481477
0.17935336401
0.773341895491
0.135657125935
-0.00031577744959
0.0756478227751
0.0842536914027
0.220301429764
0.754441820741
0.127409591081
0.0
0.0
0.673529004627
0.330105992853
0.144752809278
0.639679250009
0.0397780850989
0.251745191635
0.519088571785
0.296962798296
0.163381540637
0.39953405579
0.461803197712
0.0383846771455
0.26026342555
0.482237656121
0.362143190191
0.258805479278
0.0684702035657
-0.0571146255898
0.496702419648
0.433060671023
0.311252462751
0.293317464134
0.428562936968
0.140571486016
0.156824009787
0.314639578433
0.369334577846
0.18153928437
0.201211443887
0.136098688266
0.0857202110535
0.297316276147
0.293052916236
0.226347643981
0.192477738514
0.127142472853
0.408276708231
0.256706758311
1.0
0.1359899767
0.0931467313968
-0.0331446422719
0.199454305594
-0.0644889463564
0.096992664444
0.0875170188997
0.593651233612
0.0934469389119
0.543184267455
0.380646564691
0.166455344176
0.0877733387551
0.593682073472
0.253297535168
0.163526267813
0.244597071759
0.0770631012618
0.243159090519
0.0424776447365
0.262311933671
0.296289682398
0.08322099111
0.241213049751
0.52351759772
0.134527378406
0.44271961942
0.683243456867
0.0315837599556
0.0728068882054
0.226531395832
0.0228605355405
0.226146360642
0.0369062183872
0.570868366822
0.570868366822
0.147744893952
0.127076752969
0.275983431346
0.544819686981
0.395405803689
0.706966003246
0.269298481392
0.347777343973
1.0
0.237361947246
0.274957715578
0.423796138454
0.11355559434
-0.0537627694466
0.0135533245941
0.125617762175
-0.0103041211476
0.0448692461861
0.0736939243227
0.193661654329
-0.152953895678
-0.0531086752268
0.581626279838
0.0546004791788
0.0394789977545
0.0558913647618
0.412911645612
0.401219017222
0.66068162314
0.20798118921
0.113415430838
0.115276381622
0.232254065822
-0.0475871397606
0.18073956538
0.0609236736344
0.544226701881
0.180068809713
0.351495628754
0.345366219846
0.112146534776
1.0
0.146340551587
0.128295606526
-0.00156641809115
0.23537668334
0.276495273028
0.190731226843
0.383156974031
0.795157795544
0.0885887500846
0.34366563402
0.594727905776
0.229344408584
0.24085064324
0.248952287028
0.743414480875
0.0892415330037
-0.0395808573402
0.145296065183
0.566082105154
0.852740255775
0.04010216136
0.306475474181
0.367462717054
0.267067861516
0.127478755765
0.180457471418
0.00749617761558
-0.0935531127898
0.152256722548
0.17510699633
0.104397645204
0.130120791444
-0.00773333151689
0.243589460741
0.228099116662
0.271212818578
1.0
0.327376094441
0.109535399791
0.751862394477
0.154262672924
0.275306851612
1.0
0.150058571415
0.314106407031
0.209032173133
0.746951617642
0.0934568403852
0.146584738256
0.236081506417
0.157382510856
0.408823258299
0.786647980322
0.0510660242649
0.116386031515
0.260449240539
0.504386397142
0.36171547937
0.0711762720109
0.0172516359047
0.268050889302
0.19852294518
0.443350662618
0.488396998837
0.660233877001
0.834975649561
0.0499396610242
0.674964693719
0.548843024207
0.227787244148
-0.0335299132862
0.379956841767
-0.0339637150213
0.0598370624902
0.0391783356969
-0.0981858969538
0.0992673676762
0.209769496941
0.355868591244
0.577354209377
-0.0346963887859
0.378672555235
0.152300886
0.258898399486
0.177278192755
0.110554110208
0.0220874796848
0.274843304821
0.639068758096
0.00946699448482
0.120094273538
0.0107473890281
1.0
0.319278102879
0.312992425189
0.0298004008609
0.421363870706
0.389485516543
0.730886430341
0.0446022611738
-0.127422178481
0.0821041819713
0.257558123489
0.389518527772
0.27974073131
0.0
0.903325223045
0.120940519383
0.644484878191
0.0409910896618
0.0196278844624
0.762087757217
0.0313199528596
0.783692500408
0.292227799379
0.707496185182
0.265241197753
0.105394346818
0.110533208469
0.381800507259
0.0376150600367
0.119462973917
0.0192078712785
0.0834792016784
0.0263859202606
0.197713507214
0.123749070334
0.0977369500244
-0.0649580604222
0.228329225945
0.215617844401
0.0648961889474
0.160473978145
0.298188963684
0.188982830113
0.313834067566
0.569805176523
0.201374673113
0.26855115723
0.41930515618
0.243363837879
-0.0261630214269
0.137728465178
0.0347061700784
0.232542602143
0.378550161932
0.144386706226
0.299894644297
0.137164225661
0.169984694166
0.0815418550656
0.541149209984
0.0308757649797
0.335193481966
0.202059284531
0.623794038408
0.220447464488
0.612918928148
0.0298337184356
0.139492616473
0.0451102561114
0.74948204487
0.550466972538
0.0436271725671
0.0691948598923
0.236340701546
0.310509584732
0.475688869527
0.352802046486
0.706603394172
0.437131700341
-0.0539940185731
0.17623959671
0.348376905606
0.3867077821
0.376604388929
-0.0533395436395
0.718597353928
0.424476676337
0.146303632692
0.438204580173
-0.00208198585281
0.277084530701
0.200187718017
0.19596152186
0.568189721034
0.13119231207
0.171844171118
0.0436371740277
0.039976905688
0.460109002161
0.453380959618
0.165678055668
0.138943305399
0.295409709263
0.743053142738
0.347109335307
0.347109335307
0.0447574377175
0.468006492939
0.162293254518
0.133900030354
0.565030509625
0.579994588557
-0.00177596692727
0.114627446161
0.459131517122
0.664686163732
-0.04969864734
0.177184673591
0.141843837365
0.0855797011596
0.241136426212
0.174168997969
0.0090359267744
0.261794858144
0.0823359744502
0.274706238656
0.274706238656
0.245710180833
0.673729953107
0.745367780068
0.627697992718
0.0849524739713
0.0858899091672
-0.0254045148604
0.48373783189
0.0463665662024
0.420695660706
1.0
0.383508706514
-0.0259579363726
0.437083415764
0.285777319144
0.380883936357
0.252957202119
0.207342009553
0.600410357568
0.0131273614397
0.493347205513
0.136597169832
0.102950917145
0.448934667702
0.16023439866
-0.0305598551914
0.619032159993
0.31287709209
0.00787011404152
0.125710438503
0.100076233425
0.0484647070396
0.440847476471
0.11000394113
0.207696203225
0.624013658145
0.155587787154
0.0534200687278
0.0687348282367
0.154435627049
0.736929417962
0.366582106103
0.139090050812
-0.0133119286166
0.0821836992648
0.0380237678984
0.328587911553
0.166151183461
0.0729295336551
-0.0442712715566
0.220067802064
0.477402798203
0.247172696818
0.119590592439
0.58584055872
0.207026948875
0.19821978992
0.11428662517
0.607503735566
0.0615858112831
0.169009717909
0.0692003379081
0.289070446149
0.47534171425
-0.093249293281
0.315770135035
0.284532507694
0.140870313709
0.108940120085
0.303542626106
0.251953237074
0.382341439273
-0.039468930921
0.407841094203
0.0813837106777
0.367204906113
0.145299533979
-0.0692018167069
0.00899526146096
0.0482884034973
0.700695249598
0.346409570435
0.40115572263
0.0848301137074
0.0621735258493
0.128259968873
0.178056200522
0.675913635975
0.0
-0.0742121645027
0.666405761249
0.108246844104
0.343159548311
0.0989090889988
0.217569326304
0.133467850587
0.375599828245
0.298851883233
0.146850405423
1.0
0.51806414554
-0.121168555677
0.266424122499
0.586728053478
0.226010125984
0.381913689173
0.722762494954
0.534533267086
0.223483062661
0.1543953186
0.00839788356937
0.00262735115203
0.248709366036
-0.0150283736319
0.0528986893259
0.339258076216
0.46680198863
0.178469455395
-0.107700219154
0.164141313205
0.161528868491
0.09127979301
0.000247682398743
0.092542622464
1.0
0.0296125446728
0.154571301937
0.518882112733
0.00177531140242
0.789227739044
0.260469251647
1.0
0.0559408747073
0.136135452806
0.669131998012
0.124868763767
-0.0906621100865
0.236548425821
0.737454770633
0.142279858892
-0.0329943383613
0.276256690581
1.0
0.123831323491
0.428150506743
-0.0293749934889
0.124872156928
0.306245620723
0.0391715248742
0.498007238911
0.240899149051
0.017263294962
0.0415315292492
0.291621175839
0.288070874236
1.0
0.0406653400855
0.640489518445
0.350880645912
0.13083522288
0.28053480871
0.401502983578
0.454775866485
0.722322162064
0.347977109057
0.474674106963
0.51231818478
0.567854010675
0.147727335474
0.182722667051
0.545795755685
0.122646227937
0.229149453606
0.046944031798
-0.0860445547574
0.290308060468
0.0525310205694
0.596802714484
0.596802714484
0.319702194703
0.0635822261361
-0.160437814392
0.835830418103
-0.0167984572151
-0.0285578317066
0.236991660732
0.00742659959698
0.686248070534
0.191313161323
-0.118586241957
0.276923064478
0.484301366169
0.066629552337
0.292841351034
0.282637551319
0.438306352588
0.569019591429
0.798732067766
0.341031169729
0.402078473927
0.401215506811
0.244678085911
0.774009281483
0.184895390396
0.0616046254606
0.478958808942
1.0
0.416563042522
-0.178133384497
0.129010668841
0.495535110909
0.173754214206
0.186652892185
0.469861993893
0.115569335984
0.253204573097
-0.040147234835
0.210826823096
0.0138146653537
0.761287393641
1.0
0.547856620741
0.316414351536
-0.0131141802092
0.394308638018
-0.0404359053954
0.150153070555
0.387029282515
0.219160065256
1.0
0.201707511049
-0.106936626392
0.110227679118
-0.0101989358933
1.0
1.0
0.21903701949
0.15031335761
1.0
0.107996179696
0.0879520493826
0.141327707679
0.530220487742
0.198194221466
0.256377780896
0.0557889984241
0.0664551471603
0.335803395142
0.213315969418
0.106197446962
0.106197446962
0.704911620771
1.0
-0.057648157396
0.121522024449
-0.0103391277611
0.538820942067
0.102043975326
0.315059903311
0.409058917756
-0.0955293778143
0.481428462046
0.262616896461
0.503413651513
0.175002091176
0.170842872022
0.111743479372
0.533656695826
0.0823100588626
0.070395724223
0.569305127543
0.0949380762351
0.0320200040778
0.0692693488591
0.604769206445
0.116026707868
0.161346648339
0.154521567271
0.144623832514
0.0237873960332
0.539703378322
0.216606540368
0.156397330357
0.45486140042
0.191506174828
0.69287805453
0.305155503441
0.386470878425
0.176069310582
0.277973439132
-0.0971797824961
0.128193198002
0.352927313839
0.0739208405742
0.102577708814
0.269413893149
0.271160155071
0.110138117926
0.740158352995
-0.00435869943438
0.257967228023
0.203604943039
0.586746383513
0.262279212339
0.0116662164866
0.167497134696
0.329547079654
0.116675237529
-0.00580650133092
0.0736595117221
0.157893961044
0.380717596142
0.364580639675
0.0770546231931
0.00175081812925
0.166979419632
0.320845985618
0.169747603297
0.0645145202664
0.703424800778
0.400126382175
0.468410769608
0.552770445778
0.21615758347
0.0251421126739
0.108814293269
-0.0277696347419
0.153712864301
0.279896270864
0.196424196926
0.00057901966721
0.134754831728
0.207776443243
0.37983718527
0.722353757133
0.216282442049
0.155422824158
0.720889343797
0.370898824898
0.135130410729
0.264012728613
0.776660777508
0.00737708258129
0.726496230239
0.50462728258
0.240110567119
0.13730913056
0.0963433542986
0.0812888851061
0.024838472218
0.168560664887
0.042585072429
0.156313368572
-0.033727407271
0.228682951643
0.238086127579
0.568755658202
0.118839329681
0.111911036415
0.221442873549
0.563325668064
0.0455998340046
0.147125134471
-0.00931212805834
0.0831115632288
0.0909231519769
0.142636332128
0.169255691582
0.20596565598
0.0581139439087
0.22258679319
0.768634072307
0.186393641372
0.26849734285
0.250406898427
0.219599829989
0.138717675186
0.299555058433
0.0963033192136
0.0777788457257
0.234160025244
0.035250645906
0.760633129968
0.486013853973
0.486013853973
0.439736915235
0.0138836358661
0.216124649015
0.163367441429
0.284767665889
0.149231430942
0.139438522729
0.205643671514
0.27222563365
0.017590385881
0.276236078556
0.287269110541
0.136873211214
0.208816155002
0.262516796293
0.180867612921
0.0352923570922
0.237553387648
0.0637639868223
0.628443803992
0.314895644606
0.117052340968
-0.0972955618045
0.18810618344
0.279251943953
0.0467624440213
0.158468475371
0.239244439507
0.0962167819917
0.258993790158
0.01673169895
0.712413518896
0.156072742132
0.509756364018
0.455109047843
0.152444218643
0.0760433932443
0.0838739451186
0.291688804056
0.308660993223
0.117873627259
0.5434936512
0.190608596303
-0.0449247720813
0.0478730209323
0.186495532148
0.0638120951787
0.500944431218
0.138806878533
0.11622229422
-0.148257133441
-0.00271878220609
0.692242989846
0.505989231659
0.803252878448
0.347995763696
0.213068249977
0.165547139969
0.674751347986
0.206673270865
0.415546680032
0.157803791435
0.167138481254
0.12251475086
0.239096742408
0.0643516413588
0.118040382243
-0.0356831839003
0.256413206187
0.243397869708
0.026816814308
0.680694467097
0.463790651293
0.415532422782
0.65349454808
0.154676677308
-0.0434406390368
0.0287422284725
0.106464130124
0.328351413189
0.0575543737402
0.384162065223
0.214500727858
0.158857929718
0.29635880588
0.653876338367
0.166401739613
0.105370964192
0.655230580936
0.390206548133
0.378119439757
0.405749239956
0.361817861051
0.66723995752
0.13538994206
0.0154100187419
0.21324564368
0.0233870460969
0.129095774036
0.100998982074
1.0
0.16037151992
0.159767062369
0.227228743115
0.526396002129
0.771244577956
-0.0236785504802
0.325576521474
0.132929272398
0.245170476419
-0.121215932583
0.233218992162
0.117892357688
0.0426755788047
0.771426878457
0.228989920953
0.296684499299
0.405062532485
0.321456299929
1.0
0.237716798025
0.528514409221
0.196364097545
0.196364097545
0.0239832361715
0.420186362942
0.187474871881
0.52227918449
0.0762260819502
0.375218662015
0.503607920664
0.153426646486
0.218471085132
0.17429439636
-0.0641988677823
0.317451799857
0.225359881891
0.651430484738
0.0894048229334
0.28723191768
0.402331652284
0.0556730790039
0.0935769139645
0.0706348284399
0.18033097863
0.407981611839
0.421768059347
1.0
1.0
0.406186928594
0.352472928975
0.189607540391
0.286611961476
0.637286526643
0.205918386773
0.186154590575
0.228829219463
0.169774712397
0.279331758218
0.00503776296717
0.0568539188651
1.0
0.324816061679
0.214947840129
0.160207842647
0.0571779594223
0.160901056948
0.103582926084
0.534465735703
0.167599255022
0.236723023996
0.151008916632
0.151008916632
0.0406724655666
0.103225387445
0.00877090504379
0.0585758435722
0.787965895726
0.244624575505
0.180967308406
0.232160055067
0.232160055067
0.736065130408
0.254738006877
0.549036981618
0.0958489792257
0.0657992818126
0.219784859759
0.697330900502
0.262822499073
0.290027880994
0.360951936296
0.0625919944989
0.44897680041
0.0631013405905
0.0682045799127
0.123072910874
0.211596681385
0.861471567117
0.128833064525
0.137049558827
0.564164682992
-0.143431758443
0.0920553460435
0.178227202395
0.685308606347
0.133598968586
0.26693344195
0.242363708796
0.277144928517
0.308096814499
-0.0482550670163
0.120425840971
0.615777711354
0.149250564487
0.242964707481
0.284957657033
0.102748101606
0.29578416404
0.663607290584
0.427989123382
0.364336150192
0.483381011498
0.700667444833
0.33499922242
-0.0565184769453
0.0743448013009
1.0
0.331237982513
0.330876226609
1.0
0.160858523177
0.313279757346
0.0555383589924
0.269801210792
0.466041521727
0.22283432176
-0.00165472234794
0.543677410327
0.489344981454
0.542649692531
0.212448022386
0.0861562616844
0.40291301782
0.27293898269
0.199916625887
0.0794206178541
0.252496530072
0.147407858394
0.52351759772
0.0363422034916
0.518594341986
1.0
0.0649194337165
0.22347524051
0.0873538548054
0.657798448332
0.038996557163
0.324695179482
0.151291596445
0.337992854164
0.323403105121
0.0732226105082
0.0358468650696
0.311155566855
0.361831355794
0.126086894625
0.193661654329
-0.0150001085141
0.410178463738
0.287847236105
0.28604303055
0.479316422603
0.2062382795
0.790437896499
0.395125230736
-0.0475899131359
1.0
0.140022872237
0.376281293851
0.198900690991
0.848034787747
0.416344131306
0.419143663723
0.13507214733
0.107705988624
0.138247031064
0.289033961214
0.32216183371
0.318200097866
0.483710611408
0.452694705911
0.216938327268
0.28980276396
0.61582255185
0.136181631111
0.0745501764445
-0.0205315773513
0.0840588797956
0.141772515646
1.0
0.383928703544
0.25668406189
0.0371919634371
0.0482000839776
0.134328245528
0.15749508532
0.208901643338
0.672885547806
-0.007571485098
0.194641473436
0.395197284377
1.0
-0.065573807263
-0.0599910225296
0.127386662875
0.227115132995
0.0824142305994
0.0855608409058
0.363592782924
0.380670777284
0.224945074844
0.032393890728
0.199313288351
0.148009836318
0.0837864225606
0.60085821912
0.20648156733
-0.09523803133
0.149118816743
0.236897205283
-0.131340352926
0.117734804281
0.00140286925468
0.0121000589371
-0.147507674609
0.0356797829067
0.00428258844001
0.308875444197
0.027304641692
-0.236286170141
-0.0157028323554
0.173569168352
-0.0174362937596
0.0586386559985
-0.0160070896967
0.0249458399257
0.112373902669
0.00339313830685
0.0899865661944
0.18421350424
0.0293402080111
0.217890336821
0.0546596630777
0.0409192376066
0.0308942587185
-0.0346301855149
0.00059599471272
0.0519680593577
0.156611675573
0.0955279557382
0.0478598534428
-0.0313816319259
-0.0346927950368
0.0648069456433
-0.113565393292
-0.0998780900536
0.101366524158
0.282364188013
-0.0658676185171
0.046828487465
-0.00379264053952
0.069659765573
0.156559301205
-0.0474775765836
0.0142423895694
-0.00888275459816
-0.116052479685
-0.0697266966442
-0.0951030051111
0.0972602670989
0.143469800471
0.0216709589855
-0.0755101141644
-0.147916009917
0.112547705173
-0.0174974533511
0.346214219007
-0.112194380714
0.112025762544
0.0739096310706
0.144336416052
0.0749632113574
-0.00464841861348
-0.0273614686845
0.110093017236
-0.0528595981341
0.112209358525
0.0359575553485
-0.0432091928624
-0.158988598392
-0.0097831379335
0.0460690556386
-0.0165091280677
0.0590343075258
-0.0439038602656
-0.131593259462
-0.0896984431019
0.10566351631
0.0511520953553
-0.029763856387
-0.0023297363041
0.0193390076882
0.0840957874034
0.0254985514877
-0.0326590715712
0.0761872566207
0.0258916535083
0.0916275207403
0.201935716732
0.0369871514634
-0.212066199589
-0.0721916864099
0.0274338133876
0.159341744595
0.0410194134484
-0.0147168070478
0.0783341730461
0.0529964574435
0.0133604664392
0.0111265205394
-0.0627014408714
0.098088440799
0.216430448347
0.118551739072
0.209546294407
-0.0639613872836
0.101649807786
-0.0532276820617
-0.0766002181808
-0.145349819409
-0.052496699742
0.205163131929
0.0401958620773
0.113381439954
0.0461511182324
0.0708150316179
-0.0634834006226
0.0915961617306
0.0673212484697
0.0469151069321
0.0866870752324
0.00847563918444
0.16867590894
0.0712237747931
0.147589117044
0.108517313322
0.0666001777935
-0.0107760418999
0.045129124059
-0.000720866467844
0.182788393443
-0.107381388933
0.00331494235359
-0.0501303658966
0.0688761165898
0.0596722763003
-0.0134821167889
-0.0680694060502
0.0578058203475
0.063727621465
-0.0205286384085
0.0928720307084
0.138452012463
0.0499411043064
0.225504191848
-0.141188027388
-0.0243807693809
0.0983739031364
0.298885578203
0.186990514614
-0.0721252606118
0.0655170317874
0.127887303598
0.000409051926249
-0.00412591245901
-0.0546234583191
0.0429695829555
0.392979954199
0.336939831635
0.337703623701
