-0.0268627696933
0.100394724869
0.0840131253038
0.368452753868
0.236766321187
0.203718113465
0.388576043065
0.361948805777
0.343182574991
0.0941408638508
0.333176133485
0.325715957238
0.220701413813
0.482845084405
0.182902956122
0.0880041292361
0.0256178555914
0.40078250064
0.733545646927
0.370506902835
0.766402945238
0.343773676808
0.287713818909
0.120934253436
1.0
0.626945000277
1.0
0.286178659719
0.109630352862
1.0
0.312895470209
0.212922546762
0.488325534535
0.614834572464
0.18303954102
0.302057222926
0.147479526843
-0.00227251869893
0.288314866271
-0.00387669044193
0.75749795729
0.0816026475145
0.738538318416
0.0725258027782
0.234762126793
0.102812911714
0.26898628281
0.162713360627
0.121316149189
0.0882649976247
0.582828665114
0.0744154774434
0.203483132166
0.152096508409
0.494903232258
0.143231239808
0.328186942003
0.190339019558
0.283551701395
0.059679110721
0.566578972557
0.196327517571
0.826318513064
0.0739184197029
0.315432095483
0.167033211446
0.41799486975
0.176238782653
0.611365659807
0.268406395899
0.381806489452
0.339610562785
0.235521089192
0.340367769095
0.143915342435
1.0
0.260568271037
-0.0291523504519
0.200628502715
0.109114213135
0.131863891564
0.336948651049
0.479850482324
1.0
1.0
0.0794738124487
0.638836201905
0.127634460672
0.143825682421
0.317205440777
1.0
0.204356838349
0.0210666380761
0.195343395936
0.123129798299
0.125677909211
0.172875429081
0.204507885563
0.118599829282
1.0
0.184249156835
0.04425187466
0.339379385657
0.0944153135181
-0.0690679183841
0.628725648367
0.601678741192
0.336154712663
0.128155825152
0.136292213256
0.152683012251
0.105693330088
0.234469468594
0.679974701542
0.293428707201
0.012784666212
0.115525774212
-0.0683304397583
0.257976069287
0.209969933167
0.250716944791
0.205328501961
0.702097103316
0.0619997199401
0.554457720232
0.704715705417
-0.00115894656626
0.178676758817
0.598792264299
0.0833390553708
0.149429930652
0.254355843965
0.0381266121175
-0.0319212027048
0.100353389373
0.321964967683
0.12367366781
0.712186787951
0.0538862612921
0.255669941633
0.236419905372
0.0681886171136
1.0
0.308685258078
0.198959740106
0.372585278768
-0.0466483724493
0.202510043017
0.532285522388
0.288080324176
0.274916625139
0.148324903501
0.578613533054
0.108832851295
0.598406977268
0.214039945291
0.158663543184
1.0
0.12863520116
0.017385811277
0.13097606538
0.0518346182048
0.149926836288
0.118089171141
0.135926187711
0.0461823997925
0.0436094905968
1.0
-0.0138604486341
0.0502992109748
0.270930464407
0.0772388797157
0.153121596477
0.139977731462
0.369007780502
0.125306153888
0.077617041629
0.110841070884
0.644811733712
0.212633893236
0.244335460488
0.118621553036
0.0717252995899
0.152001613085
0.164672987302
-0.0345860017231
0.116444477626
0.408853799701
0.254723810042
0.40457425003
0.0703990375684
0.20132658026
0.306015244452
0.310014670024
0.132383536577
0.302461480573
0.225495814482
0.350535621701
0.114789577169
0.249959582256
0.192002679482
0.138203759937
0.324883851186
0.714319385467
-0.0253302704643
-0.107181420632
0.804653989531
0.116786959393
1.0
0.345005993353
0.189014856667
0.257128482185
0.261992325319
0.161584073794
0.51041896626
0.649908452258
0.100163199239
0.106157011106
0.361138948898
0.0299966981198
0.0676182716071
0.805859511461
0.646510781854
0.108514088036
0.0877100949828
0.0607485006245
0.481318057039
0.394083636575
1.0
0.230668860222
0.369198216454
0.19533929965
0.67480613334
0.0277772639349
0.109400160994
0.176961584987
0.358941734565
0.648619940643
-0.0148381332387
0.15880591354
0.202744949787
0.0192706527527
0.389001037852
0.162028344779
0.369138653391
0.382154982577
0.171053027928
0.554763928642
0.163137493474
-0.0257307352869
0.0214663597882
-0.0584616108479
0.0727769906413
0.176813988115
0.185707196676
0.295530176762
0.251132194685
0.135499706188
0.262972986207
0.682956205861
0.126630605958
0.19060621931
0.0522809428086
0.18899530579
0.726948551735
0.234318856311
0.237472697756
0.237472697756
0.166890085644
0.644186536469
0.17528311013
0.223179408841
0.389806559958
0.373941624339
0.370076406992
0.152037621652
1.0
0.37806868132
0.111712802873
0.249168310338
1.0
0.229245145883
0.27523251155
0.143040986062
0.230905576546
-0.0388428089996
0.750700809428
0.0421354705157
0.198150178984
0.0934559913169
0.721602338549
0.0704281152427
0.032347583708
0.271711904644
0.101898030432
0.31439078606
0.640188458931
0.206289668025
0.0403250648062
0.231294883715
0.0973109781691
0.110651880446
0.273451250962
0.139049261124
0.307898997034
0.224374579416
0.288453320317
-0.0252568468635
0.101296480286
0.702734839942
-0.00213485411428
0.555659434467
0.357456918953
-0.0141771590056
0.107283518795
0.120972115216
0.395139608281
0.395139608281
0.32820644522
0.748149315631
0.291210059292
-0.0441691951479
0.476023815025
0.0747220615949
1.0
0.274231319253
0.282516523066
0.188857527255
0.40137996946
0.0204865357056
0.125705808829
0.109726672216
0.0244557855829
0.0786844120928
0.674899647793
0.13712847216
0.187909219954
0.00404343953694
0.168687440956
0.143898340393
0.065149910746
0.403748233964
0.457329158033
0.345978724413
0.391455353508
0.0527658666118
0.241738381526
0.590543726774
0.0310580815956
0.22176822354
0.188438597677
0.497942404751
1.0
0.477879223039
1.0
0.164474358404
0.418886121456
0.199886984697
0.0390759176419
0.127937944268
0.205852193211
0.207336075678
0.330207668234
0.653613118696
-0.174935449229
0.119120657851
0.155325720385
0.0501069092926
0.146219714588
0.161458568242
0.251255478669
0.501385321645
0.150144327945
0.0571779325372
0.285973924708
-0.0138604486341
0.207029004227
0.627560385303
0.124743554046
0.569977182746
0.124588529834
0.638568027954
0.40135232077
0.555369162192
0.184111921811
0.142031513003
0.149518992643
0.698915287383
0.218622446267
0.213513264703
-0.00522440073991
0.149906416874
0.32307287779
0.33298055814
0.563091099979
0.155040915445
0.0950055479751
0.149366987673
0.468699415914
0.242880470713
0.675041867793
0.150451090452
0.249919322064
-0.032522709627
0.165028232384
0.241662592683
-0.100195120721
0.0227256231799
0.159097270932
-0.0425560517399
0.068836009753
-0.0450792834762
0.058616763218
0.0604239713223
0.190787063612
0.124405839944
0.270486449535
0.241071863648
0.0833294249382
0.154860450868
0.210386871485
0.166574934844
-0.0360808562232
0.162515288188
0.188112245773
0.134468134718
0.0805131016229
0.251724516924
-0.107522194599
0.0635507759224
0.187201381986
0.300088482278
-0.0254804845397
0.0957868664485
0.299990701523
0.31481047114
-0.014159762042
0.244782862914
0.186590831584
0.175960243485
0.192519285676
0.0964982522457
1.0
0.360469724572
0.091515479431
0.758776413553
0.176878921956
0.308618245637
-0.0379796675032
-0.0846439902631
0.328133905842
0.121896945021
0.224161190744
0.697092290018
0.253061561309
0.343244631076
0.573963372159
0.148883319944
0.257450611168
0.522824164772
0.120470047943
1.0
-0.0711074283344
1.0
0.386477406058
0.0333482550934
0.304387922942
0.485062768652
0.184822759193
1.0
0.264636254789
0.256393977696
0.1534992247
0.0316104076479
0.22434295379
0.348074896959
0.0555253105815
0.661588284738
0.294896000433
0.2219281582
0.821701668865
0.248116334098
0.10285662732
0.726808205255
0.141579024335
0.201546559089
0.0825788842522
0.337693379551
0.22923659987
0.154835799921
0.211214626498
0.171045151205
0.0752061315941
-0.022052382494
0.184722280826
0.322113247983
0.0142607152727
-0.0544066868051
0.0896627077718
0.165214586895
0.364970707069
-0.0318851411718
0.155107690536
0.261880193638
0.130949315243
0.211109424334
0.726412494479
0.148713769854
0.168355789173
0.168355789173
0.156731758659
0.156731758659
0.607639746203
-0.010988552157
0.079015092053
0.147586397105
0.38112818084
0.672919737613
0.20979030552
0.14300707363
0.107423544046
0.0862032160066
0.302283591567
0.471953792342
0.12880226658
0.810605236048
0.0850735402443
0.527894622565
0.209308157338
0.23103348355
0.075831200956
0.0820577333985
0.642483269017
0.151295244735
0.0404739389113
0.25845089372
0.460084935427
0.316353877748
0.663830123946
0.0557623818244
1.0
0.310221072097
0.141970503177
0.0631516014974
0.228230595176
0.248654757734
0.325737565354
-0.0506764037056
0.365104513844
1.0
0.407064406089
1.0
-0.00936692530553
0.738664071772
0.150828759305
0.238130976567
0.130033015289
0.0904323233479
1.0
0.0471416889458
0.0657314940298
0.486299531217
-0.0886448832223
0.225520146614
1.0
0.196281401965
0.294757061674
0.13573071299
0.0807285934694
0.311125740295
0.437576083559
0.303847946812
0.301948310192
0.242928480157
0.0549037319245
0.149197025128
0.140762355017
0.151914006795
0.225220373574
1.0
0.660333164815
0.0935730790383
0.0935730790383
0.26674272865
0.265339438082
0.0716963236297
0.254247182534
0.203311329627
0.65294246518
0.112883887182
0.199174977293
0.250171488947
0.368619697863
0.679220034914
0.175316762955
0.330477993385
0.367419390011
0.286294570129
0.468425190402
1.0
0.248327358288
0.162052430039
0.000815907152151
0.0614368424882
-0.0182807325037
0.00574920977709
0.0423182072256
0.437373675297
1.0
0.0121253187382
0.123440670323
0.296077277391
0.0914597579373
0.0914597579373
0.436488381254
0.130798046914
0.0727812898745
0.520284601258
0.819580198799
0.264837860841
0.379170640155
0.1764698859
0.4573953495
0.17690372049
0.460980576348
0.0898978038597
0.123050692744
0.0829678684436
0.135165479876
0.281513358887
0.771662685918
0.137661689128
1.0
0.637631402292
0.0155737301356
0.0907949185141
0.0383411952133
0.0728805707819
0.252083459485
0.191656440929
0.0457237412309
-0.00907754388519
0.32533473624
0.567702390796
0.0959245376439
0.0943916507522
0.717690388903
0.142616523247
0.225311629613
0.0782573154371
0.178456570629
0.753236026812
0.317665152328
0.0186341703804
0.168457359804
0.14966895478
0.0542817147409
0.146457921456
0.68728581454
0.295161882509
0.124561424106
0.222078044071
0.10552788569
0.803219013493
0.0763449374068
0.0995568130515
0.684893854319
0.3264328299
0.171274944498
0.237341989255
0.383215621794
-0.013830733192
0.600722554254
0.708421703769
0.708421703769
0.515376937554
0.106398358946
0.54487617271
0.568884190039
0.213865418831
0.0981601247619
0.159235362372
0.245140824114
0.422656593567
0.0855210074653
0.149507702939
0.173607866688
0.0460942037111
0.604203816899
0.0591776895711
-0.0161197448201
0.144752255087
0.0891107849773
0.161895259017
0.0992265753182
0.234814447553
0.0705185241305
0.183455305291
0.257988538356
0.246844535988
0.246844535988
0.391691074047
-0.0554983877273
0.117036785165
0.127410692665
0.338635996502
0.155431280915
0.339485387048
0.0857393031388
0.0602654809702
0.195711139493
0.676590630363
0.255206303974
0.455620987005
0.0985063753845
0.129751229574
0.15610589284
0.151476619744
0.295901316862
0.138308935445
0.101136210003
0.147950064569
0.137154811338
0.672959490449
0.150053960765
-0.00185779156279
0.245678626106
0.190797888986
0.294284727245
0.428943771041
-0.0220985457169
0.714402577377
0.0709892536656
0.191552365849
0.366397859081
-0.0269441010333
-0.0319733713408
0.032464874736
0.0201771228229
0.0412424654665
0.0889418721382
0.396230581433
0.368294019709
0.0273125280997
0.08420396508
0.156936235394
0.723308451966
0.0533019568517
0.0204510525066
0.242071920761
0.417818981421
0.0152031667895
1.0
0.227025696049
0.231944226963
0.0658051603474
0.0596515874495
-0.0176408117843
0.158163633918
0.520872752414
0.289078434393
0.276042760524
0.183386771648
0.142807683325
0.116102127157
0.331847699314
0.0712694479511
0.156266544817
0.27112485005
0.378553942456
0.141476935119
0.0282159791119
0.282396623084
0.0758565930798
-0.000715452950622
0.259674551012
0.116674989332
0.579182378966
0.268677223177
0.331471975042
0.160211686
0.760645432692
0.120566533478
-0.00766556033325
0.0760314153976
0.0807582098511
0.210929662706
0.73599965087
0.111321606584
0.0
0.0
0.636160983644
0.291210447826
0.14784986254
0.639383242717
0.0455107410514
0.231610626282
0.498912777912
0.267673447805
0.166599313248
0.387214269338
0.447864864581
0.0536743594149
0.248800998299
0.465417999766
0.341515498481
0.245850869451
0.0650834475731
-0.0424522783488
0.496926521141
0.411026575765
0.281816506719
0.278894451586
0.412961600393
0.120869086213
0.151872950436
0.306324671849
0.342487827664
0.158231189508
0.197570795779
0.127420616001
0.0850388377877
0.278571883685
0.278998643839
0.213267866317
0.176510988052
0.127738134609
0.37645684311
0.243700219346
1.0
0.131346614338
0.0855269164853
-0.0375939636434
0.194350872024
-0.0558254110526
0.104527720103
0.0840534622468
0.582204440988
0.0859552479413
0.519166221117
0.352253423064
0.155019505509
0.0748176247578
0.599356722457
0.236071583562
0.158308601854
0.240996472087
0.0868218243484
0.222116539732
0.0586773194654
0.245192881927
0.28370395277
0.0727526985798
0.224204240998
0.492570290075
0.143696737474
0.421960703316
0.674374412167
0.024545557119
0.0621608186881
0.23017547893
0.0192706527527
0.20766773299
0.018827215843
0.525214992805
0.525214992805
0.132598333316
0.126134006001
0.262506612697
0.512528517356
0.374042586241
0.712963769776
0.266167521143
0.329231220307
1.0
0.223121356653
0.26028770768
0.408221520824
0.0959962031566
-0.0540453430306
0.0146818687917
0.119283689506
-0.0165473013184
0.0399051254532
0.0510613125968
0.205796143617
-0.144012632569
-0.0462825446983
0.543107668045
0.0579337749091
0.0334408891144
0.0519022744991
0.399959041704
0.37768853515
0.646157412378
0.203769224753
0.107096364211
0.111989275172
0.219960743346
-0.0272045001327
0.163229774425
0.0586472999444
0.528757691523
0.16459158614
0.326171799977
0.330477993385
0.140591064293
1.0
0.145853374959
0.117564340392
0.00184942394049
0.222914388602
0.263116097537
0.168292510088
0.353192281855
0.784789950421
0.0796184684376
0.321293700029
0.577440869127
0.218480895818
0.215460871494
0.255166384863
0.715587522886
0.0761071256856
-0.0424158763407
0.135573631037
0.56232738906
0.848574739015
0.0385728476347
0.280963786723
0.360034030812
0.253816085648
0.121712618414
0.160986705352
0.00796413363312
-0.0983108732902
0.1393489952
0.164991635009
0.0811472320112
0.122966462381
-0.0273321976792
0.228919602052
0.187109337778
0.248327358288
1.0
0.324004618301
0.115635614943
0.749478044943
0.140293646346
0.26998396684
1.0
0.152336414753
0.282686494883
0.198656264888
0.744531011436
0.0861566036877
0.1329050294
0.220471881287
0.158479182249
0.394534174993
0.781695248845
0.0405593311644
0.103999780242
0.260973009752
0.495129080212
0.337295949757
0.0819325362725
0.0107160631575
0.243762159663
0.160102951071
0.3923585126
0.474910753857
0.613733555896
0.822475394003
0.0362607762132
0.662200530567
0.52080118231
0.224886806336
-0.0195940265169
0.364824004225
-0.0301996893754
0.0618240675387
0.0344953415264
-0.0978735808428
0.0975089777457
0.195363492902
0.339235135146
0.587390308318
-0.0387613670526
0.356060356583
0.14925300129
0.245294203283
0.162167685655
0.114527866005
0.0193913061608
0.265666578347
0.623329072774
0.00315908038956
0.106709119374
0.00275446214456
1.0
0.287595585547
0.292062462302
0.0183003333721
0.396986440503
0.374682410284
0.721662469864
0.0363438329994
-0.103320190328
0.0754610516421
0.258026008248
0.369421319614
0.250931073414
0.0
0.887108381846
0.108396878637
0.632752567825
0.0347220422087
0.0225848207379
0.73406429259
0.034569826098
0.77621230883
0.260112561994
0.70105563852
0.25724188877
0.0920281215065
0.0995144878806
0.342792497857
0.0419224168159
0.118320876043
0.0202023493176
0.0833308046279
0.0280401255122
0.183275954735
0.100837614986
0.113745462668
-0.0654079461469
0.206112895814
0.196494076046
0.0609922173272
0.127165512162
0.293302179281
0.186298151307
0.293428707201
0.543382897127
0.182087942612
0.244957468253
0.407260003423
0.211770938534
-0.0251492880717
0.125728903694
0.0189879935513
0.229126098241
0.36634124719
0.124502172817
0.283207173731
0.123515231793
0.178086939691
0.064619737988
0.536965860256
0.0253026719239
0.310305916035
0.186975223495
0.601061637342
0.193468790475
0.574430036313
0.0336454129163
0.134235403016
0.0368673621212
0.721832936897
0.484799785376
0.0333902602408
0.0772419810496
0.191379372575
0.261879390111
0.461154977069
0.312817605661
0.697814815781
0.398858146747
-0.0562224035129
0.157468827283
0.297355956327
0.354771282097
0.352887633183
-0.0529335017971
0.682143323392
0.394531677417
0.133711252382
0.419022864625
0.00434658234344
0.25451249229
0.199477200389
0.180336857248
0.55353716869
0.108276825233
0.129873845491
0.0411727010949
0.0310782736336
0.432474656076
0.43309240422
0.149691102371
0.118970586727
0.261803875656
0.723792691087
0.327456607531
0.327456607531
0.0476025735686
0.443909782681
0.152939089236
0.113275418097
0.547385064213
0.556706613048
0.00902884918109
0.117817389321
0.460523071471
0.658041699062
-0.0500005136905
0.165318345538
0.130580034762
0.0871047403212
0.228831342774
0.171233656948
-0.00240250284385
0.245500155379
0.0673889305794
0.254954886272
0.254954886272
0.22304244223
0.66796395469
0.724682503307
0.620623990279
0.0739125154272
0.0744053574391
-0.0314489765201
0.439819331678
0.0286557834819
0.415713867034
1.0
0.357000807897
-0.0244798540578
0.425598664241
0.278536196466
0.362759911873
0.245298839149
0.20137593836
0.600826072426
0.0169839643887
0.488816007964
0.119903778205
0.0970518831226
0.437167015564
0.146680105486
-0.050737859724
0.613516421774
0.305580681369
0.00320648652186
0.109920780627
0.0921970050722
0.0616058558475
0.442201662267
0.084149740934
0.197731345158
0.625573849124
0.149060787018
0.0415354890493
0.0720348659094
0.138145791778
0.719402859889
0.35098900975
0.127446808084
-0.0147254704343
0.0724376162259
0.0278646916341
0.312731717011
0.152562510208
0.0764630849929
-0.0391068559351
0.210337821153
0.457547248985
0.23559231785
0.113675836064
0.553537112065
0.184836311548
0.19734815427
0.105124797718
0.607459717879
0.0650409124034
0.167102620491
0.065722478615
0.264744705306
0.468381221276
-0.0851278625866
0.289852726682
0.278372403975
0.141113769348
0.101393001871
0.285118643387
0.247804364994
0.345812743667
-0.0246068046104
0.390019424719
0.0853033975652
0.334150839099
0.134673944875
-0.0675697561541
0.00856278507356
0.0470916566535
0.697432180694
0.330574044423
0.367228779654
0.0916784942272
0.0421218691044
0.125209108573
0.162031821025
0.673751272886
0.0
-0.0571383560679
0.651691657682
0.0743026188141
0.318387821335
0.0772873762427
0.196917302818
0.118764859221
0.367244915463
0.280146154353
0.147721419945
1.0
0.497847996641
-0.119707689979
0.214543810096
0.595166754714
0.206892924135
0.368473821191
0.719817838845
0.476187190518
0.224458394073
0.166879204608
0.0309657466825
-0.00147070199744
0.227510322069
0.00189295892797
0.0562852387122
0.33138841054
0.453321840509
0.180892451255
-0.0968040199265
0.138022124254
0.163370631555
0.0776016258295
0.00509927993699
0.0976997340844
1.0
0.0191668848409
0.137232610326
0.503459564989
0.000743277876239
0.779430110424
0.244010614591
1.0
0.044463734757
0.131303313699
0.66232366184
0.116817647709
-0.0788866862772
0.243225596108
0.720890000036
0.133034733525
-0.028377820222
0.261213727646
1.0
0.119414377148
0.388744968457
-0.0507269506151
0.110387537065
0.289752008731
0.0418823428942
0.486889732913
0.23627378735
0.0168467380524
0.0539869879151
0.28370749997
0.285984206593
1.0
0.0276657042669
0.643433121999
0.316930768301
0.114670354635
0.257539851732
0.389744869569
0.438503745518
0.721585504217
0.331585316029
0.442693223607
0.504477484907
0.523956736207
0.13699279643
0.17252085691
0.529489469676
0.123286694797
0.217020459108
0.046965722274
-0.0776916715579
0.277198179111
0.0443993350329
0.570086433072
0.570086433072
0.316590352818
0.0595943741007
-0.148757792212
0.815472792683
-0.0241717368891
-0.022096358828
0.211661997781
0.000854026517124
0.63642571829
0.163587917127
-0.110569599289
0.258023422995
0.444944647057
0.0640169575358
0.27551080426
0.288256648647
0.427745726722
0.551873177507
0.795508104281
0.323408068464
0.386869781396
0.379810760247
0.229256549208
0.765366303075
0.173683583486
0.0585463212374
0.460620813789
1.0
0.396701363072
-0.157988166312
0.125215707734
0.494365309761
0.156710805859
0.179205554023
0.453041898407
0.0984716943533
0.230636926927
-0.0868898835888
0.204335710922
0.023375116767
0.739699299578
1.0
0.528670369367
0.311857181076
-0.0241017069987
0.379696980873
-0.0270409525597
0.145717187536
0.359417503351
0.212133939795
1.0
0.19810557915
-0.111111794443
0.105690534309
-0.0028229709478
1.0
1.0
0.210677370712
0.135936730279
1.0
0.102901212712
0.0865638946752
0.129325770709
0.508542016713
0.185415273244
0.251909826147
0.0513245364289
0.085250527655
0.321405467017
0.204567076964
0.099742168902
0.099742168902
0.704917770458
1.0
-0.0506719344253
0.112429140413
-0.010717365786
0.51650697388
0.0812918267571
0.276379942112
0.393387254114
-0.0807698333943
0.431962266409
0.236681628891
0.489593989766
0.153975802931
0.171464142281
0.102975155679
0.504868194357
0.0696062195491
0.0600813784922
0.564110333533
0.0936932006144
0.03701120899
0.0803530551003
0.588626434743
0.11491906407
0.146812175992
0.171572055508
0.125248153347
0.0218188685394
0.529547684904
0.195815906164
0.144611676525
0.446642189107
0.18105530699
0.690382303504
0.286865822211
0.368243634716
0.166185472866
0.258486647119
-0.0680062663576
0.109177518514
0.323816085393
0.0630032122602
0.0842344944513
0.262198173743
0.257010024154
0.0913648840547
0.730981645488
-0.0110986879733
0.260403485586
0.165469816271
0.554273483722
0.232535104537
0.00792826469088
0.145932872115
0.309923811882
0.105693330088
-0.00604687044549
0.0725005875464
0.14134000287
0.366967567346
0.342726415928
0.0807285934694
0.006370860158
0.141821495348
0.310245595405
0.153100046658
0.0421890891984
0.691296252201
0.379091543241
0.449287765356
0.553366839834
0.203779292413
0.0188840666404
0.112742963173
-0.0255480181666
0.136046291373
0.263698206884
0.182836963638
-0.000439489353169
0.132710459158
0.207794294699
0.332726589778
0.71997536245
0.1818297151
0.122856013784
0.679496770034
0.365495141628
0.126819776526
0.254737110931
0.773488202656
-0.00738820495287
0.721081217194
0.496934166208
0.215891202434
0.124849984167
0.0833390553708
0.0641081671743
0.0169930781555
0.148176865277
0.0287286275608
0.154537706266
-0.0395729784314
0.212011672317
0.224462450081
0.554662224617
0.124479994895
0.113190472707
0.195087647579
0.565534955967
0.0239964625819
0.127321761561
-0.00715636883051
0.0718388884499
0.0814405977523
0.125752530122
0.190695328336
0.18196145688
0.0631034978021
0.217115242321
0.750681718212
0.173790811083
0.242910990183
0.241492840646
0.212150159952
0.123194914279
0.276084576077
0.0773741889906
0.0734763969815
0.204146518534
0.0334254844086
0.750790718959
0.465876601715
0.465876601715
0.420669271027
0.0104043320593
0.187498287
0.158912434999
0.275053717383
0.127770461225
0.11413633421
0.186724350063
0.248976852858
0.00914072431972
0.249285898663
0.257788868081
0.133163400449
0.190811507044
0.235984725992
0.160156276859
0.0254943966684
0.219648896497
0.0640925488878
0.6047705018
0.296089041126
0.0977387176935
-0.087950923942
0.158342527115
0.259019933331
0.0453725839078
0.13873029189
0.21779260285
0.0769495015245
0.23257086451
0.023914951081
0.694461493282
0.14145555315
0.483879704243
0.436811034351
0.144325058759
0.0899492162924
0.10082005995
0.278070040115
0.31493535304
0.120993631111
0.549674164134
0.137383322526
-0.0469327468677
0.0487550349091
0.176095601306
0.0646237692876
0.476917347354
0.143682850855
0.0937393635456
-0.128495431179
-0.0173143562518
0.674733508933
0.497514224358
0.797644590599
0.342853602016
0.203176604501
0.155376685098
0.67300478904
0.195816585065
0.391066127533
0.138111014355
0.163706681869
0.0994823723736
0.230555207457
0.0751033266174
0.115079703874
-0.0315372229283
0.251588977119
0.231813095558
0.0182666811152
0.674016056864
0.462600571434
0.384602721469
0.628725648367
0.151448007221
-0.0349015725168
0.0200062362449
0.0880597862261
0.305248843984
0.0508001607783
0.363921807508
0.211829297195
0.14651284491
0.257091369093
0.640158925425
0.153652278638
0.101151963167
0.652814875939
0.36719072983
0.360257361117
0.395892584804
0.352472184714
0.668692164733
0.116305254787
0.00760496710169
0.202495501429
0.0186460939192
0.11562238091
0.0898427705402
1.0
0.155419394448
0.152551330824
0.215258328902
0.501663602888
0.762767045574
-0.0240942554612
0.314419208083
0.107418113959
0.222798577204
-0.10116541224
0.211775313348
0.102829312307
0.0321268550092
0.755190324743
0.204082981157
0.276980920019
0.379713947064
0.295809963572
1.0
0.215251050333
0.486632850388
0.188426016245
0.188426016245
0.0172511126888
0.397036958563
0.18209918743
0.495731196822
0.0555570236152
0.358292263307
0.479051484519
0.135019782907
0.205733413633
0.153648111574
-0.0704671904929
0.279382030084
0.215850616797
0.65706639394
0.0745025179019
0.267646465972
0.387057122767
0.0494435240492
0.0877332946192
0.053909571505
0.178952316142
0.39192735807
0.403227279824
1.0
1.0
0.39781211861
0.32945104179
0.160340073872
0.278974895192
0.630655224175
0.192612477635
0.187895793971
0.197216966153
0.146886468746
0.253713319323
0.0270335802824
0.05221366754
1.0
0.293234429713
0.20191407156
0.157044673957
0.0547402209173
0.172134466938
0.0928272432315
0.518604672624
0.136590500575
0.226788828494
0.128113632131
0.128113632131
0.0309399907172
0.107093198965
0.00466812718988
0.0526330630068
0.781206477313
0.230878136679
0.153241854834
0.208511084393
0.208511084393
0.729658082189
0.245455856018
0.548933306211
0.0956745485577
0.0435116232452
0.223533102066
0.693013033556
0.247740358914
0.280804659877
0.342311697658
0.0401658738511
0.42066298616
0.0560471855015
0.0405697483532
0.123062768889
0.196410855779
0.851883424811
0.112648329363
0.122447464074
0.552722629495
-0.137891552967
0.0893142210429
0.167987769153
0.675687802412
0.123414492326
0.267140647669
0.232182021614
0.257482328241
0.283640502613
-0.055531797019
0.121354583192
0.588077075673
0.147196165008
0.217603054577
0.275499001972
0.0964952869509
0.274135409994
0.662349027284
0.415877210402
0.35249753381
0.476201080756
0.694240473788
0.314792039918
-0.0519747975234
0.0759985811262
1.0
0.314756202127
0.308522479448
1.0
0.149613056155
0.280954220025
0.062297889853
0.24761466536
0.446181586101
0.208973802073
-0.00111380129721
0.501898657074
0.476389754126
0.487226505278
0.219985039177
0.0938709500428
0.370501507826
0.264441914609
0.173468701623
0.0750706975106
0.237761073058
0.140693433074
0.492570290075
0.0213360142129
0.477182247171
1.0
0.0539827939804
0.209117640388
0.0802792785762
0.638243001688
0.0367860385171
0.306819080009
0.137994663555
0.325651884266
0.305115230164
0.0604999298658
0.0269762386345
0.281967935239
0.345245219458
0.123960133353
0.205796143617
0.0035891127469
0.376514974997
0.276417744231
0.269489087646
0.433532245997
0.180768186782
0.78276128587
0.366115809851
-0.0478446770453
1.0
0.127334801132
0.359398440962
0.192751869047
0.836301224776
0.383582039329
0.405590458935
0.132641406616
0.0943748547712
0.125449749106
0.269454453947
0.293207384169
0.269395226432
0.461401322129
0.420230015917
0.212616698754
0.256374074061
0.593993677719
0.119399138206
0.056486963594
-0.0214282296962
0.0845610843715
0.121729200882
1.0
0.370480934211
0.239116835424
0.029653971807
0.0559822816902
0.118653654467
0.145274529022
0.204880504126
0.665655271651
-0.00474600281753
0.194840252331
0.385185819486
1.0
-0.0516905002966
-0.0631186969765
0.111322904073
0.213375808242
0.0754548669616
0.0784733704087
0.327343438885
0.360916312878
0.205956994437
0.0252321574969
0.19121904125
0.134957599829
0.0752190435112
0.592340126644
0.179579859791
-0.0827623453879
0.134690602414
0.217347290247
-0.13330246514
0.0952068594377
0.00726460307023
0.027053734708
-0.126055018669
0.0263938745443
0.00386826550492
0.273910979083
0.0362911896573
-0.227728334081
-0.0153385910678
0.156589982472
-0.0210242264696
0.0568206768948
0.00141623267533
0.0172245725105
0.115264555103
6.08943149726e-05
0.0797202746626
0.176441376874
0.00611349400573
0.204630342452
0.0500304781476
0.027318701988
0.0227333795342
-0.00264224304501
-0.0131945862136
0.0248428154315
0.149869993291
0.0839957377449
0.0472189318492
-0.0426443220105
-0.0229370687345
0.0661287075528
-0.108932076411
-0.086083192385
0.0953607404239
0.285584074676
-0.0558607482868
0.0410430982387
-0.019338913858
0.0626550008799
0.134627916771
-0.0278484293186
0.00907088042721
-0.0106338394998
-0.0758208577849
-0.0630504938093
-0.0872072070806
0.0923377406994
0.150859695165
0.0143349579309
-0.0759566402272
-0.136855437866
0.113057118325
-0.0109922993215
0.307160357486
-0.0998737356114
0.110375797506
0.0735888193923
0.12008441739
0.045869551751
0.00194133035893
-0.0240486916163
0.103418876143
-0.0551426457786
0.0780882630648
0.0345119071226
-0.0443202303294
-0.155740303859
-0.0100706809297
0.0496381820113
-0.0183670952727
0.0702037856546
-0.0325275519237
-0.126473213611
-0.0736140050605
0.105617075544
0.0462858739544
-0.0344038707489
-0.022715270546
0.0160180495804
0.0628541819585
0.0172247071242
-0.0322816673357
0.0796279860374
0.0227553114306
0.0881347925064
0.167154896345
0.0398806762974
-0.183630550286
-0.0365210455458
0.0200662144242
0.148936663137
0.044710810812
0.0171337274242
0.080508258838
0.0564046079125
0.013450394354
0.00611842196887
-0.0631862720624
0.0969940575847
0.211467238389
0.121410783844
0.208300984765
-0.0543920924577
0.104378843208
-0.0419631757379
-0.0740791628913
-0.126836599671
-0.0627387534974
0.205834921137
0.0387342110751
0.106580291385
0.0334764015679
0.0601523667795
-0.0573457873483
0.0872507393431
0.0647098265983
0.0527856750399
0.0845001755099
0.0199897226432
0.159824535463
0.0599841040942
0.135332159078
0.106824255533
0.0330374048294
-0.00644022828718
0.0393222354928
0.0141425158495
0.168114535481
-0.099156419267
0.015066244025
-0.0423283995478
0.0465597071455
0.0645199545669
0.011055235767
-0.0737381373341
0.0440977127519
0.0506284933617
-0.00252153319289
0.0876612132393
0.120050942119
0.0426300570984
0.220118329211
-0.113543264059
-0.00962996276043
0.100425084566
0.28494122758
0.158726139882
-0.069402851083
0.0483305624979
0.128145316572
0.00910482482776
-0.00399041547003
-0.0480552249517
0.042216739758
0.367434135837
0.316969070389
0.304653790975
