0.03675303138
0.169972708762
0.0432813871688
-0.0895580043083
-0.0838559314663
0.0607983322019
0.0555388183997
0.287088428339
0.310306840062
0.06347537761
-0.0518164829847
0.0316255319232
0.0362376119203
0.133593633406
-0.00810418145506
-0.0881783407727
-0.0205887337579
0.549193475289
0.00134807287128
0.0683180258317
-0.0933464832658
0.598488257536
0.424596087664
0.100713249067
0.350682731697
0.0125596595588
0.10344927097
0.308207248478
0.14107404236
0.122558788537
-0.010929608958
0.224770276905
0.507022903889
0.176282685862
0.0514562144708
0.165323402654
0.180296120487
0.339387451316
0.08762522724
0.0195744528466
0.14505757345
-0.00470938077566
0.00742193243058
0.199836337186
0.0893746782209
-0.0691162770866
0.329111643983
0.0419543230265
0.0335604231246
0.289239024398
0.113867578769
0.0710144702986
0.098269933445
0.0622079523447
0.461948544118
0.0519417748111
0.192745002348
0.115721059589
0.0592210122458
0.0883607963513
-0.0744626518024
0.0268181903046
-0.0356762031807
0.100583661943
0.260707559963
0.105596225572
-0.00947135912762
0.103310981456
-0.0323642779149
-0.0104998732914
-0.0791977709893
-0.00131962920239
0.149207459631
0.203264149593
0.08138701344
-0.00751278170987
0.201688597162
0.109697493391
0.0514439329923
-0.0159270743974
-0.1723170036
0.275524556036
-0.046741793497
0.0569739609173
0.40319326581
0.233274489458
0.0229692572438
0.0959627403583
-0.0137002014673
0.0327136765342
-0.00660484032091
-0.0205115926135
0.602279561199
0.298103654366
0.423576410773
0.0623663616736
0.174040211024
-0.0621474541613
-0.0774451767842
-0.0582199140796
0.204207018016
-0.0286971098643
-0.0356676111003
-0.0780159144425
0.210416386927
-0.0365272817628
-0.0663417574882
0.188270504352
0.0122310043334
0.505170650795
0.0711443880114
0.0927874038907
0.010288915932
0.125756527042
0.391860892733
-0.0612407359772
0.080280982123
0.228890181925
0.0031497844608
0.460397638981
0.128792744306
0.0873644153682
-0.086105775014
0.579562564102
-0.0279297017233
0.293872990819
0.515102828808
-0.0288687073877
0.108788619044
0.0688336506533
0.0844859091788
-0.122732588346
0.00891175677687
0.074816362164
0.320394598012
0.230426941199
0.0558439574
0.206338407676
0.234777808894
0.16470429706
0.227443266139
0.105464187458
0.0343015482474
0.118965695975
0.37298419223
0.836005809691
0.588911246899
0.256482524691
0.411641017957
-0.0917724470808
0.0305512704326
-0.145038632439
0.11141291364
0.0102711555789
0.0
0.0641590240814
0.0678704248237
0.0304115269481
0.417435483192
0.0444403627522
0.00721297319314
0.0791112610221
0.114603041578
0.0817956696725
0.117832685313
0.159815835452
0.0579696808367
-0.00411979263778
0.284651338669
-0.00767174396818
0.368621270538
0.242022437574
0.27360190253
0.173333382033
0.1000728552
0.16020188677
0.192167217425
0.0502468955021
-0.0701018262614
0.150979424372
0.205979547437
-0.071200543528
0.775559936814
0.0220214803762
0.24613157579
0.0486709846073
0.115436493713
-0.0354228427963
0.284741392788
0.0108466455011
0.0312420883302
0.321683374743
0.0656325786394
0.0959021626895
0.12855267861
-0.000465956217984
0.0246766800899
-0.0242119911274
-0.0478215538051
0.227578595595
0.148162104174
0.0185605292354
0.337678298743
-0.0260846409852
0.101482568684
0.124503824328
0.407614902696
0.0684513790928
0.0309947550446
-0.0508311947146
0.0147244466003
-0.0255593817352
-0.15446137644
-0.00151917613587
-0.029513407104
0.277916683082
0.386117585091
0.0687890894616
0.182064012289
0.288414218971
0.0797141162431
0.42686100988
0.0239573543977
-0.0207352529276
0.457264962206
0.421444735476
0.440123798361
0.057608830792
0.138267808771
-0.0351710531476
0.0866889799562
-0.0100510446943
0.192553045974
-0.0962863995111
0.11831119128
0.0561854914828
-0.0293018993004
0.115439635297
0.0114136099983
-0.0248521339033
0.0731671335674
0.0295120526189
0.164101591226
0.0469798208252
0.0253630914478
-0.0386973643478
0.192553045974
0.498647848229
0.0663103557571
0.208706515256
0.125169677446
-0.0531952433294
0.258275076558
0.323558182259
0.122696487476
0.0480270901177
-0.0492945013762
0.228291828873
0.450650380285
0.150575385246
0.341185025847
0.567956821658
0.275824311276
0.079965295933
-0.106001601979
0.156706424629
0.0391018025115
0.212058813144
0.00250833669064
-0.0930523089909
0.236636265972
0.00249966425004
0.149879924689
0.229407162167
-0.00211593311273
0.109059675275
0.484029925297
0.302918715238
0.155928368751
0.165785075692
0.405745336878
0.326080869581
0.0215702794428
0.7262634044
0.38503161758
0.236177398871
0.0949467262195
