0.0497966106182
0.139819369183
0.052497743336
-0.0873549105063
-0.0737334522111
0.042748850524
0.0514101524199
0.27277023063
0.290851272936
0.0691668008897
-0.0604546970726
0.0346458631501
0.0394009046329
0.126655283123
-0.0043447699569
-0.070692912487
-0.0143881348119
0.542333416222
-0.0149831039604
0.0478656466867
-0.0963636470406
0.56473739639
0.364564634669
0.0588397723756
0.320351722582
0.00947981217557
0.0625373873345
0.288767649524
0.120372731017
0.125933281888
-0.0168937576674
0.211918042073
0.461121889622
0.155903463985
0.0535211508664
0.143691374164
0.162331603875
0.308953679722
0.0681606462366
0.0280603521197
0.130937225809
-0.00783819227883
-0.0014584905328
0.170204490849
0.0766195007596
-0.0697004680667
0.289564110897
0.032232748336
0.0342444457894
0.27731471489
0.100284447156
0.0646929397205
0.0836044104784
0.0523368889921
0.429864670594
0.0573251935709
0.182651631096
0.0823600407544
0.0484083671112
0.0811638935574
-0.0638387195922
0.0218463921233
-0.0243107892981
0.0735935919757
0.236305362652
0.0910930575074
-0.00569783213436
0.109171551629
-0.00965994199166
-0.0188726934314
-0.0968677164827
0.00939127441272
0.126586106385
0.19482574242
0.0810745090267
-0.0075144592659
0.184374617288
0.107225929912
0.0476133808763
-0.00151803581263
-0.160502077261
0.259768021314
-0.0567392626524
0.0321652248539
0.375783718116
0.204013768215
0.00840816211429
0.0981772274448
-0.00996945095454
0.0252681791499
-0.00610681313436
-0.0316558322049
0.571426189426
0.278744714354
0.384706055364
0.0627807829737
0.16313314998
-0.0739620329185
-0.0753027931327
-0.0413422343441
0.190809774289
-0.00263072558117
-0.0302678811323
-0.0614020199622
0.203254274017
-0.0334792875502
-0.0700302675388
0.183544369019
-0.0116199222472
0.453620955444
0.0766828191495
0.0911674317936
0.0117420369676
0.0970413747687
0.350141399214
-0.047361500646
0.0458434130665
0.200194324233
-0.0105354620168
0.440088812635
0.1259213463
0.0816409443045
-0.06756251235
0.563567534037
-0.050024192988
0.275248048662
0.492300702678
-0.0283225805908
0.0932292627872
0.0613701535198
0.0699547594706
-0.12274384552
0.00230285908174
0.0634286403049
0.31140450422
0.210087714831
0.0522845370419
0.194864592558
0.196035612453
0.149454514156
0.209048709549
0.0945752770072
0.0304871130709
0.113919957366
0.326408850645
0.825607150666
0.57287037182
0.247400486064
0.378146706992
-0.0741173406454
0.0172980871447
-0.12677830188
0.119002199716
-0.00414489509607
0.0
0.0726841037924
0.0420149554275
0.0181166469895
0.376156802774
0.0582904848331
-0.0285934106043
0.0522002708624
0.086949696069
0.0805435974255
0.113644784976
0.145496289714
0.0492148187967
0.00891744440625
0.250668646516
-0.00323874729495
0.342366165773
0.22546103927
0.264528355504
0.190142706089
0.0895524444982
0.154833049515
0.168336847932
0.0411546687002
-0.0505602558748
0.142374612905
0.17100289425
-0.0937657030152
0.755464469971
0.0270141462671
0.246124814738
0.0605463820684
0.107155197649
-0.0158831287666
0.266809175559
0.0117235628837
0.0239697255474
0.28870731976
0.0541959137437
0.0781948952097
0.131803117768
0.00438642012981
0.00839764070444
-0.0189428242272
-0.0462465625909
0.204335019557
0.152054876113
0.0215669334977
0.308359742856
-0.0257977291894
0.09590185431
0.122867788558
0.384783638854
0.0519655652058
0.035563758121
-0.0416807651294
0.0168262616682
-0.0130244323209
-0.137325310759
-0.00533513420235
-0.0119134637945
0.259027211267
0.360616162566
0.0648314979586
0.172834921032
0.272113724531
0.0813469253354
0.39764246209
0.019178597555
-0.0128848650207
0.411198740233
0.386553804096
0.399006647336
0.058557100439
0.1084824411
-0.0229446198539
0.0967694401865
-0.00274948071815
0.166815793138
-0.0891066272409
0.109980964636
0.0570990034102
-0.0305511769058
0.11751548263
0.0236949087388
-0.0137909842132
0.0904164600749
0.0205122172812
0.157408814427
0.0372539259858
0.0195001724243
-0.0403347464689
0.166815793138
0.462364037804
0.0552426912438
0.198310323553
0.111206074335
-0.058706847596
0.235380038991
0.294516392101
0.108347303152
0.0501955875512
-0.0525703116429
0.195319508904
0.429508972557
0.134520087089
0.33539432653
0.548716745103
0.259289488215
0.0820438336438
-0.122583621408
0.118465309896
0.0212901364106
0.211123825707
0.00379709913184
-0.0943115876647
0.208181083434
0.00263869076209
0.136072163859
0.208980777904
-0.00995728939601
0.0897925695203
0.45596617692
0.299702856489
0.135368811572
0.161904518924
0.372584016741
0.300781642172
0.0168025549266
0.694512163611
0.369484677938
0.226473689898
0.0789064903734
