0.451075815195
0.522544979803
0.387887592467
0.735877726191
0.390288118947
0.295126598479
0.358262523064
0.637228231365
0.358256722555
0.447057859386
0.620121652235
0.668251284702
0.232906042653
0.29999735022
0.314881008969
0.392642303574
0.406357021334
0.389770024534
0.553790570756
0.344032836369
0.373836128256
0.237017035206
0.385908556711
0.304179498178
0.286376474674
0.511431773383
0.247306742505
0.319382958593
0.343215873107
0.325307299007
0.289638343661
0.728906335749
0.424596087664
0.699021898199
0.479205587952
0.334953700638
0.366066699719
0.334767170546
0.357685811368
0.302305570315
0.33092950602
0.666600586667
0.359704391273
0.45076986772
0.331414227196
0.647276153236
0.34242946083
0.255880906366
0.443340735194
0.488165998225
0.421001257926
0.480803393859
0.431957230981
0.16048374479
0.304814796851
0.596982413804
0.467466258737
0.184600862388
0.396638215591
0.447549969801
0.531336748391
0.405419429487
0.349624373685
0.336328071645
0.399103346475
0.563077231876
0.328385321106
0.140703173996
0.468175314081
0.425617580642
0.511483881016
0.281623835212
0.158685291995
0.410337942559
0.303373613638
0.533627088302
0.477312195754
0.240530163481
0.248195554748
0.210417012826
0.35629670981
0.371757155972
0.240487267148
0.345857030916
0.363454315465
0.549054027283
0.0111351787343
0.27362897279
0.305187091922
0.212655302287
0.334057308835
0.367820519779
0.507475874563
0.390266808139
0.264717151668
0.285944533221
0.310090465804
0.50304102492
0.202777487482
0.459625482907
0.129849771317
0.245828474667
0.681629775849
0.0951368086408
0.279243771572
0.310995805282
0.226588139503
0.436755965402
0.28435242032
0.424764472102
0.179207982788
0.293744794938
0.510861895262
0.176437531052
0.385823846353
0.260769605808
0.305935015326
0.329089567132
0.208570114699
0.445059275036
0.345551279469
0.192695450126
0.268414187498
0.321383400039
0.411369981917
0.284309353866
0.336004518711
0.502724109409
0.419004058216
0.480752391891
0.455803880773
0.256650188127
0.394317489314
0.488125008971
0.299079482873
0.401306948304
0.400674793246
0.199174588983
0.277014567372
0.319232851619
0.224139684088
0.24879700898
0.273659601811
0.200313667054
0.424999821677
0.376432534171
0.17913119631
0.362661673691
0.218141275046
0.373427196489
0.353012785315
0.210336379227
0.346740816978
0.518433918604
0.240552146951
0.168577477705
0.39727774232
0.285429661305
0.48327419238
0.648860781331
0.423289347277
0.404710061216
0.237604413023
0.305819150314
0.269550813452
0.452786035527
0.365526897718
0.441640881546
0.531499497388
0.310489199615
0.34899166432
0.343452666631
0.304410731299
0.368357097594
0.347773422901
0.274904290682
0.468179748499
0.261537604013
0.552282310211
0.450515549151
0.614991815362
0.508361173471
0.284659980988
0.478155043978
0.35416979675
0.220472362439
0.393584576087
0.297256083928
0.285879539313
0.23939921483
0.259853258167
0.0520377390815
0.350318706248
0.638051920764
0.567956821658
0.481181281002
0.177975274142
0.231198996289
0.144678710295
0.0303278486599
0.75492959315
0.150404262504
0.394674595799
0.280620802528
0.335115014221
0.489624751664
0.484767990543
0.35585041436
0.268672186015
0.284468257266
0.202213603478
0.629918263736
0.288763746437
0.303489695581
0.403858530942
0.132383390873
0.295103154712
0.214359381476
0.407527821621
0.193463273358
0.268709618209
0.254869048622
0.320568568321
0.333914211051
0.341276689064
0.294894724796
0.254120351219
0.320347381865
0.367177747381
0.553824282818
0.147634953404
0.31893536657
0.215118359238
0.369614658497
0.612703769897
0.397360422656
0.304574767342
0.342851413473
0.579556315909
0.217507389066
0.257988153641
0.409380869675
0.212784751562
0.484025990465
0.412453433712
0.223475819851
0.275517552252
0.48926927073
0.534870368711
0.52035185624
0.508592686622
0.174501552169
0.435826880729
0.294354419389
0.416278742653
0.498956496712
0.40816615584
0.291590639813
0.184697701568
0.236115996032
0.393021273004
0.415972305804
0.382544418757
0.441330488109
0.404691579994
0.291751240479
0.271842098898
0.552028152682
0.220355181687
0.153810732475
0.345333905909
0.293547526078
0.384735977194
0.225467451138
0.264330301743
0.328206804802
0.467166840549
0.329217899415
0.314976997609
0.423371090427
0.714886528299
0.297344522253
0.259026501156
0.32409735332
0.382832625322
0.329491925234
0.869929747536
0.257546268882
0.63107681245
0.642884588903
0.305539472384
0.400618447078
0.249929039683
0.295046859123
0.147033446649
0.331486520908
0.543085429954
0.434144785702
0.29011757598
0.250509183789
0.153613620364
0.541943017463
0.482246880251
0.301982869415
0.410007386508
0.368259011195
0.311334999521
0.41253078436
0.316585815157
0.31423231325
0.164390724706
0.278447868027
0.208884264696
0.588320567513
0.240547518077
0.256681147079
0.35506014075
0.423573169663
0.321582994802
0.259143381773
0.350172619424
0.612045273254
0.208743539165
0.35109512568
0.62521736891
0.280137877361
0.465322999354
0.0885704751374
0.575932743297
0.447961208265
0.163048616502
0.293319953711
0.638863912911
0.357716262979
0.461790119758
0.255093065611
0.207383058015
0.275563219225
0.42468310991
0.483920483558
0.532923405569
0.437443952358
0.3785232794
0.331329370695
0.279852242014
0.434082423801
0.200667358678
0.180180823158
0.51719601898
0.318287866576
0.337678298743
0.348023062482
0.2794829051
0.193986692467
0.193145047244
0.424767886675
0.395417153184
0.335264336459
0.255303520416
0.45880704966
0.364063184518
0.502873651773
0.285111478393
0.421148603754
0.253106866868
0.354039478961
0.321632402371
0.52532165352
0.563909857505
0.346115005152
0.346937890757
0.201201181313
0.515299174393
0.394757535006
0.370125322658
0.311180682349
0.22868905489
0.353057433
0.397586139845
0.671206184608
0.51817091874
0.683169199652
0.382876599715
0.399668900585
0.424759489476
0.39174029845
0.219962311206
0.20388217227
0.346466057001
0.36196184786
0.31507690674
0.370752605034
0.276323292167
0.41166629844
0.0771635646875
0.199044953031
0.129067663594
0.169384684212
0.17849695772
0.24633305096
0.527408753042
0.376289830797
0.297148573134
0.366813536083
0.134527617352
0.314938320189
0.469688590337
0.368338599952
0.357389246522
0.195569654108
0.256844786722
0.296995024985
0.373301557583
0.234946363477
0.195842312898
0.204068411354
0.358900384879
0.43621820541
0.230808815674
0.389112897341
0.245259007934
0.371165199368
0.319296130532
0.348156633646
0.595451843311
0.540453776787
0.0897457627651
0.292078757298
0.543566025982
0.139938883905
0.507190225087
0.291678830545
0.534237191502
0.225013883489
0.284742779332
0.284531361045
0.234302570513
0.574307088417
0.314965849798
0.403986716556
0.251515219884
0.152249064933
0.311249001751
0.422828016913
0.508025959295
0.285603352575
0.357947991635
0.273787591283
0.529148954159
0.441531784957
0.288908627772
0.362221790123
0.273082094068
0.3495223271
0.332092390869
0.36823887546
0.358380438293
0.299095324414
0.236056350486
0.378050953149
0.306455886729
0.21712175707
0.357085187488
0.224207343504
0.476185620432
0.464307299733
0.407899625551
0.335093058691
0.313054611989
0.211555507045
0.158073712158
0.331626080625
0.508893409268
0.38708777586
0.231061641482
0.100992807536
0.549774854915
0.52939851758
0.282510523885
0.653106630025
0.438078176018
0.198609224075
0.364684463022
0.271551616696
0.166914741997
0.235578782127
0.373738675883
0.393150424583
0.309663166074
0.262087468366
0.591955169686
0.259711240877
0.2978279366
0.157094898974
0.448480721895
0.450254387594
0.410698116861
0.317187485391
0.0329106869247
0.414217056052
0.239311902631
0.674010606389
0.364842162795
0.443178355373
0.233400644289
0.0877092110861
0.177933637221
0.168219557436
0.345640241318
0.317496838638
0.203448996349
0.465139520591
0.286863070905
0.209632881849
0.422950845881
0.319231363382
0.278803137717
0.145695416814
0.31569991272
0.394978853109
0.313639288791
0.333811171369
0.395337023146
0.414371267826
0.306080744873
0.294586883085
0.306945676476
0.162686162229
0.252143362576
0.204262291382
0.162813208095
0.372252190195
0.288612631723
0.562235512525
0.222874263987
0.310147421704
0.495282946122
0.26142140814
0.387558617571
0.433690954012
0.423217173446
0.337171523738
0.366528926334
0.264214790493
0.548587204018
0.370914369025
0.376988674743
0.265122507948
0.164438047441
0.2580674495
0.24687095455
0.440054313889
0.298122219793
0.336476697664
0.270391792185
0.167353740302
0.371863122706
0.196217740755
0.708215796167
0.350190333538
0.348186505891
0.324469087678
0.301153185272
0.162365939137
0.288399788753
0.32258761055
0.256594326055
0.400948903572
0.55278844225
0.160541750291
0.700755284706
0.330800021786
0.38529503881
0.315539224341
0.355108923493
0.365604466873
0.280544971571
0.15859154193
0.255922013275
0.408816921937
0.392058236946
0.254018471666
0.319594117938
0.392436323771
0.470684817432
0.212353826093
0.321589629155
0.0801313218901
0.353515728869
0.259048061488
0.312173990209
0.154536308886
0.387909149332
0.350585964857
0.442146333846
0.234860735869
0.227391058981
0.174221430064
0.380885604132
0.312135217694
0.118265693572
0.49731705178
0.669037919503
0.110647775801
0.285831291903
0.671540967302
0.28292245025
0.358578432151
0.413488133307
0.406760791414
0.485619510149
0.0717458941259
0.144879202432
0.296954174289
0.518944184038
0.2967721649
0.62868411462
0.525038665684
0.427220653571
0.348063393231
0.207234665415
0.00805390075549
0.34626359832
0.33487081603
0.29776231379
0.405424805621
0.322003488794
0.366042273797
0.228462979668
0.611826152026
0.0114712561169
0.278258684391
0.41173785813
0.483018378907
0.279124374686
0.35387957819
0.302857905604
0.260956621614
0.498959030685
0.515948863833
0.399697895585
0.306015394338
0.275357935014
0.461948544118
0.187688764541
0.546670968871
0.166668608117
0.213313004212
0.223582416862
0.0862016757066
0.195317180402
0.4222319245
0.523763890363
0.291508651918
0.262440162255
0.652590832424
0.471570554526
0.527382389256
0.254935614522
0.160732249659
0.493409850036
0.248995537643
0.413766475296
0.14077202177
0.210685468113
0.326584489057
0.0393094998171
0.377482725677
0.280463842745
0.345468104419
0.314617464584
0.590681393095
0.367205071121
0.256566463656
0.505396123531
0.368778777927
0.200766190622
0.259083457758
0.391901782318
0.327982055939
0.173048408184
0.332783449209
0.195206007832
0.312795706537
0.376857178846
0.15554080229
0.454253098794
0.271363293804
0.199735278113
0.260945844962
0.263092125429
0.249552851325
0.248632906087
0.669033293543
0.344000201518
0.303253218035
0.193877525552
0.240027781222
0.134886276518
0.288688481272
0.144839226395
0.587429092582
0.239681019149
0.140938636412
0.17467897812
0.196542035595
0.352651527445
0.287370340002
0.311360897937
0.358114855026
0.25588565642
0.167302095915
0.403687726391
0.576319801641
0.345990457214
0.390880966626
0.497285159667
0.371818071667
0.285805889561
0.371635922005
0.282236965367
0.414684354368
0.463365918163
0.129538835231
0.216355495035
0.566356893774
0.333449270739
0.214290133803
0.337317151284
0.323603879012
0.285698401441
0.359688654408
0.336358731863
0.243107397786
0.22674715409
0.312231236784
0.232684118917
0.376675760643
0.513243371513
0.31092369962
0.260443481223
0.505994389641
0.239802428467
0.671564532899
0.265841986345
0.017827521329
0.206767396149
0.209974103726
0.447924797806
0.150374132602
0.348286644917
0.53454017249
0.477883598495
0.274220885753
0.365439444322
0.256032186118
0.373139879583
0.254314788176
0.218104964058
0.486987396396
0.121276762477
0.233548114062
0.273672031974
0.319920453962
0.283212382353
0.302266612064
0.0775080429719
0.358361976032
0.296433810644
0.361614658952
0.406167731475
0.560474672205
0.170696639563
0.330543023948
0.196534770422
0.269473233644
0.172401436168
0.299747233292
0.392810673369
0.234720599366
0.380465766984
0.216195187943
0.289935965091
0.121703262364
0.347125893469
0.317119710337
0.429708029952
0.106323560678
0.318254780509
0.341518298658
0.428512989861
0.272079180408
0.0965576710388
0.342717613603
0.238341147268
0.325081923413
0.870397768034
0.597190360481
0.298406073675
0.33151129468
0.235005600678
0.615823086562
0.295119222266
0.211095402715
0.240189063808
0.242018630062
0.401271026741
0.390702308177
0.255472781929
0.227559964803
0.242629278808
0.18703039766
0.425960937962
0.369146173643
0.295974506151
0.130753188292
0.405882416514
0.40218412226
0.282307211889
0.402392596737
0.176171409903
0.406432132937
0.295310014178
0.233929719353
0.374752040035
0.176297688397
0.20797181632
0.214180993023
0.19486942508
0.232079757083
0.367007397122
0.234346074999
0.268921225143
0.264325167071
0.317065537646
0.192157819924
0.232957200305
0.313229409372
0.03463217027
0.128789425531
0.39349083438
0.347637572501
0.417742207698
0.43353033512
0.148439879979
0.0959799134134
0.0610776155558
0.510527114942
0.429947496819
0.170032334441
0.146233014378
0.275822076455
0.284805312746
0.104826798012
0.385317094474
0.16129874165
0.101483630021
0.482703791002
0.194309854517
0.444138435648
0.474908756757
0.603266936437
0.193649539081
0.22690998727
0.356219988912
0.493474504209
0.325012834355
0.350825741866
0.521220229521
0.215591519734
0.318634407041
0.190931381407
0.379856081646
0.222710603771
0.392984939482
0.107623473642
0.0412491217227
0.208980122259
0.189251208605
0.236825842083
0.198510830745
0.356110182778
0.406193265215
0.305445199986
0.324322242955
0.231420706135
0.455158381411
0.173094638684
0.454474717988
0.3704458305
0.131384741153
0.180133530694
0.155721525002
0.331200707917
0.244846548241
0.344661949611
0.420396526888
0.162097152033
0.121480462468
0.488915177784
0.048447004738
0.131061568058
0.196898632253
0.215678199888
0.142484617755
0.282914449729
0.265377633796
0.201867873325
0.375630289237
0.255844599833
0.272580961968
0.279625304037
0.26004983773
0.174351427258
0.385845865825
0.293226077866
0.301122582099
0.164045499519
0.353977720401
0.267758143507
0.38363088751
0.537133953465
0.207794770598
0.400274260654
0.235318947664
0.332382925562
0.0882077603435
0.3093478766
0.280696965431
0.227169225225
0.395849853516
0.598488257536
0.545238242709
0.169307397563
0.263451507628
0.312208941992
0.491503109714
0.437697224933
0.442708910129
0.197427674372
0.174079681271
0.223449617888
0.365759864885
0.230133196724
0.226266785281
0.310271543242
0.229466130435
0.230077410449
0.356235580579
0.433442534635
0.303524849765
0.574694783957
0.277793624815
0.188720642794
0.283118479244
0.203269599674
0.255182256034
0.34412735713
0.503437982972
0.294499156836
0.474199181534
0.353736701279
0.300681124675
0.131196969338
0.558484597872
0.294749459967
0.423430404627
0.341923146541
0.205618190041
0.364030951164
0.554087931721
0.283661809522
0.344485456425
0.27458504489
0.114376647744
0.181031390097
0.204887795538
0.323279016835
0.385172090703
0.225526997594
0.349068270696
0.203028242182
0.172584395168
0.248050901141
0.231712566417
0.268170229589
0.224629641911
0.342346088099
0.513891664509
0.151941727728
0.35383054854
0.474043939943
0.266959408754
0.305002854788
0.176937924756
0.194584794123
0.408867437141
0.419901207983
0.220739645734
0.12936260463
0.130273162846
0.192334175679
0.261708536546
0.191271885459
0.137749577381
0.26394708263
0.267517770731
0.257894265348
0.0581618703217
0.139983033923
0.26632731062
0.0365896224483
0.361380249022
0.469142450626
0.139201305821
0.184889152339
0.649132612268
0.214668179832
0.0140700190091
0.307444547955
0.345383727537
0.253603121675
0.0813279845004
0.408253522323
0.342937594924
0.247492864198
0.2446157809
0.237220926792
0.302408838673
0.36261727219
0.122129231201
0.155952967761
0.305557386504
0.266793844987
0.240465796215
0.411185662272
0.154857713883
0.269724259204
0.328030057205
0.579472271072
0.158131998476
0.350231819007
0.243180610807
0.309837025954
0.283406255384
0.324987934997
0.531359089179
0.183752112285
0.204291660659
0.288395640834
0.373779480128
0.248632232978
0.12771140605
0.344427364935
0.221726260031
0.143850992514
0.204647658647
0.207938996809
0.206755388271
0.34710157536
0.415831451132
0.353504825243
0.524928313314
0.203407229062
0.313206565985
0.433283375597
0.302915836318
0.236279823017
0.333832334945
0.352315745047
0.193419155976
0.492681710755
0.279576861427
0.41094434971
0.344263565959
0.363641567926
0.04616962054
0.076985162763
0.206041526561
0.0833327363501
0.335478173612
0.341846748263
0.573281509877
0.0378856585026
0.218517168552
0.356926718331
0.207479452817
0.366250602071
0.456682355914
0.192098846466
0.212898575805
0.101548145154
0.243898172313
0.314821404282
0.139169381379
0.140260978208
0.204268795342
0.216176688925
0.154617058338
0.081358718905
0.341834567709
0.0787415055803
0.160453599798
0.234039766091
0.279156734669
0.339483890907
0.311450098069
0.163767161173
0.485593389063
0.394453907447
0.146765210954
0.465563941627
0.142876641729
0.33276581792
0.375198464242
0.400369685789
0.595089383457
0.318711872658
0.365824218331
0.0569214411932
0.0507385879218
0.216614992849
0.373124201094
0.0728571637987
0.282427343281
0.295609143264
0.413383886774
0.248635531124
0.195254566967
0.241938582148
0.0488716788455
0.253074552887
0.307722820201
0.334070274355
0.267989669755
0.12730004734
0.225333084682
0.29447520755
0.143435045994
0.179471475013
0.399923449462
0.196470828794
0.345395412297
0.22241464939
0.409232282154
0.245020248737
0.329337489299
0.385590762648
0.169523970856
0.60636900024
0.429889366848
0.316538450088
0.259590761003
0.133081096564
0.126641125255
0.122968200806
0.262777970633
0.262825796476
0.325137357018
0.193520245964
0.477295195507
0.427432681588
0.237328226183
0.174411471607
0.377538159488
0.214526007357
0.22352720046
0.255248447154
0.244278659929
0.14363495248
0.17967521628
0.49122952096
0.402086577502
0.180566885965
0.224309629853
0.367806827942
0.412316428429
0.258990318268
0.186311864094
0.157493621555
0.247831776528
0.542110627145
0.300936056196
0.454724681612
0.308611919294
0.523838181087
0.424909788823
0.192102129346
0.294321927893
0.229793229616
0.204658888518
0.359111439414
0.388720680161
0.0880554609046
0.123325981416
0.261983918904
0.200250133868
0.27543811006
0.235677238803
0.239398578553
0.341317305558
0.350201042942
0.188973209819
0.254168713922
0.322570110993
-0.103568829097
0.144360353356
0.229410929001
0.23283992307
0.0444005242304
0.224392816872
0.639731002261
0.158298692382
0.468942926072
0.262752715699
0.182160975553
0.212742199656
0.335039740309
0.219329704769
0.233275756973
0.157941979438
0.489731141961
0.20377785794
0.30907314993
0.0970440360006
0.36785431664
0.00570977086023
0.377069557847
0.527254584648
0.214300791624
0.300289296117
0.133231058985
0.591180443127
0.111253214863
0.169383311614
0.248501420975
0.299320897811
0.157704024541
0.296589166614
0.366335053792
0.378840861125
0.301493987232
0.522180085365
0.347597173002
0.334444817844
0.179770658539
0.48860265503
0.320684060519
0.0471940451714
0.620368861711
0.228854548106
0.110043326936
0.157457458636
0.31009941127
0.243755788878
0.125474545501
0.341639811772
0.140643937696
0.208829392569
0.135733868355
0.321719208825
0.129221565226
0.143284185263
0.133475923267
0.502709636149
0.324791421247
0.0590536543171
0.196839642334
0.268940138431
0.223794850267
0.0976077310201
0.239721548455
0.129646317882
0.104365704094
0.164081919932
0.367230280326
0.29424828324
0.224445673654
0.154149495263
0.305220948472
0.327859084975
0.246407551571
0.30494826264
0.280334876458
0.376102689725
0.356966526767
0.0942739675461
0.320085432843
0.198390517301
0.183109360323
0.239394037446
0.184142277191
0.241847293279
0.517867445254
0.019226876177
0.383339600971
0.234188290162
0.178072985083
0.270989743119
0.179141448445
0.312208944326
0.240502744828
0.502868578094
0.247316212259
0.335416373442
0.322990074485
0.324009682172
0.315330082418
0.297199696599
0.174202371741
0.222837742859
0.248416172233
0.32845598385
0.230016231787
0.206730923019
0.125977492683
0.382622374459
0.162500091831
0.197568663806
0.287922894098
0.167026256104
0.205550299931
0.45388292571
0.333437870303
0.527907123058
0.175450394263
0.360109619282
0.675528772513
0.303661398915
0.122536012336
0.103699959645
0.231725536035
0.193293860026
0.296155099275
0.274628851931
0.43128092314
0.102240352794
0.269275818857
0.114023074721
0.142404559139
0.256715985963
0.197580528103
0.126030945705
0.17328592562
0.379872082642
0.238741879096
0.31142676092
0.217596665814
0.281841396748
0.166023861442
0.28212052988
0.174327600237
0.370945736193
0.295544587815
0.254469151688
0.278191724675
0.24383411521
0.392414185882
0.236459737374
0.163501165702
0.414166233993
0.17102023248
0.184234359985
0.0570684510285
0.327782172589
0.158893878196
0.287240122861
0.178520016434
0.493159540829
0.051135117559
0.458612454278
0.0744319598515
0.216233996148
0.163186294603
0.293215897486
0.400841648161
0.07511525579
0.50445300648
0.151031645427
-0.024206386449
0.0922982250806
0.255318203247
0.0350809711779
0.414986166253
0.374197599845
0.284626297587
0.580424519174
0.177319709898
0.334594057692
0.122656707855
0.257028050438
0.321075671057
0.419756105586
0.379947835853
0.123291182458
0.279843318569
0.0489909494619
0.314270246068
0.112943701884
0.305592769359
0.0988746336615
0.395786082256
0.175870938957
0.180786776827
0.0252982136449
0.227194302004
0.239477174785
0.31873165632
0.310507850477
0.243719680007
0.107758323481
0.296918451777
0.327023578829
0.12575431749
0.306198420712
0.218272499891
0.372468619776
0.129166511958
0.075416104223
0.135552139411
0.418909058007
0.172984598786
0.0501180981639
0.225504145775
0.144563179803
0.12627324278
0.00889514811729
0.0736808343632
0.221077951835
0.332635438401
0.299784145835
0.0888671321445
0.334219407421
0.230739864665
0.432542601345
0.295133044983
0.119857508328
0.2059397947
0.180618486844
0.281080217228
-0.0452869769517
0.145604545937
0.126727979222
0.170829956833
0.092295969866
0.26971112909
0.310528301634
0.307058233421
-0.0209582565703
0.291511571495
0.182119591672
0.183391038602
0.480897481117
0.174462408991
0.329445536151
0.226203131189
0.310150319611
0.16585712333
0.20570046238
0.0947253848634
0.211055321288
0.0927153802095
0.0917661316293
0.136409975306
0.214309697601
0.22703052118
0.128287523454
0.221473985122
0.253068875865
0.351084440593
0.223976795025
0.431707923567
0.392832880827
0.206224677735
0.4748686011
0.395493431611
0.161385037972
0.272206240289
0.0241639536168
0.336975061598
0.504613354512
0.170905639884
0.322056544995
0.0581556125943
0.291397137372
0.0582480183408
0.0707060238861
0.15480462472
0.0991144659905
0.219372820392
0.200973227928
0.143115921732
0.114931008829
0.0651912483937
0.22941175828
0.145579991325
0.211970799303
0.297766187481
0.254904242894
0.138910639691
0.0774126150552
0.171924599526
0.11955351116
0.259018643979
0.240395904615
0.303550784109
0.286035765763
0.459671883227
0.112767856492
0.377982373763
0.149777268759
0.207794047386
0.305427690636
0.293640978367
0.180355333042
0.17586207006
0.131685301998
0.106004240938
0.275661793801
0.264519308118
0.0630527586565
0.0514144338829
0.47109055184
0.0596538041772
0.211639968336
0.176462383837
0.125303918216
0.695119906973
0.635897457124
0.217418724158
0.286329980354
0.283660964272
0.177139176633
0.205933140139
0.312683661525
0.00677992495936
0.267611276215
0.0302215793439
0.150451505515
0.134385606208
0.577437964812
0.102243964004
0.164970932773
0.260345208186
0.143893942578
0.47603027755
0.247982989827
0.184431549254
0.0292116494672
0.1284802154
0.0593119304851
0.272918038106
0.208698062557
0.161546927494
0.289685788686
0.292743977888
0.20906811792
0.102476315612
0.235689124726
0.348239499507
0.0393710488346
0.205129937098
0.234333409871
0.0886289639977
0.164834488349
0.139568414624
0.302338995619
0.191168318858
0.221702611429
0.378128211098
0.33685235522
0.0449099177409
0.430329256678
0.0828991930517
0.0782414156536
0.280055843762
0.275210449745
0.24233855257
0.173453493414
0.250597719058
0.154285537469
0.118165621141
0.290778153306
0.278442056138
0.213849932088
0.292641858102
0.0367565760071
-0.0274317073271
0.395918747321
0.283303755071
0.313858175987
0.0437759867038
0.282491260196
0.295299216488
0.205209270467
0.161212529962
0.184992877818
0.0439769356387
0.44496528248
0.262434755208
0.373522725182
-0.0339247329993
0.44491322463
0.224937361617
0.139768079286
0.393077059657
0.416385402541
0.0302529304762
0.135083796984
0.220320427149
0.443233650017
0.163954758147
0.190655807997
0.111258389763
0.260600753768
0.402188264634
0.145040852872
0.145278903463
0.242068259826
0.115934312824
0.135104477611
0.455689228226
0.248584882261
0.365774587225
0.410944179486
0.158094596679
0.138771164728
0.0807303249805
0.414653005089
0.10829122666
0.18502793846
0.33190904757
0.310913704851
0.24849368554
0.112835711319
0.00956777177849
0.206992502908
0.292913069262
0.0867423945571
0.151119012595
0.238818231912
0.233653947825
0.164366580195
0.206634098155
0.152517504773
0.302030810191
-0.0792594070363
0.0644577591228
0.345378620681
0.0733771618465
-0.0568729596237
0.338668245536
0.160344837856
0.321896378165
0.167407617282
0.331105162212
0.176073679134
0.404935215647
0.138864855897
0.0494565162505
0.181101580586
-0.00859074733927
0.0164471031314
0.26113346242
0.13789011566
0.255074851226
0.170550642507
0.300256038576
0.162718273604
0.160788372541
0.0667863002168
-0.0160784996405
0.131603788145
0.0638318770238
0.431057343486
0.187100191792
0.128572134529
0.225677277219
-0.0127405323604
0.204963654561
0.221451773125
0.202906909416
0.160714112331
-0.0939465488733
0.174097815946
0.0259916068144
0.133799703125
0.12985457631
-0.0308399538853
0.308674926065
0.0235003193331
-0.0785744066471
0.198172692738
0.352926478542
0.321874866735
0.321739569334
0.374882657566
0.202347101761
0.43181504321
0.378892513753
0.0316180915679
0.444553351548
0.117381750891
0.279780436142
0.220439105407
0.330727024215
0.179893314279
0.0139834844166
0.0961416584857
0.253448470674
0.18566217915
0.15586249856
0.0945063851045
0.254216450146
-0.091164713404
0.120068607285
0.129428976023
0.277625958801
0.233838088234
0.212378773097
0.250950703151
0.131530074375
0.261173907118
0.287942704545
0.273858914976
0.214455942803
0.309373716786
0.188144856585
0.144242259997
0.171900481387
0.179877835275
0.200282966046
0.0182192421901
0.039084163873
0.273428599255
0.212796698483
0.233882621091
0.415221613796
0.227267650939
0.320616325803
0.435666866886
0.0856691869292
0.0488948010444
0.22084712602
0.0492017528083
0.158805662838
0.131770947831
0.359844338683
0.210925310194
0.272607347579
0.376851688725
0.232819469471
0.192476454765
0.197848548434
0.205003860797
0.223407381138
0.0765959082196
0.104670985281
0.137243360941
0.299823965041
0.222184418297
0.302476350066
0.237589409481
-0.0591861367149
0.00867696513552
0.411265865417
0.146909002444
0.390225444373
0.218672482534
0.17399714685
0.249941878533
0.165660851142
0.295081325027
0.247302832678
0.128543214853
0.224510718623
0.123877792589
0.429776959862
0.0451323288301
0.116694829617
-0.0489895688275
0.217334343362
0.249495410317
-0.00457386625012
0.101014466385
0.35667824685
0.209669909902
-0.00273292169753
0.0780727698962
0.200587552281
0.0682083227873
-0.0279834653771
0.0741129650149
0.0376188415417
0.27847043211
0.182880993633
-0.0148766390862
0.201191441045
0.0614755414119
0.219485961281
0.495917929678
-0.117546643503
0.103325516323
-0.0313079425651
0.051039377339
0.272715445548
0.105584109913
0.19730334429
0.234322159447
0.0608502870383
0.363661639674
0.127822358161
0.349920620322
-0.0806250725336
-0.0424458427274
0.213028824392
0.16342827825
0.39752673595
-0.0640077481677
0.195935896357
-0.0491806397303
0.0498971395667
0.243420748401
0.264447146536
-0.00285506498912
0.176227174613
0.276439210405
0.0784020869564
0.332451290873
0.236388421894
0.251890840728
0.137928288127
0.201914136616
0.0143802503923
0.472349391734
0.163246381746
0.327461636691
0.0775965288791
0.165943101666
0.0511767479609
0.308541213406
0.521435921231
0.0121268950025
0.147728221541
0.33484131992
0.167231317076
0.174069383089
0.093548349756
0.322231008366
-0.0318238018979
0.129393844022
0.167456350058
0.10338111567
0.26450304934
0.211566478245
0.137069571102
0.179179847401
-0.0211014464134
0.274456488365
0.118731086667
0.196432999401
0.136377652412
-0.0228829715193
0.0484951158132
0.0909765949419
0.0857644439736
0.214444361161
0.0456592796686
0.177668756918
0.0345113573045
0.15531321961
0.0618146822506
0.138227817588
0.269791373164
0.241585901964
0.332528609438
0.189108754125
-0.0379764505648
0.197772426291
0.171966587484
0.245437730649
0.262221688031
0.185448266226
0.0510299856995
-0.0119491234401
0.222306830376
0.217831262568
0.215072986585
0.226583117989
0.2125515566
0.234007487427
0.219303724568
0.124313082968
0.228575252093
0.151667334164
0.18918854999
0.223336227033
0.159257247325
0.13986459348
0.28996893852
0.239650980518
0.123880510792
0.197071923259
0.298836367221
0.0885891958908
0.18669629271
0.192220885242
0.216697625459
0.0811130101182
0.0995327637346
0.45194177081
0.00692560416733
0.0772386431417
0.0591070321709
0.00217011975713
0.00305025252754
0.0888069526949
0.177209153222
0.184223871527
0.0590111700156
0.236468478303
0.127065655392
0.133465407386
0.190943498393
-0.0127314217527
0.224093541218
0.19203628292
0.00291882352363
0.332455726352
0.0754171949185
0.0740625701949
0.295973243602
0.15668279634
0.0780263550207
-0.0403559640283
0.157948305754
0.267079092415
0.318336008318
0.0737363938566
0.222523748576
0.133414387033
-0.114027263589
0.499028179635
0.29764565
0.214610245169
0.435826730688
0.146853930334
0.130609661118
0.147460309471
0.157746823067
0.287614189218
0.27281412276
0.027733610638
0.201767518431
0.138128941175
0.116538585793
0.0746522170965
0.364429431171
0.234892599984
0.175706817057
0.00712729647533
0.188140432877
0.20383557973
0.148405508346
0.00627982764951
0.305421128439
0.164698497934
0.179240591961
0.107960593555
0.175565442633
0.0840451225235
0.167915613256
0.150494641146
0.273025367736
0.0532671721077
0.319777448827
0.172569801251
0.293197122978
0.309186201922
0.0628140724938
0.116561066384
0.172218647896
0.0780147004668
0.208504234179
0.183468723816
0.133668046257
0.0325396200229
-0.0265064492683
0.54827480043
0.148006171575
0.113367021503
0.0730793947698
0.0839818819973
0.342110396849
0.0160046189084
0.182803269849
0.032264248669
0.0732288563446
0.146299427618
0.119113415244
0.27004700085
0.0361731491749
0.1372687373
0.282603476269
-0.0433909925104
0.119565065914
0.176284367064
0.218245055384
0.0444379770724
0.221267243792
-0.0557930915043
0.112344655102
0.139793781005
0.191200766631
0.62415363462
0.11496635523
0.14597224676
0.0672397704414
0.120330692544
0.0374521616486
0.155450323427
-0.00837758500028
-0.0264248951629
0.167465898111
0.131376322742
0.145081978665
-0.0498423154516
0.225973444735
0.143662947361
0.00661969972505
0.142562271862
0.0208603053879
0.00247937042587
0.0821439176994
0.180779528431
0.0953501094404
0.134838725167
-0.0144078507982
0.19671301768
0.142973379006
0.10944233467
0.354793184481
0.123554660201
0.130773164082
0.0170762889552
0.146734080387
0.117275873888
0.0175441751048
0.156374963202
0.155721085843
0.347925285712
-0.0136945897212
0.13438052941
0.0854462141558
0.111595921018
0.0301700528178
0.025007513582
0.129224983417
-0.10584073886
0.063584829468
0.0318393788613
0.0839119615158
0.12926392059
0.37973595907
0.0217443181562
0.0369693420909
0.0576286129725
0.155517425791
0.222202976032
0.104227592234
0.0535816457108
-0.0325295559746
0.0424742178851
0.238558081733
0.171621956823
0.121340845652
0.0743786250719
0.231994377205
-0.02085218081
0.0786749759083
0.512843421677
0.0319312936586
0.106387354987
0.338099794409
0.0270914626954
0.255057025648
0.1291336461
0.247879258958
0.0858173624293
0.182543338697
0.113348077777
-0.0224796400018
0.138394785256
0.0510144837534
-0.0442624998209
0.529353829602
0.0950636187444
-0.00849169816346
0.0906870106848
0.00913522449418
0.328816535833
0.0841114406122
0.166098594501
0.157119166897
0.112942132873
0.0933639660357
0.323227770479
0.204514948511
0.218255892129
0.0237324861106
0.194115203197
0.00316729917458
-0.0164991411618
0.0492246743455
0.187931731033
-0.0546608248711
0.0700018261413
0.146327719072
0.144883624549
0.0911607451146
0.391757047767
0.228779208853
0.179453915872
0.30436359712
0.017076671587
0.0265628169181
-0.0738807207512
0.0470374374864
0.293543862421
0.140286351732
0.0860154212614
0.156436721396
0.0575842453104
-0.0772967712659
0.166358845333
0.421445720339
0.231182152563
0.108717240966
0.0357617326111
0.0404450079584
0.10583492243
0.0225550531929
0.415188477916
0.250064661162
0.0509782190736
0.050352817623
0.0814150381187
0.256555614201
0.0597361231851
0.0593476526017
0.146631255388
0.333691404641
0.0926691140407
0.0352929279749
0.0400608905897
0.329841207718
0.0535911587079
0.146155691931
0.0851232028278
-0.0192127499791
0.137725588248
0.24509158554
0.0241089899329
0.122296924217
0.0422449552054
0.0535685464756
0.0282181794687
0.07182979796
0.168034801517
0.153078858165
0.200053622774
0.174526022635
0.162212036267
0.0388585085724
0.00048386902253
0.103926743494
0.0532312430533
0.264451684095
0.0974144788958
0.0369174243593
-0.0401179304511
-0.0593471875286
-0.0319170333004
0.154729742828
0.15817083252
0.158266052093
-0.0234617673895
-0.0619793742679
0.0889249163667
-0.0414553925244
0.0157540674509
0.142409608855
0.224759269496
0.0679440110468
0.224664006529
0.323977626491
-0.0168547840384
0.22540044974
-0.106068579821
-0.00281651717009
0.113043616601
0.127965186913
-0.0627740462448
-0.0427450235235
0.0188972992805
0.0678105494042
0.0588199636848
0.111644857337
0.169107345405
0.12086976091
0.120722051583
0.0234790079748
0.328644878469
0.089192679782
0.0307679186007
0.0567309976937
0.26557365104
0.197535815862
0.164710376327
0.073202191319
0.0991291391143
-0.0682757680627
-0.0375857115395
0.109791601337
0.305993291651
-0.00497330794307
0.150429023825
0.116193454278
0.162029286354
0.176817871061
-0.076898178854
0.297080577562
0.0372161051702
-0.0922649329703
0.11896206379
0.0908009803232
0.246331634336
-0.0196526047466
0.0915080402131
0.162549429714
0.0585564308994
0.0428595236713
0.166711941848
0.129351495126
0.110116305097
0.156336214976
0.0944196105592
0.0928450879592
0.0159787625637
0.152339085682
0.0747207482898
0.0643413397137
0.177910045452
-0.0446584938456
0.10037921726
0.203705067269
0.0524929091852
0.02338111303
-0.0452927975043
0.0278868132167
0.14071890702
0.0223195607152
0.153549915316
-0.0257461259787
-0.0831346761318
0.103919591362
0.102919881597
-0.167908896884
-0.0583592660722
-0.173749841468
-0.0852386678232
0.0598830444912
0.0662736986874
0.0393283999993
0.0956839478294
0.166967893453
0.192047558841
0.0388663080111
0.155573256219
0.0406617963878
0.0427873146644
0.0716442962641
0.0774125891695
-0.000978232335091
-0.0538215513346
0.21373257376
0.0514543240609
0.00702212970911
-0.000240125129409
0.0777697248687
0.233753399524
0.180330469694
0.107093697279
0.0649808509189
0.0202378257974
0.130081115616
0.124052935971
0.0361997087395
0.0160038280903
0.0108547209151
0.2330438824
0.108709601634
0.094652231609
0.0447377190223
0.161120619182
0.106183745863
0.0493003172102
0.0515122861729
0.270258436515
0.13714202683
0.257205402052
-0.0919370903653
0.19650298897
0.136690723385
0.147956298608
0.0227149348079
0.180278764069
0.0788178685275
0.0665212592635
0.0546291566826
0.00924619497389
-0.0752176971805
-0.108251517063
0.0669957275702
0.0219411601404
0.193752482591
0.116312008016
0.0022218986453
-0.0444602351161
0.104292674877
-0.0813868226048
0.178038665021
0.176163049595
-0.032210231778
0.00545936685259
0.108429216154
0.0597934269226
0.221531717177
0.298289556277
0.0510731961991
0.0631707447827
0.231562098171
0.152335007795
0.0847952009096
0.133995213727
0.0102629767271
0.01816751201
0.148285128032
0.0800375555981
0.0939686859328
0.0894749085162
0.173983456279
-0.0706895275875
0.0750240490605
0.0531116408373
0.00647729440137
0.205178680723
0.00113840984813
-0.0738619433204
-0.0142426324439
0.103788768192
0.0670549090962
0.187370960471
0.0976362289457
0.210757342114
0.0697262791783
0.231357242883
0.0646363194413
0.0460285711502
0.129629939271
0.0562580446935
-0.0155951419224
0.0691190030698
0.312297884725
0.099410069534
-0.0102440669189
0.0331735061511
0.019394688306
0.130537476304
0.241037907073
-0.0478729909072
0.248553569127
0.128408687458
0.0334220132551
0.127836767108
0.0381195391234
0.093914733482
0.212783734742
0.137747549393
0.170328332563
0.112831333531
0.143705747923
0.107950403317
0.00663156458554
-0.0428299885581
-0.0544566743026
0.129870553854
0.297460318478
0.107192252087
0.0914960872901
-0.0305498572546
0.0710604377262
0.0760476562471
0.211436469678
0.032568326276
0.0837374727506
0.0957970759484
-0.06900016462
0.112289747299
0.124404395351
0.0548020095778
0.00485083959255
0.0598847332632
0.0357287102577
0.112068813342
0.0180140950648
0.270667795872
0.0519232134627
0.00362079703421
0.157011378682
0.122249810371
-0.0179541194306
0.136937468414
0.0744338830902
0.279764301921
0.151670836431
0.140714504961
0.0772920949435
0.10776446922
0.116745920662
0.244779485769
0.160453880748
-0.0181690088684
-0.0353234276795
0.107359204095
-0.0841322772591
-0.0388365540341
0.0446006915686
0.0247902036892
-0.0275185723215
0.124650738314
0.213874955295
0.0199098095698
0.0616532668387
0.0923948814968
0.0203985800931
0.0163913260309
-0.0242618051704
-0.0657981583512
0.0846242675827
0.0477733481773
-0.0544891927018
0.191769537094
0.0376612003102
0.129389367809
0.0607337060893
-0.0403005644075
0.0518328128684
0.145592942896
0.00755061482729
0.0641919750322
0.0645666582106
0.200685542635
-0.00440301046271
0.0673209387535
-0.0838585449131
0.0779825602041
0.0281305974586
0.10190321071
0.00539223589275
0.0955288691505
0.169123179995
0.0896426249458
0.0885905322329
0.0905444808653
0.0746936143623
0.0680095333702
0.0412220612924
0.0583951632377
-0.0107358151161
0.133391169353
0.014158827286
0.00347678785742
-0.0216478840615
0.123421656457
0.225693771797
0.0291928650209
0.006878158594
0.0405805504596
0.0676891577644
0.186938021189
-0.103151374975
-0.0489462899495
0.179941147694
-0.0952695716722
-0.0122075384968
0.01629670751
0.245973870469
0.211526025341
0.107634395115
0.0576948314909
0.111375778706
0.161896387205
0.18031469644
0.0479406195272
0.0157489297051
0.2843649954
-0.047521270033
-0.0697775247185
-0.0257748109262
0.0545682220171
0.087768716059
0.054827000521
0.220094725007
0.174607263501
0.141874107892
0.163009304254
0.175342904325
0.0732320914432
0.284213278652
0.158547971367
-0.0365419493191
0.0588302496725
-0.0512561450387
0.0610668984985
0.0627167162163
0.013577873169
0.288811258855
0.0629487192457
0.105126820195
-0.0709581727563
0.0795237776435
0.0260239608985
0.046360156379
-0.0430966368166
-0.00455330852678
0.0587830389371
0.00141829272673
-0.0745872805983
0.0640917217981
-0.071287986063
-0.0463639454532
0.0561934053901
0.00259040112001
-0.0172242727622
0.0977992413749
0.0449489368992
0.155023487094
-0.0296803926267
0.170751645278
0.0693775704941
0.184234897688
0.051545098069
0.0420557325807
0.196537053038
0.159035638261
0.0224236063117
0.0367350421579
0.0425139998649
0.135858637411
0.115027925151
0.153152595005
0.101409395374
0.114330363436
0.0365220545343
-0.0340751158361
0.107162828914
0.0921039651792
0.0839298643265
-0.0733032812411
0.149813286921
0.020824946064
0.195026525393
0.0630682470066
0.0568699978192
0.0314428565278
0.0610832954255
0.0263227115347
0.166041143698
0.0261438809134
0.200604330363
-0.0162054333709
0.0752884695512
0.00670224691893
-0.0145910551369
0.207607461593
0.142745713323
0.0663325031147
0.0723859709989
-0.00458651872844
0.15412608012
0.0297689712038
0.0575143968505
0.0799439277277
0.0631846205206
0.0351235325234
0.016850630858
-0.0224732189137
0.108312872792
0.123990064959
0.0184257634209
0.160132905082
0.139538730687
0.0360985231229
0.00886225696133
0.135980120067
-0.0171146300164
-0.0245257888051
-0.00782617562605
0.132617167598
0.0331205642018
-0.0648014969598
-0.0689286193483
0.206070528582
0.0502438124009
-0.000111279783686
0.154189923247
0.0476819643138
-0.0212905836671
0.104367818961
0.110734271053
0.0434407787711
-0.0134174681237
0.0249783458271
0.0380675944736
0.0579751062436
0.112606993908
0.0552617573418
-0.0718581911483
-0.0232272083876
0.0757294846082
-0.00579692239207
-0.0656291199454
0.0686883422857
-0.0399576648592
0.0223598359487
-0.0344654352631
0.142943301515
0.00287756000491
0.0841023776585
0.0687105313381
0.0622253978461
0.0895331102489
-0.0321014555336
0.0359946141407
-0.0382800652721
0.152720851396
0.0768855172845
-0.032246127505
0.138807750671
0.120275957551
0.262787316938
0.0300271572236
-0.0313645021518
0.0108097378172
0.0610973612241
0.0946637026052
0.222956967307
0.114072553694
0.0380031720853
0.108189371328
0.120147987263
0.0328553354798
0.137487315257
-0.000624683663453
-0.1003225972
0.202925910253
-0.0861387974815
0.210166959803
0.0354463165094
0.0775871015845
0.0291459962518
0.0813824571898
0.0253792051366
0.0564220708949
0.115158776941
0.0900151308764
0.00767967333071
-0.0848558417773
0.129310478361
0.0510074733646
0.0485652640906
0.0500252583019
-0.0616665815402
0.118962831189
0.115125970797
0.0161412387855
0.12136607626
0.161492249277
0.0255561370359
0.0348690041759
0.0226631988391
-0.00976635052502
0.0790725129182
-0.0212011976924
0.0808548379035
0.138550679754
0.0984000673387
0.000311796886723
-0.0124084281779
0.115854810147
0.0617912583367
-0.04278695452
0.137019457495
-0.0199793554163
0.164568526748
0.148629972396
0.108547267265
0.121925630303
0.0853183272709
0.16150750777
-0.105049589321
0.198967055933
0.0845160844794
0.0925446874613
0.0429718378484
0.0765805549592
-0.00854258355213
-0.0154018873721
0.184644084122
-0.139657837362
-0.0375252006306
0.00842628291155
0.0634616788065
0.0952607377405
0.0757359714879
-0.0111435169722
-0.0159290516414
0.215810452142
0.187965608285
0.0460210724014
0.045660978943
0.00861556556042
-0.052859146654
0.0639783177085
0.103820177577
0.100603956891
0.0640546130335
0.0397562790292
0.0111119057034
0.0770731695283
0.0895888343188
-0.0508787274634
0.0193848666064
0.0398909540942
-0.012108872842
0.0433719931114
0.09373506819
-0.0165059529003
-0.106301317295
0.0624300845565
0.0303491894477
-0.0641860700731
-0.00467403642156
0.196352074069
-0.0493197562791
0.0700735306843
0.141938668727
-0.0225814211588
0.162530445318
0.0773788001199
0.0774456077567
0.0066139887185
0.126855148235
-0.0444477956408
0.0614063712521
0.267185576573
0.0424476836712
0.130324847455
0.178180023196
0.00564400560546
0.0373365104171
0.101621847282
-0.0323588133535
0.136829193248
0.0978200193301
-0.0664487408487
-0.0117901655734
0.0155661780926
0.0752847669504
0.122203124347
-0.00793637054596
0.126345746271
-0.0440716332979
0.135031944808
0.202387816742
-0.00107915911509
0.0287019797018
0.164974798175
0.0726972590958
-0.106965436109
0.209168344198
0.107473004997
0.0816102045721
0.140583461954
-0.024031023251
0.129196297787
0.191608517297
0.183824371399
-0.127061424308
-0.0188562556172
0.125921716707
0.0576988805811
0.127681346579
0.0175746172127
0.0822761434073
0.17440706891
0.0644706453967
-0.0765365731907
0.122851161433
0.0317437633364
0.0700188613706
0.134082793487
0.0234218062499
0.00357338342691
-0.143583530467
0.106842788412
0.00833552511061
0.00955531667354
0.0220293413023
0.0475268834779
-0.0408978310003
0.0645585410775
0.095822543128
0.0555792948068
-0.000918223327835
-0.0665101321378
0.0481952671713
0.0388407965938
0.0750504445665
0.093367193565
-0.0845780612921
0.0211686102318
0.0116160985776
0.0250504548472
0.0251961901166
0.073495761558
0.0492034791029
0.00471824593289
-0.012541122411
0.119185561849
-0.0640904688898
0.0245746907862
0.0643318322266
0.00453965249605
-0.035717308607
0.0629318386588
-0.0122483808114
0.0829421379629
0.108667233668
0.13751516776
0.200535177807
0.0124445722815
0.0951694202765
-0.0906063196307
0.0492011817993
0.0793859975044
0.0231311465653
0.028699873305
0.05445254542
0.0742750329784
0.000627609858918
-0.116993599724
-0.074185372903
0.0454728893581
-0.0344079909203
-0.00301267303449
-0.00619868392903
-0.00458309448887
0.001011150647
0.100101948437
0.0513174174686
-0.0303276274472
0.0830406211866
0.1063909226
0.0551220735546
0.0145730432697
-0.0459399375754
0.0537322998265
-0.0239759626586
-0.0476737842081
-0.0250577091357
0.162217857386
-0.0750615845902
0.0123584405914
-0.00883485684739
0.0328449190341
-0.0489842467351
0.13041185486
0.0231771640469
0.197196966233
-0.0235690486607
0.0635102017427
0.0149794787664
0.07404230488
0.0610385695331
0.227562162308
0.141084618464
0.130090677101
0.124920559286
0.0354278703934
-0.0605143321777
0.102330792001
0.106626994207
0.109175656598
0.0953303826664
-0.00323250865239
0.0218934269026
-0.040091952859
-0.109257554227
-0.0570303840699
0.163708113229
0.154337431393
0.0922555742821
-0.0760729693954
0.0523799908828
0.143009463628
0.0744579735757
-0.0335030812476
0.0347194521139
0.0527493020006
-0.0380944944598
0.0628837762023
0.0870831503889
0.00983343974798
0.0625312213503
-0.0271018309173
0.0564894441714
-0.128328201004
0.170165402277
0.0848325381953
0.0570982946529
-0.0534921656201
0.0597235861687
0.0749927404337
-0.00254800019001
0.181013694888
0.0273809454989
-0.0159203511772
0.110595745718
0.028122969707
-0.019325242477
-0.0390388353768
0.00779866460947
-0.00370150406916
0.076990607364
-0.103426487184
0.10159632538
0.168576847069
-0.146652395416
0.0713073962323
0.0222224731352
0.00192114685277
-0.00698946901218
0.16456165823
0.0789971930106
0.0805510092528
0.0460998222446
0.0533751599083
0.047890374903
-0.00298330112081
0.00250034487684
0.0873569306707
0.0803677593644
0.0620354828628
-0.110657588618
-0.0176695687421
-0.0262938386585
0.0857975582749
0.0990942792348
0.0471325808564
-0.0708005988101
0.087811027876
0.105388623853
0.0679122727467
0.14363280367
0.11780029086
0.0283883025964
0.0495023651477
-0.0596472290606
0.0573128759804
0.00769871713866
-0.124423107745
0.014813754721
-0.00857864874069
0.00251441831453
-0.070605651438
-0.0693133886543
0.112541852157
0.134261326629
-0.0718418889698
0.0496344389723
0.154211840039
-0.130490367101
-0.0145601129346
0.0599164733752
-0.0481393577399
-0.0110611621448
0.154818245159
0.0419627311411
