0.0
0.0
0.0
0.0
0.0
0.0
0.0
0.0
0.0
0.0
0.0
0.0
0.0
0.0
0.0
0.0
0.0
0.362562900079
1.0
0.324708608809
1.0
0.338611910662
0.0
0.276095632346
1.0
0.366888779775
1.0
0.173706287865
0.137411227824
1.0
0.144164454793
0.329464493109
0.48429682854
0.327252512869
0.282287475816
0.220161609509
0.137043285579
0.176357621475
0.405977224928
0.124078746184
1.0
0.122173202932
0.686885993576
0.1018352564
0.283863664005
0.174927931202
0.152121325202
0.230362603811
0.261417539508
0.217325968977
0.550912019001
0.147402695636
0.171725937128
0.207059398257
0.643254149194
0.212492157753
0.372909968471
0.319500838079
0.366035826353
0.189863109355
0.523649669114
0.320020442973
1.0
0.0894673013256
0.183902392423
0.200305621716
0.485134918892
0.192253507462
1.0
0.298933343344
0.185945631095
0.288865462142
0.14196786561
0.0
0.214533698788
1.0
0.309824478242
0.227833645277
0.249207319868
0.0246927717088
0.174590391995
0.0
0.39445783834
1.0
1.0
0.194435948692
0.700306801914
0.174440146538
0.176659630091
0.292236610248
1.0
0.225439876264
0.078722091047
0.188586169035
0.171256391799
0.179793493354
0.0
0.336862634816
0.168067952209
1.0
0.158212049088
0.141416897601
0.407218199785
0.150385631867
0.118287058458
0.599281999591
1.0
0.545183599116
0.126643693947
0.0
0.144169660063
0.208648428689
0.461593547845
0.57663358026
0.382207517792
0.16284577657
0.354389551847
0.060563060355
0.2889802289
0.275220589556
0.276799058637
0.259752359812
0.539538366796
0.232610778764
0.487358068713
0.534991281938
0.0
0.141823426164
1.0
0.163772643847
0.273770144426
0.441573280418
0.201867768568
0.152448186735
0.124045234334
0.49015231257
0.230304793095
0.675548647753
0.153212374224
0.296191427468
0.217378758677
0.0886406732231
1.0
0.492201532016
0.22909806166
0.303676933417
0.140361344083
0.439850323461
0.352666449273
0.35590052334
0.348199368132
0.312986765523
0.354178118188
0.25936811386
1.0
0.248868491509
0.216535992068
1.0
0.119106305624
0.217588421012
0.195295271262
0.213976429457
0.39718472829
0.289435366525
0.244471974053
0.0369376608602
0.0755442188985
1.0
0.0
0.115031734063
0.0
0.170442628076
0.178723197722
0.123031563818
0.257553716224
0.0637990903789
0.140719485737
0.0572789733311
0.447721946815
0.338348331532
0.402816705299
0.100924591532
0.200213792951
0.203859815641
0.220677669364
0.0666406936568
0.213525127812
0.4006621906
0.252580232966
0.653383095116
0.134605991801
0.211209680196
0.302595520028
0.36951372019
0.226675492407
0.501321061307
0.228076736548
0.240456951974
0.247139688552
0.253726174488
0.297331569488
0.24620935873
0.418218618088
1.0
0.131573935647
0.119211830007
1.0
0.0
1.0
0.306195777115
0.332887361985
0.136144311864
0.419528328152
0.16586030686
0.323657870652
1.0
0.216966280874
0.207503062511
0.359129371813
0.110869007005
0.0762404749961
0.585785518671
1.0
0.28521783481
0.199410524508
0.0870798190561
0.426234024905
0.41121099215
1.0
0.223561457524
0.0
0.407518964072
0.586531221762
0.11687847219
0.170523981475
0.219836528122
0.779539340407
1.0
0.0
0.143306603406
0.0
0.226700135958
0.590751930835
0.288063451567
0.302021462173
0.365279065498
0.27671078071
0.53659304914
0.0736745415219
-0.0263701717419
0.151168843176
0.129540648891
0.146737994828
0.0102580084274
0.276632784498
0.268463991572
0.324390438012
0.24452169824
0.341906926563
0.700007847815
0.226207251824
0.212251674109
0.116208112094
0.272829367749
0.573976210542
0.146491346149
0.195254109129
0.195254109129
0.272242546453
1.0
0.242640324346
0.194064339328
0.422668573478
0.0
0.508526706263
0.232384232687
1.0
0.227135915957
0.0502607704381
0.28521266808
1.0
0.251099439506
0.45225415747
0.0
0.399110550633
0.0
0.543228522188
0.0
0.344282208422
0.119170092276
1.0
0.133724374848
0.0
0.400288716878
0.272013537898
0.346613866637
0.506467972131
0.170354356735
0.104643524069
0.227430727326
0.194766966026
0.255929415177
0.279306150469
0.238216884979
0.514055866859
0.213173821558
0.374127902847
0.113759308867
0.108111665229
0.457320943256
0.0541795384892
0.386218984324
0.366456272942
0.121283097278
0.311364390771
0.281617541607
0.0
0.467858049056
0.285679985474
0.432958061276
0.30883579426
0.107122133132
0.0
0.132329378264
1.0
0.225960271842
0.155445726776
0.166076481804
0.271368735258
0.0295072066262
0.267777825777
0.177426281809
0.154845828049
0.0458340935292
1.0
0.362455437829
0.237835430196
0.0775868438145
0.190185717563
0.157848891831
0.0874132453083
0.171520309133
0.218512681612
0.457702236681
0.422954004316
0.173523171975
0.114078883627
0.623374729656
0.0
0.277468255053
0.289179575885
0.424923196703
1.0
0.358426716542
1.0
0.0764685874417
0.121582838169
0.160295026299
0.109611547482
0.171538858665
0.206015827254
0.314997418927
0.294011085312
1.0
0.0825272752133
0.213270475438
0.189166920364
0.0649793430852
0.202899581444
0.271861742339
0.295088736661
1.0
0.154191529708
0.222077571915
0.340053536451
0.0
0.156082052035
0.386050767198
0.125991322743
0.706337690035
0.179102494926
0.425143573808
0.749072675613
0.498122245958
0.294295822548
0.148926907186
0.473768138222
1.0
0.178765211014
0.370478073596
0.17438727839
0.225449019623
0.347970875549
0.158356659502
0.295862721077
0.234490964319
0.222063098683
0.275277029797
0.58356901081
0.342103291522
0.480065604527
0.203573074008
0.489516796869
0.0814213653046
0.350663449125
0.267786697047
0.0372841618504
0.0969142814992
0.215903016686
0.11788037234
0.171529694102
0.0960170475995
0.147285792309
0.144043669493
0.249501866033
0.131987061488
0.426559597527
0.355733060824
0.12401846807
0.163373711738
0.162405413048
0.149040682331
0.119863130093
0.201044201657
0.267888215293
0.229170570404
0.181009984382
0.339342414768
0.0
0.21617826147
0.0
0.445475922312
0.157175114312
0.063967189584
0.331710174858
0.446433149252
0.0
0.39798112902
0.214693105921
0.215087266403
0.207544710597
0.101597168677
1.0
0.230256507537
0.176558554642
0.591929955404
0.16970998411
0.224016342684
0.148947102297
0.0681025206545
0.261942558049
0.188761582994
0.353155958248
0.450685952304
0.368870668592
0.540733457745
0.595372320883
0.0950690386584
0.225385720916
0.519007608298
0.0
1.0
0.122032795267
1.0
0.140880669271
0.0
0.0
0.269493123785
0.144233364181
1.0
0.267058654408
0.294084790406
0.220090253343
0.0
0.251197698242
0.239788787502
0.142624886067
1.0
0.217280448044
0.17863558056
0.262439292843
0.175058922912
0.305864464176
0.591068429658
0.23941698893
0.1779908004
0.135645058351
0.578749521248
0.290086758567
0.286617586604
0.143769839869
0.19386681794
0.193478653552
0.0152965500642
0.223154206267
0.584474411976
0.175342240429
0.121696717364
0.247882490517
0.167750814817
0.296568958965
0.1153707619
0.12283137679
0.324793973758
0.164200706249
0.17413605333
1.0
0.0688937565671
0.256300238213
0.258298519417
0.238220147187
0.238220147187
1.0
0.105317665305
0.119710016186
0.23892940359
0.799847598748
1.0
0.215015497332
0.211027888905
0.0
0.140642519985
0.578562707167
0.592194562233
0.278709911401
0.720535725866
0.117778415247
0.450318913686
0.188528575632
0.213224152905
0.237397338497
0.157397830663
0.455931568698
0.163804853657
0.0803098497096
0.0
0.417244017849
0.303196681626
1.0
0.24303179067
1.0
0.200567265742
0.147692531928
0.192274921154
0.323633029411
0.345022338686
0.164891100121
0.0951325735331
0.39667032929
1.0
0.395033452251
1.0
0.0730946152635
0.521157419606
0.0
0.228692166636
0.139570545064
0.205302731312
1.0
0.158973768579
0.0829236286141
0.575563481513
0.00545012982939
0.206058207491
1.0
0.21057439018
0.303695634713
0.176734206022
0.235525287708
0.154610739016
0.319325124874
0.188266514586
0.153748293606
0.291961623859
0.109615618361
0.0
0.276012502974
0.207296231458
0.193812029105
1.0
0.328716538386
0.21410679712
0.21410679712
0.255096957323
0.364028473529
0.234090807693
0.138406628729
0.176890825575
1.0
0.310324432236
0.23108798087
0.404029317375
0.406172605903
1.0
0.331825386236
0.281188729646
0.49093446775
0.292767947295
0.371618707887
1.0
0.396798442987
0.0801816875135
0.064048275257
0.259231279305
0.15529544411
0.125357824562
0.110437714034
0.463345218766
1.0
0.207410370423
0.347635615333
0.204330547356
0.426124645082
0.426124645082
1.0
0.308144356799
0.209520483939
0.631862605625
1.0
0.287525684119
0.371734948815
0.333996056517
0.419471799752
0.176933742135
0.557150069562
0.310555260328
0.280273254422
0.084886318515
0.167081803406
0.264663074259
1.0
0.307776650487
1.0
0.499972128147
0.25332668042
0.357821186535
0.0695305964482
0.270636726405
0.459561973027
0.366563238131
0.271343507004
0.0848180115817
0.498010793681
0.529267677688
0.180715082103
0.0885721918653
1.0
0.151866029583
0.322609550132
0.149738223032
0.24990869003
1.0
0.442443065747
0.0941998404565
0.279003847363
0.223345936821
0.107858479793
0.206804701099
1.0
0.561564645118
0.25368652693
0.233913570036
0.0962828913909
0.757664582567
0.183516335274
0.297987977628
1.0
0.386716064836
0.0530770979071
0.182257251573
0.498413109931
0.128433433172
0.656427276061
0.711474246118
0.711474246118
0.494650755318
0.131814321476
0.562251785443
0.323921175305
0.412298849161
0.0672496863188
0.126688275061
0.396770329838
0.375866736681
0.218835594246
0.493035457237
0.184930304319
0.200323834678
1.0
0.0681998835447
0.0
0.27810198153
0.184306787826
0.267665463431
0.280811318747
0.173383685464
0.129229645391
0.172166108926
0.225517771575
0.238323039717
0.270209372934
0.267854063548
-0.0133996246919
0.30207326901
0.205866041108
0.537309589729
0.112595170339
0.51927398899
0.0393669233549
0.0
0.153413788405
1.0
0.250217030397
0.493714432045
0.101963472057
0.195340183923
0.34188788991
0.14968985658
0.551918464204
0.294966129825
0.342134605036
0.425685144386
0.387410916342
1.0
0.264355662063
0.169174832332
0.273689784235
0.275523707791
0.209470861346
0.487552017928
0.144561510079
1.0
0.162943845049
0.179006192866
0.413679994254
0.136468605508
0.169987701298
0.302637013114
0.181812006465
0.147100123698
0.178387886581
0.40596844944
0.482601908476
0.146823453676
0.207157767641
0.126193754844
0.693793224214
0.153481184003
0.0691411967333
0.228639635776
0.47950296858
0.178157015415
1.0
0.34875449563
0.290735232089
0.0203628079931
0.132127305784
0.104729800241
0.207024983781
1.0
0.4008958446
0.298582151226
0.291698996999
0.121181421346
0.248837985647
0.439975508869
0.163766070123
0.0658710412952
0.143233256029
0.433792410014
0.177985329433
0.228044827766
0.120517098443
0.173155248763
0.0
0.0
0.133735494598
0.536476639464
0.228290399362
0.273263877237
0.198224717103
0.604150197975
0.349945552427
0.124838086263
0.222859885522
0.203530894381
0.303626106457
1.0
0.186329853922
0.0
0.0
0.0
0.349433790938
0.300918148305
1.0
0.125717172378
0.222946921754
0.483744827487
0.221652421151
0.180578415994
0.354479068933
0.0
0.124290241573
0.260325818194
0.370744809984
0.264432866258
0.303344178802
0.197678074229
0.0554365566529
0.300500633067
0.320454945655
0.209576000712
0.0950725312504
0.270466329766
0.390729991812
0.179684680294
0.284980854915
0.279394218724
0.173906773569
0.263059395561
0.0777321390319
0.219541750162
0.209888805958
0.301192158339
0.36850958256
0.217429605069
0.166275572532
0.461126662033
0.459012006903
1.0
0.25137952904
0.0722414776697
0.16215006579
0.285568786304
0.0992641154024
0.117196431958
0.152607046531
0.493380519019
0.1027827485
0.391201034061
0.379133885734
0.190172321975
0.240236271828
0.370442990551
0.0
0.0
0.2264691513
0.136297403919
0.213167185273
0.100301479102
0.30439533351
0.170761911027
0.199622423318
0.188500810309
0.611242075037
0.209265931474
0.0
1.0
0.13100251739
0.0718291197672
0.0
0.226700135958
0.181207818666
0.106351225337
0.585919404675
0.585919404675
0.19475452421
0.082269792974
0.191500538911
0.367658187273
0.271110315147
1.0
0.373516032414
0.454190844781
1.0
0.141377991788
0.184985996238
0.260272392714
0.596078810472
0.0103184510208
0.141261191014
0.287411052507
0.346844403018
0.0742129319822
0.114726456465
0.136724995244
0.190782022831
0.0607854162636
0.574328052562
0.262663135102
0.169884465193
0.114472206969
0.340412004894
0.350315223704
1.0
0.417921384141
0.262001298658
0.0
0.297567990005
0.142464890759
0.310803937298
0.148500290393
0.430345440986
0.198176000567
0.396407826945
0.281188729646
0.193171875181
1.0
0.297113159142
0.132892824348
0.0897707153792
0.375425784581
0.400246014059
0.216766391313
0.390088994386
1.0
0.11937157397
0.365939326596
0.535923269981
0.243327893919
0.288262292289
0.256311862751
1.0
0.149627167547
0.140682005282
0.299899463793
0.341920773387
0.710911352732
0.16559263898
0.223621945037
0.449225850064
0.212358802506
0.13371366078
0.227801769361
0.136955440012
-0.0663999967034
0.168346810464
0.303604474459
0.203483970569
0.262140199374
0.114934022461
0.305113746963
0.388280772501
0.334814552512
1.0
0.0
0.0
1.0
0.130498506895
0.273026548423
1.0
0.0
0.205016299361
0.248400045518
1.0
0.0
0.125531475434
0.0
0.48503766728
0.55085626364
1.0
0.195144720668
0.313255659156
0.305712269603
0.0
0.190175186135
0.0
0.097360046505
0.325918276207
0.0
0.465513501867
0.42716232843
0.44231191933
0.676574432183
0.216477424308
1.0
0.519348484806
0.100292011395
0.0
0.722979494536
0.0682664003999
0.13985893499
0.130198729757
0.0705606265101
0.257055682004
0.294271154569
0.306025582298
0.457512233474
0.08835826247
0.346696416606
0.18234403063
0.519657906947
0.297481356221
0.156955015212
0.239300302502
0.322821160347
1.0
0.085192117585
0.176260066094
0.122325288176
1.0
0.384480921107
0.237831630667
0.138719695443
0.424462263994
0.304622675718
0.562339356124
0.193158272778
0.0
0.0816194096541
0.272376714757
0.329313944677
0.0
0.0
0.632714272253
0.262173757266
0.68549622034
0.17276877361
0.111944797989
0.693356065343
0.141577848886
1.0
0.28168104902
1.0
0.127871277761
0.222857472516
0.193440449594
0.235747412388
0.15467232675
0.383040582896
0.181913130785
0.198331969688
0.191157807178
0.228422339952
0.097094572676
0.154375965123
0.105930893857
0.189788420909
0.329717288221
0.28122404416
0.203421794239
0.291268702952
0.260081355895
0.382207517792
0.647045686846
0.275779803155
0.30720250141
0.385021958714
0.337670945494
0.138407276175
0.177772713722
0.156957233385
0.277242129869
0.385067360865
0.0725971715991
0.225575498127
0.109684653967
0.233972923039
0.158034214276
0.841799963455
0.206332731086
0.242093663865
0.191654742917
0.460249191444
0.345178254766
0.62650797572
0.147858371616
0.331021760954
0.146637625656
0.547061757884
0.596397170337
0.0758611451415
0.109880249167
0.337679561714
0.398949919792
0.421258260376
0.445610411643
1.0
0.606748685359
0.075698066366
0.260364929099
0.362838904544
0.374041872645
0.416115770861
0.096086446564
1.0
0.646369081401
0.252817529543
0.311653725361
0.130190694381
0.43555477813
0.229728607092
0.278981892503
0.310320968179
0.13217672889
0.0888530960561
0.101366891131
0.0911128813346
0.281704976709
0.328920415469
0.204095983253
0.0
0.277248191858
1.0
0.329667089405
0.329667089405
0.176969527647
0.420900407555
0.315703619812
0.341546201253
0.487651754613
0.499066131555
0.0751941482017
0.336719753109
0.320450240177
1.0
0.0
0.190665779126
0.270348126716
0.135694911555
0.190475128327
0.1410832689
0.140809003047
0.325716704162
0.206348332389
0.325552399126
0.325552399126
0.176784358967
1.0
1.0
1.0
0.107544037883
0.0
0.127049464888
0.447592351182
0.25110488434
0.310898357698
1.0
0.180040881174
0.159497427498
0.336714563855
0.155299747953
0.376217649345
0.137821569105
0.311215707757
0.325760034084
0.120272135657
1.0
0.149567923883
0.196431283882
0.295945757382
0.175591360629
0.205486380784
1.0
0.313438035288
0.089072518088
0.281330129625
0.138094760507
0.185089187778
0.619642198511
0.204806783977
0.174592832074
1.0
0.238470445033
0.0968117244536
0.0889465585079
0.167957650295
0.640046037331
0.3710859381
0.147823844507
0.0935666008928
0.20891049654
0.248258400339
0.186017763811
0.305020042239
0.185810454916
0.21432121757
0.255560833818
0.388076531682
0.350305415702
0.231498258994
0.680687158403
0.30786527122
0.358384717219
0.175376997679
0.43226736743
0.251493264357
0.169500125708
0.32807351451
0.299430943904
0.387413738001
0.0764260211847
0.445518873242
0.332171883468
0.162034176821
0.239917058756
0.420059586276
0.361593680027
0.27901043004
0.111233631598
0.422432509825
0.172065702177
0.288588571273
0.333274971111
0.187829076909
0.207999481714
0.18859879056
1.0
0.388025945647
0.37145789122
0.24067674896
0.191448839492
0.117141585716
0.276371861746
0.556754912206
0.0
0.0188632749696
1.0
0.226150404136
0.401014722865
0.184313708257
0.253429194561
0.22346586052
0.338937930756
0.200198898779
0.0909736453726
1.0
0.34513622659
0.15465895048
0.30887661328
0.227700722115
0.113291972859
0.35652901391
0.607119675389
0.528063645017
0.267252778689
0.0
0.0350702474776
0.0994357876678
0.290608529335
0.121044176003
0.128431421936
0.382912494436
0.354332399258
0.203374211804
0.0638544992188
0.159403761081
0.194045149533
0.0382647082779
0.213674986589
0.180106057702
1.0
0.0638220784451
0.270085197322
0.548510032926
0.0878279261727
1.0
0.155078651532
1.0
0.150737807197
0.0457139555632
1.0
0.233834488803
0.11036596743
0.417246651306
0.43877757327
0.152112479114
0.217556014236
0.186849410699
1.0
0.339222436511
0.367974843595
0.0853541557769
0.22604062904
0.197706571801
-0.00394101577489
0.309747723912
0.380893301831
0.192549113501
0.163042258555
0.184847832792
0.109755770918
1.0
0.136197200928
0.394707666056
0.396454379692
0.162681065026
0.234776415947
0.35415992913
0.520054559769
0.659564492443
0.267761650921
0.541422204567
0.493889383335
0.545374268228
0.251461152522
0.185186993324
0.522863565661
0.228049070904
0.316520576988
0.142389416009
0.138859387767
0.192506058885
0.256617686371
0.477458433834
0.477458433834
0.32386857437
0.144112776032
0.0927003509005
1.0
0.0
0.133391249855
0.231736279872
0.109383843913
0.660026919791
0.0
0.0883718350393
0.261714326878
0.630944070488
0.224119651341
0.195156308551
0.114606442512
0.242125264938
0.671109730037
1.0
0.218674068486
0.564730348119
0.37196799275
0.167665264353
1.0
0.297158954023
0.0676239911942
0.311365007302
1.0
0.391389185941
0.0696853071139
0.288727406015
1.0
0.179426745344
0.102617300268
0.404495493421
0.291725803771
0.00628880755847
0.0
0.324710982431
0.0482159942472
0.488067351509
1.0
0.444212625389
0.557310253633
0.10180825299
0.131316479943
0.0528866926079
0.197473652759
0.316601507988
0.362796295548
1.0
0.310445925724
0.0630178781044
0.151411296818
0.0959100380424
1.0
1.0
0.27725503466
0.0898010713061
1.0
0.146587817269
0.179276259915
0.114526097412
0.395990602379
0.335387309431
0.354757469469
0.108575317537
0.298147642408
0.307573329706
0.394437753566
0.236679178802
0.236679178802
1.0
1.0
0.140422969559
0.216113769534
0.042734166329
1.0
0.180437907899
0.422756341212
0.355356486845
0.0801625303267
0.383209695607
0.297531461405
1.0
0.375908493192
0.193867700199
0.0
1.0
0.173651841249
0.267981220599
1.0
0.166827901853
0.169972754124
0.39864417769
1.0
0.20048979203
0.220351655025
0.26262939624
0.20245385715
0.240986217365
1.0
0.283310356463
0.164025388806
0.306456159476
0.272530751671
1.0
0.285582743738
0.368070542701
0.226002235283
0.0
0.0586729859541
0.187586132838
0.0
0.120259936456
0.11193310454
0.322658232043
0.35283295921
0.285516539675
1.0
0.199987841404
0.116171986817
0.262752416715
0.626939431107
0.299047309719
0.101676684469
0.147985928305
0.300980348657
0.208648428689
0.192876324476
0.204117600858
0.0688959345984
1.0
0.346930706983
0.235525287708
0.164303460566
0.19650091796
0.367421259936
0.480947997002
0.0666630608633
1.0
0.200855914124
0.372114038533
1.0
0.309702177081
0.169149354655
0.0855768324813
0.0
0.169105561072
0.196240776417
0.43054718795
0.0584997578039
0.180234749108
0.0678272941867
0.421801993284
0.561884273247
0.0862405412654
0.14145918872
1.0
0.312331769115
0.185929875014
0.322998724326
1.0
0.0
0.535435327851
0.297348640885
0.217182303681
0.14341895487
0.163772643847
0.0732492964724
0.0
0.256627540992
0.0784441332256
0.11751143027
0.167950370383
0.308247179707
0.32023034961
0.624668738303
0.177066476406
0.351637518341
0.298288472696
1.0
0.222568362211
0.233957334719
0.0179754442396
0.245240603672
0.251475463787
0.241720937976
0.306987551994
0.181977000483
0.110010084015
0.384709134036
1.0
0.0968869056657
0.1901657928
0.271548057624
0.162518130256
0.144017752987
0.305124585133
0.143477937436
0.119339731721
0.393616459214
0.0472545718641
1.0
0.0
0.0
0.323966351848
0.212271269529
0.226222856737
0.274541540032
0.36821029412
0.148789676954
0.212228217418
0.396216109745
0.454475133992
0.155782994857
0.294178778681
0.37111168537
0.225130800311
0.111350826856
0.340392318495
0.127122922102
0.0715414102637
0.415311301336
0.149321774682
1.0
0.0
0.27118329194
0.0395469201821
0.317651945863
0.282907905929
0.263095139298
0.20692758653
0.301654138788
0.186022473973
0.180994614569
0.14620382963
1.0
0.136472010468
0.0
0.272838040073
0.220321914119
0.12166773323
0.183090976721
0.280344270165
0.0
0.287087290332
0.685883249516
0.184019861122
0.0455927186731
0.168988193642
0.232618605417
0.209167404289
1.0
0.178594918245
0.177405949477
0.160476245852
0.0752275082925
1.0
0.641721896925
1.0
0.419964250113
0.322569195362
0.20513714647
0.54919147573
0.39181855306
0.264366384335
0.204386791454
0.240412305906
0.174315557255
0.0496674572139
0.126582051611
0.230013075252
0.125719331725
0.537298671181
0.2027726009
0.0905355452917
1.0
1.0
0.625620729919
0.599281999591
0.345285638877
0.172475744001
0.262907196702
0.295742407095
0.340517301349
0.0
0.415437189912
0.254814042398
0.210107222557
0.283014258559
0.487972092189
0.277999107373
0.196772262144
0.471185870068
0.333417447631
0.343292263073
0.25517442399
0.369728118236
1.0
0.13171748073
0.0837644602376
0.236178008728
0.0
0.140602301717
0.138352203706
1.0
0.0589047510066
0.201964682202
0.36440100116
0.573833102288
0.594124651601
0.0531323784425
0.501956553436
0.226200662239
0.258022565843
0.14466666025
0.262977139641
0.411849495771
0.0961962672288
0.613650341942
0.184098289795
0.373663797808
0.392391322757
0.284311123768
1.0
0.360939944581
0.597799138578
0.344477760089
0.300320976427
0.122804548966
0.494040323895
0.313641856579
0.606683725282
0.185754682827
0.388589047195
0.588094437284
0.435038054055
0.0
0.0
0.117491287839
0.201986104591
0.378516650584
1.0
0.176498878465
0.258432065122
0.379945053594
0.145604677692
0.225005189092
0.143792720976
0.179735941675
0.349780669867
0.388711543181
1.0
1.0
0.49183080167
0.579207838991
0.262938448142
0.215640730044
1.0
0.262296229317
0.209877935178
0.250438672973
0.143366492151
0.245833681095
0.0663157601515
0.110689996886
1.0
0.361177870713
0.391055808514
0.403006222466
0.149477569128
0.195193486331
0.129217778412
0.427177655358
0.417939799412
0.146470610835
0.0907647794978
0.0907647794978
0.127107875377
0.226637568948
0.112736691496
0.0462529760339
1.0
0.191021940801
0.225487609396
0.207039223021
0.207039223021
1.0
0.365071377169
1.0
0.206738999041
0.0765370584769
0.42214031522
0.567350849005
0.112994463708
0.169325565601
0.240134004074
0.0806476856936
0.521176077194
0.179997810083
0.0729418875463
0.159315836846
0.185463520813
1.0
0.0465856247906
0.259185522552
1.0
0.0869378970865
0.189778144103
0.273464715999
0.397290900916
0.186067824546
0.198332964446
0.588243237283
0.216433405239
0.35378205102
0.0976818296434
0.263495186365
0.669125334796
0.120256885292
0.230681233002
0.244441980349
0.185328592454
0.157426773111
0.521446030977
0.292667126007
0.275872837352
0.0
0.416344870109
0.17862728038
0.186537831524
0.325664469184
1.0
0.168390057708
0.285931197538
1.0
0.117344110829
0.227819770266
0.228099279781
0.271954763852
0.576972993073
0.184783525984
0.0273173968799
0.52046676638
0.387347802048
0.524679078459
0.611845953934
0.199011182864
0.546385073
0.232947597728
0.213150478143
0.235847350528
0.270393652927
0.340989726741
0.611242075037
0.127208628138
0.0
0.0
0.126061206277
0.414059586832
0.155705647355
0.737593173774
0.0
0.323082935771
0.0800782172577
0.467109191534
0.308656882077
0.211194797776
0.0
0.321970424229
0.488992416023
0.202840531242
0.136724995244
0.112988504559
0.51196483526
0.439935431643
0.310436274636
0.487504595944
0.159179385457
0.580658745626
0.358613758071
0.022543515801
1.0
0.185033949425
0.294020687977
0.189903222015
1.0
0.259966810423
0.334551978894
0.13303373416
0.218506001885
0.229040073613
0.481764319387
0.514011710856
0.0
0.6884599194
0.358399217556
0.136582246995
0.329987416594
0.529641579497
0.200606115872
0.159096739536
0.0620679392718
0.240875327208
0.0
1.0
0.56387790985
0.389962574986
0.0465680924511
0.129209008695
0.118357186603
0.144948506585
0.249449211725
1.0
0.0
0.194586156951
0.258468744722
0.0
0.0677660704693
0.215716300253
0.132204177043
0.336593199801
0.131473843073
0.32073789863
0.368468692664
0.334347830861
0.197975912152
0.0998201225169
0.14792922861
0.0451481599523
0.0823305472395
1.0
0.266825539179
0.0676353440743
0.157532383788
0.295881488476
0.0485423737233
0.183450731104
0.0411799519712
0.0513327802326
0.0571260514822
0.0152706273075
0.120238225962
0.0
0.0470292172689
0.0
0.153664150802
0.0673608422575
0.0880894598391
0.0439180857024
0.114402769368
0.147229316797
0.10435433543
0.0487555971973
0.10988650175
0.221568226972
0.111195788457
0.191404499999
0.145754901147
0.173030075408
0.125619512738
0.0536720476669
0.0197203199212
0.0
0.215572872078
0.189344887086
0.130930412193
0.0936390419026
0.0225286575398
0.0963116066706
0.00740105069897
-0.00742613905625
0.0858209007557
0.270489550532
0.0472247077099
0.0997944658214
0.141341682718
0.108613228732
0.143202357017
0.039279791306
0.0728432066109
0.0869302249653
0.0
0.0058734255314
0.093234478937
0.101242829021
0.0995511986202
0.124587819918
-0.0130464200836
0.0889458568486
0.117317274801
0.102609496437
0.411058826359
0.105217371375
0.150788191165
0.161261546831
0.144836896346
0.105209779497
0.0413573029838
0.0635012138659
0.116304467079
0.0579586416022
0.0546414511762
0.0944302411427
0.0
0.242237045414
0.100371556624
0.18998517477
0.0535346556377
0.0971401420713
-0.0243031541584
0.0654845053366
0.0
0.134442250292
0.042976161773
0.111299854183
0.0944286563386
0.0899065504613
0.148946536396
0.104802677747
0.0675134197204
0.097478335083
0.0
0.0376815942584
0.129244102694
0.0778899352644
-0.000474897061318
0.023441392999
0.117939623237
0.145422319886
0.0
0.11166408041
0.0957179711961
0.174904534616
0.102603066762
0.0218826351434
0.0721291725282
0.171003972399
0.14221760638
0.115375999488
0.14675568009
0.108971857268
0.156230833035
0.0420270721869
0.00591920279007
0.00686166801034
0.106075130713
0.0817323267723
0.155784315836
0.124030222985
0.0
0.12023610145
0.102369049183
0.141603271877
0.105205811042
0.00930569798766
0.172390805421
0.0849366879005
0.183649371239
0.0838225153799
0.111937348472
0.0937046188815
0.0892982194485
0.0982391879862
0.0911376905853
0.0958692900344
0.113344098701
0.0
0.0908033582375
0.0594847655621
0.117779150288
0.238151188784
0.0675875178169
-0.0114437767013
0.0898910809856
0.115727734876
0.0378479557668
0.164964966383
0.131398238455
0.130662939906
0.218350973651
0.0709973953381
0.130669564722
0.135152513932
0.0
0.144952387541
0.029590941511
0.0
0.0
0.171093573131
0.125019762659
0.0778663052117
0.0478636336996
0.0
0.0
0.0
