0.719230832141
0.859383207397
0.782760305364
0.862705860924
0.314538825788
0.614795237426
0.765588161091
0.230090618844
0.837034900363
0.472362931155
0.280374324632
0.646586157266
0.361126672649
0.9335242465
0.429725183697
0.27746060652
0.395636784834
0.581255823396
0.435571139436
0.137825388248
0.342097880791
0.408807699548
0.377294397967
0.196461952389
0.220617788699
0.21259892009
0.505918936689
-0.141268726451
0.255423651596
0.251825316347
0.347044217173
0.125754196829
0.216239698659
0.151449057494
-0.0398750152352
0.218099058831
0.202949552048
0.223093246434
0.27386520287
-0.0366285965377
0.196916394374
0.302116342858
0.278726794844
0.106808851894
0.12290808135
0.0984531904271
0.242761458761
0.396217843514
0.294656667997
0.128003939196
0.180557727953
-0.0019868068834
0.349940549485
0.177601672313
0.192221864468
0.079144510252
-0.000545465797213
-0.270719390508
0.258593654608
0.0219736050045
-0.0309662426711
0.107482055747
-0.0206285478195
0.0588667853298
0.100337848585
