0.783588239072
0.902661369147
0.809700711532
0.896348472087
0.375365363197
0.671869164815
0.819460900385
0.239836201381
0.881644122908
0.527622201747
0.338259951294
0.699739151261
0.5206614387
0.957277178518
0.569613340504
0.359590221314
0.450025696959
0.686952229814
0.538098074942
0.173089337681
0.407600628962
0.442221854342
0.468411014929
0.252734887098
0.294848854022
0.306036896039
0.574342682436
-0.174670239944
0.278246830234
0.289262233782
0.405568881056
0.125903544943
0.232454482672
0.2278638607
-0.0470168213145
0.270176048086
0.246151257856
0.246085704739
0.328584411664
-0.0756941282707
0.2273810097
0.38123768686
0.311342418228
0.130816801406
0.1365570364
0.148730944966
0.275194745789
0.499760121932
0.313222386053
0.139361660849
0.223651403036
-0.0160012365867
0.434149750539
0.195661758816
0.268156403085
0.0978939830854
-0.00447740441141
-0.289197680882
0.357591250777
0.00535245552326
-0.00454463336543
0.174317816514
-0.0142980348116
0.0922809500073
0.0842293867613
