0.294244619766
0.863101933465
0.786206498049
0.868826107418
0.152893986267
0.575988391378
0.494860872138
0.173636645145
0.436559495701
0.27381175381
0.174332273206
0.434556661917
0.308859896259
0.539023319215
0.326404163531
0.118444124419
0.265684031841
0.537567342799
0.283962394592
0.137576346108
0.317316150889
0.262932384526
0.251032230277
0.137705491909
0.220903362476
0.18901914171
0.466105300047
-0.0145048544403
0.230515002781
0.136105584936
0.212008333981
0.0653196608617
0.173488776214
0.123884191229
0.0537666552095
0.103093888255
0.204939821256
0.162359963797
0.285381111294
-0.0172677669954
0.0827294689719
0.276472268914
0.164998570859
0.0699495508746
0.0986315934726
0.127392303889
0.119342322707
0.270004936767
0.100499965839
0.126059693993
0.094237733226
-0.0311694690379
0.32299911737
0.12968835152
0.162186046992
0.0848605743367
-0.00425466802131
-0.0819728351827
0.130044042234
0.0156142345003
0.00690921333593
0.119532017301
0.00952376008457
0.0312655702762
0.0563650041213
