0.389282831043
0.903325223045
0.816426528652
0.89919567266
0.182597591032
0.642880769489
0.596005617206
0.214947840129
0.522899839694
0.339686331827
0.237032721334
0.52351759772
0.468188345485
0.61323617356
0.458149760744
0.167517892674
0.339673461976
0.660233877001
0.36921971313
0.197163934824
0.367686043509
0.330976919714
0.352875285195
0.182397695765
0.31685433177
0.262385586842
0.544819686981
-0.0248439683678
0.276242157424
0.229476355164
0.277164867185
0.08322099111
0.208146008156
0.162218527529
0.0727871336949
0.14698326892
0.245558536257
0.221706702623
0.328250639065
-0.0390696442714
0.102199142471
0.351909315082
0.220445658855
0.092691172564
0.135554804661
0.144386706226
0.154764979665
0.34972086368
0.125257774051
0.14145474469
0.137164225661
-0.00735271295794
0.388576175473
0.200724623804
0.242517920672
0.108491401697
-0.0404246107321
-0.0819471202756
0.169516793992
0.015351335478
0.0174209946531
0.160939018599
-0.00177596692727
0.0334113596825
0.0516211057581
