0.378795394221
0.887108381846
0.805859511461
0.889058867595
0.164864967247
0.625276365716
0.555887740284
0.20191407156
0.484475874929
0.307898997034
0.220409656054
0.492570290075
0.422165155972
0.585831056486
0.41946445351
0.153854096274
0.313452285231
0.613733555896
0.338635996502
0.143825682421
0.350535621701
0.3264328299
0.300228909844
0.176079180578
0.280995562533
0.244097397906
0.512528517356
-0.020933358414
0.276068916717
0.194352190908
0.251570431707
0.0727526985798
0.188380419922
0.148964316803
0.0639613390403
0.139049261124
0.238757861964
0.206778259786
0.325640494304
-0.013830733192
0.0991275593541
0.328849658086
0.190414168064
0.0770697437024
0.115960434668
0.124502172817
0.142885878854
0.312273965897
0.110651880446
0.138838768955
0.123515231793
-0.0183765174959
0.349676083883
0.191552365849
0.225371653045
0.0968658164208
-0.0277002560534
-0.0866024801791
0.165690440525
0.0265678601676
0.00379764182817
0.142527106534
0.00902884918109
0.0453689027952
0.0335341167505
