0.149884215764
0.120643853507
0.0938563442106
0.417062248892
0.322389952932
0.272938555371
0.553660734235
0.343126845484
0.457470981174
0.141083697708
0.352886843959
0.393598076586
0.349335946066
0.567947339155
0.242858881543
0.137741966927
0.168907107507
0.362562900079
0.780093612867
0.286837513685
0.787552641265
0.309467811254
0.166066151148
0.177763874684
1.0
0.366888779775
1.0
0.173706287865
0.101381046257
1.0
0.144164454793
0.329464493109
0.48429682854
0.632875342638
0.236887558612
0.176464999022
0.113238586438
0.0873287015384
0.235498403258
0.123293182087
0.793648852919
0.118503330407
0.768460497514
0.0596076922706
0.274714159113
0.144834715745
0.284402429112
0.130420139279
0.191962156215
0.183620852757
0.550912019001
0.147402695636
0.171725937128
0.172323260287
0.503042072436
0.18439727417
0.317785774533
0.319500838079
0.366035826353
0.189863109355
0.523649669114
0.251789644538
0.839674692271
0.0938582524093
0.149736628396
0.153790485578
0.414471293696
0.161151396017
0.709456843675
0.22838607199
0.196049993775
0.273766930873
0.14196786561
0.255852156921
0.18659484131
1.0
0.229795494817
0.180093920329
0.249207319868
0.0525459413601
0.146558029436
0.218304580453
0.39445783834
1.0
1.0
0.194435948692
0.700306801914
0.174440146538
0.176659630091
0.249065261202
1.0
0.142294045059
0.0766541391373
0.17447789909
0.148760140371
0.131335792333
0.281537464628
0.203914212031
0.113612384854
1.0
0.18870103523
0.117930538764
0.354520940972
0.142913662446
0.123578109188
0.599281999591
0.661600605972
0.34559946754
0.134113550834
0.195453919223
0.233413384253
0.214364514945
0.266187965072
0.78831679013
0.352299191957
0.124034087471
0.21687665294
0.060563060355
0.230010013095
0.167543230598
0.24997548815
0.308048593965
0.769769183398
0.162932977392
0.508396051057
0.767495640969
0.151201196909
0.153595156839
0.704592556055
0.141588795723
0.196568649454
0.298886543708
0.149697503998
0.0923448495755
0.0867242091258
0.348233930847
0.179568409544
0.759393689337
0.133903912073
0.284315363391
0.261696862038
0.0437085651452
1.0
0.317839060907
0.22909806166
0.303676933417
0.0864324498857
0.299946264446
0.564798741459
0.318025936519
0.368389280471
0.226279023464
0.677089059094
0.155237990075
0.649456566461
0.248868491509
0.1524933061
1.0
0.14776067448
0.128348841029
0.135835695453
0.148987659372
0.177229104742
0.131223260031
0.147268550633
0.0369376608602
0.0690206850834
1.0
0.0816908849119
0.1461790113
0.328067787558
0.137123329569
0.162329732555
0.107955989805
0.200603674457
0.0703479123781
0.0633679411076
0.0609468360081
0.723860973408
0.237730141938
0.325352435666
0.123926179686
0.0993682929669
0.164666869847
0.179618799516
0.0666406936568
0.153694806734
0.385016385012
0.222612941042
0.463512671497
0.123479266032
0.203190115905
0.282235209027
0.330682532392
0.18645935042
0.33147355581
0.228076736548
0.240456951974
0.184568509252
0.21087825346
0.222958536982
0.127445947918
0.285260260135
0.79177926694
0.0831472644841
0.10794204347
0.830504964601
0.192272359497
1.0
0.260461656318
0.197065579318
0.109617736753
0.305334463652
0.16568200253
0.323657870652
0.715167912771
0.155149357587
0.156269501832
0.309589185703
0.0762452889958
0.0891807790665
0.585785518671
0.719374024176
0.221241076164
0.154829605004
0.0645020497538
0.426234024905
0.41121099215
1.0
0.223561457524
0.228800393473
0.300935038214
0.793265610881
0.111432233018
0.144717046089
0.167746370368
0.509377702476
0.731983930919
0.147148143302
0.124102840497
0.251560575758
0.106569588881
0.450740530522
0.145327905797
0.302021462173
0.365279065498
0.24418777205
0.658402719386
0.14384112772
0.051061292551
0.128792930497
0.17498554462
0.0801628468916
0.0102580084274
0.276632784498
0.268463991572
0.223438240028
0.207976859894
0.284073172169
0.700007847815
0.189491680441
0.173561677359
0.103651412401
0.271697298829
0.786988105271
0.159833016428
0.139820001574
0.139820001574
0.222210956994
0.675730380452
0.157232132888
0.194064339328
0.422668573478
0.476857389383
0.549190809251
0.182235388965
1.0
0.227135915957
0.0464405053496
0.253436698404
1.0
0.239565941553
0.306312712603
0.184393805469
0.228089691325
0.243815002391
0.771614261094
0.153794224819
0.215211001836
0.119170092276
0.743241408301
0.17099085058
0.133076134166
0.290448206425
0.211369040793
0.297156873122
0.752697400518
0.166711078705
0.0562435675033
0.290251442238
0.128500455893
0.183987569979
0.167348751743
0.152725986764
0.345181920423
0.190513497628
0.290303021277
0.0993246031983
0.108111665229
0.704683358292
0.0923227288731
0.386218984324
0.366456272942
0.0733332668059
0.193749507288
0.14043848294
0.369474497046
0.369474497046
0.271972440275
0.716479030638
0.209320933186
0.0836225717157
0.386845109798
0.0871098781414
1.0
0.254978828826
0.155445726776
0.135767995109
0.271368735258
0.0380035080915
0.160426248857
0.163459377226
0.0883966254441
0.0658398127381
0.723849850548
0.236690274388
0.26611264119
0.0775868438145
0.0939163631181
0.160485846486
0.115838674881
0.171520309133
0.218512681612
0.375779153463
0.359630397171
0.108903507242
0.114078883627
0.623374729656
0.15310559986
0.307608543021
0.30663619322
0.424923196703
1.0
0.358426716542
1.0
0.0878776794454
0.121582838169
0.140657615345
0.102497705473
0.108416131668
0.199445981018
0.270354240735
0.282144299417
0.719070556067
0.0776689682047
0.0992016664816
0.124997121964
0.0767273447816
0.161734791909
0.239384608507
0.295088736661
0.551958077015
0.142376519869
0.170318549296
0.285519531473
0.0816908849119
0.251951037434
0.693025383599
0.112037921028
0.529627425486
0.141278510351
0.712571786904
0.421570868973
0.645805762565
0.19013760964
0.158618070663
0.286095836613
0.765196102672
0.153251548222
0.312691650549
0.169734859939
0.221405119707
0.347970875549
0.174677875198
0.295862721077
0.178772898339
0.174609065624
0.275277029797
0.58356901081
0.254115311896
0.740032802263
0.179445100939
0.354326074548
0.0799391121184
0.254704878771
0.215659510109
0.0284366673313
0.103655112308
0.171591789945
0.0772019412532
0.149472103154
0.0903549055276
0.113607888916
0.135715731081
0.179275513849
0.144045859317
0.346275046567
0.262071631681
0.12401846807
0.131009888026
0.146783486705
0.214569898093
0.0995271098237
0.206954874046
0.241615087593
0.229170570404
0.134782029396
0.339342414768
0.0298186018766
0.134163731287
0.192423493897
0.343953673829
0.114063843913
0.093071091999
0.331710174858
0.337808935018
0.0810615493238
0.42481966275
0.214037587282
0.192647926224
0.197035450779
0.13036591076
1.0
0.230256507537
0.109087226217
0.795964977702
0.146817181168
0.254660027486
0.1386312283
0.0516720575505
0.176073866067
0.208946046335
0.213871163876
0.725342976152
0.269860047905
0.347095819251
0.525309333744
0.0950690386584
0.225385720916
0.519007608298
0.142673358969
1.0
0.0900883555927
1.0
0.140880669271
0.122660335076
0.233686325085
0.269493123785
0.144233364181
1.0
0.267058654408
0.294084790406
0.220090253343
0.159602880333
0.190391483357
0.239788787502
0.128735712355
0.741342364161
0.150791144229
0.149466095927
0.262439292843
0.175058922912
0.285293069923
0.795534214829
0.134569435905
0.125736920718
0.122274829063
0.371559929038
0.197791673457
0.184267970976
0.143769839869
0.19386681794
0.133944951259
0.0541542825775
0.174289448602
0.348459959358
0.144657238504
0.100793445606
0.205812360292
0.149967876494
0.227533897992
0.106246908538
0.12283137679
0.25927160492
0.0880911676186
0.128592960641
0.790477937239
0.120265457479
0.242345229435
0.242345229435
0.153635320907
0.153635320907
0.709010429231
0.104460475271
0.100033021859
0.154722337466
0.474867073608
0.766682205903
0.175584342013
0.138588895815
0.197568099578
0.14999349595
0.444766233457
0.495892914122
0.235479759286
0.860267862933
0.126417323185
0.533211087539
0.195335047198
0.21019628853
0.172196295197
0.131429153126
0.727965784349
0.171879043607
0.0929699879949
0.231814917463
0.315824294884
0.239300264437
0.74831812294
0.179377299262
1.0
0.267375264237
0.0925462451256
0.129418604236
0.27712390504
0.286887508476
0.132907132014
0.0831985104273
0.44390389924
1.0
0.395033452251
1.0
0.0492930292036
0.760578709803
0.176249130443
0.232203331897
0.139570545064
0.146630748584
1.0
0.127154623961
0.0829236286141
0.359353375797
0.0282783254499
0.206058207491
1.0
0.192739958608
0.319859232489
0.176734206022
0.235525287708
0.154610739016
0.319325124874
0.168906241169
0.121384677112
0.291961623859
0.0902509401645
0.101696275275
0.276012502974
0.176486079858
0.193812029105
1.0
0.328716538386
0.172222407111
0.172222407111
0.189136953619
0.245558833506
0.206396495491
0.138406628729
0.182801558397
0.743889131852
0.224535010944
0.193910362684
0.251286251802
0.289041051546
0.724256073785
0.217610099076
0.255786634846
0.354124248291
0.244159497344
0.371618707887
1.0
0.331472741539
0.145477404964
0.092985374049
0.143123001738
0.0777843463799
0.0846799751074
0.073252398247
0.463345218766
1.0
0.23125003155
0.306954813575
0.166466822653
0.211947382008
0.211947382008
0.525083943971
0.216875560973
0.159628622931
0.631862605625
0.836764534738
0.242092438716
0.395566724127
0.258198895125
0.419471799752
0.176933742135
0.495692655048
0.162126651464
0.249648928373
0.0413224553416
0.141624441032
0.357705359177
0.810328039463
0.187168004562
1.0
0.749986064073
0.125276989517
0.148661331499
0.0920773115279
0.169091522967
0.390511387166
0.213041428863
0.158495824611
0.0727167773834
0.381746349451
0.644362975186
0.0979934488537
0.111669155475
0.784568762127
0.143813983521
0.317756606289
0.130741005697
0.189228568387
0.81120124535
0.334837774788
0.0417439034
0.151519711012
0.148149936491
0.100448044306
0.15843462117
0.738718849552
0.284574715793
0.219929819207
0.202626006963
0.0706025696098
0.878832291283
0.182919695941
0.220509333914
0.7186755856
0.285424683906
0.0701208745817
0.182257251573
0.323432187069
0.128433433172
0.656427276061
0.711474246118
0.711474246118
0.494650755318
0.103111815623
0.497946135162
0.284434968713
0.362986237396
0.119448108025
0.0982519162063
0.183343381041
0.375866736681
0.150629793038
0.291201047675
0.187618435152
0.121561084784
0.61113492303
0.0663118231236
0.0418078172691
0.152867379911
0.171922526988
0.283184601544
0.255925934544
0.130707082464
0.169602527933
0.208620113707
0.186257803805
0.271013029334
0.271013029334
0.458932801692
0.106241587703
0.160721712042
0.188411044671
0.443405256862
0.198411794701
0.290004417707
0.071457700245
0.0483453014704
0.170778741065
0.747608223576
0.193114800878
0.346292372733
0.101963472057
0.195340183923
0.244731215557
0.167914094059
0.379940367314
0.128491425017
0.22977256872
0.220724681439
0.243411210373
0.764505236764
0.212429277846
0.133350483223
0.246400884169
0.272824948061
0.203494736533
0.475846169495
0.144561510079
0.759816035349
0.111303838264
0.144063640411
0.371509957429
0.1335248596
0.0891704362351
0.200872560936
0.141640498527
0.12452490138
0.191853001182
0.40596844944
0.380103586983
0.139479768144
0.172840270907
0.107686510684
0.816583055648
0.142768669635
0.0607589241114
0.149990643394
0.396316383932
0.146369794721
1.0
0.198734592495
0.290735232089
0.0598249731167
0.116788851608
0.0813580250215
0.148439561988
0.574815519478
0.28019655018
0.298582151226
0.279668715697
0.129676220427
0.166921747083
0.439975508869
0.114117743285
0.0734865775113
0.143233256029
0.312341666726
0.137818449446
0.150833081236
0.120517098443
0.155643531648
0.0755823827632
0.323751769577
0.259141318456
0.536476639464
0.193069861434
0.264519404787
0.132622519936
0.802075098988
0.192782528413
0.124838086263
0.222859885522
0.161229314357
0.303626106457
0.789359191617
0.148705694397
0.0
0.0
0.699748581513
0.274975894343
0.191174826398
0.718677715245
0.0794250679587
0.236571957678
0.370068647209
0.221652421151
0.160976137647
0.231551525652
0.609044331713
0.107426196328
0.188844243093
0.384691810858
0.252299667387
0.202886628632
0.0883505915776
0.0216431012353
0.300500633067
0.320454945655
0.209576000712
0.0950725312504
0.233983599537
0.179928547495
0.195145671603
0.228665275287
0.278334627749
0.173906773569
0.177102913066
0.0777321390319
0.219541750162
0.185425660704
0.234753820336
0.329756596499
0.177535387967
0.130671724154
0.354766836491
0.344980204182
1.0
0.20557761793
0.158534804687
0.109702468372
0.285568786304
0.0930858360095
0.122283309799
0.140414268529
0.717103474926
0.0946091096161
0.391201034061
0.379133885734
0.164643282738
0.190284211174
0.685221495276
0.216101797746
0.134229094449
0.191129552323
0.108036744943
0.207135537004
0.117001372826
0.30439533351
0.20916883401
0.15504443846
0.206335497858
0.470999429836
0.127116302044
0.300226298572
0.710830114655
0.116636156373
0.0527967963916
0.358169768654
0.106569588881
0.169298516322
0.105328044954
0.514954695223
0.514954695223
0.183776357588
0.082269792974
0.145425863557
0.367658187273
0.271110315147
0.767831745774
0.3221110928
0.339314187102
1.0
0.141377991788
0.277159549837
0.45816692956
0.172080085302
0.0314457191732
0.103923634546
0.235105718813
0.1541723573
0.108661107224
0.12092337271
0.172034655105
0.17061374671
0.0607854162636
0.574328052562
0.184278838472
0.102467613734
0.066253179372
0.257147544701
0.270127656491
0.646989190061
0.241077332027
0.158208518036
0.181857343193
0.261097074783
0.114896231528
0.208379744537
0.0821643770572
0.430345440986
0.227672592299
0.331081219547
0.255786634846
0.170757388088
1.0
0.222182872587
0.167014785964
0.0773651134404
0.223948834628
0.289032789744
0.216736485194
0.311660721506
0.803772962635
0.106866893976
0.288171235061
0.581924237828
0.24764605768
0.219747906038
0.219334645603
0.818808738805
0.128832233644
0.105230861348
0.188451248028
0.670960386694
0.855455676366
0.140152745755
0.198830927403
0.324173581527
0.218095409804
0.143705357653
0.136924193627
0.113186172127
-0.0180548809209
0.121642392373
0.147628861092
0.17111726507
0.217909018665
0.10706640809
0.305113746963
0.272604932836
0.331472741539
1.0
0.342023492829
0.163459780109
0.813095802252
0.126487823178
0.257200319169
1.0
0.192138685012
0.205016299361
0.219494869873
0.787580472838
0.152634389421
0.12386375244
0.243357656468
0.271723527508
0.389526003995
0.835150868519
0.152990228479
0.286458832143
0.219510735116
0.412713244433
0.190175186135
0.0936151096299
0.0913987785776
0.308233787681
0.184849323897
0.465513501867
0.42716232843
0.41988443923
0.676574432183
0.184922633235
0.676640316318
0.519348484806
0.174103568468
0.0475829664444
0.409631818155
0.0629839336476
0.13588232766
0.111099824307
0.073791156847
0.177669819818
0.249701056278
0.318735041723
0.728756116737
0.100906581819
0.37233401854
0.199554680523
0.351445987743
0.20262144384
0.171250969788
0.11736142007
0.26215387665
0.723379402083
0.122338600037
0.176260066094
0.146688532987
1.0
0.305294809072
0.237831630667
0.113780082242
0.381826443408
0.244299344225
0.781169678062
0.150705379341
0.109825684935
0.0937207444077
0.242902254479
0.315677795123
0.295055122218
0.0
0.632714272253
0.168484225817
0.704946875882
0.102042207556
0.153241541878
0.693356065343
0.0836417029176
0.839337817727
0.253584160636
0.721501707183
0.225762622745
0.145254080642
0.16799468773
0.271655787821
0.241563094742
0.194163538732
0.126919620204
0.163320685277
0.129939637547
0.228422339952
0.0759361646458
0.143627054291
0.130765570739
0.268224952549
0.202490058316
0.110137308029
0.191534536849
0.205050951989
0.236897165987
0.352299191957
0.537783347381
0.275779803155
0.309588634382
0.385021958714
0.33521392336
0.138407276175
0.179360068975
0.156957233385
0.277242129869
0.385067360865
0.0725971715991
0.232684753367
0.0868521987339
0.233972923039
0.158034214276
0.571254615452
0.159772137173
0.242093663865
0.166292089913
0.460249191444
0.311345613056
0.671022267072
0.127293460688
0.260244979854
0.113425090799
0.773530878942
0.470554078306
0.0697581486766
0.0861827536667
0.276338198891
0.345694890531
0.389817708313
0.34513464178
0.764342137858
0.453962818033
0.0945410312661
0.260364929099
0.362838904544
0.379783340468
0.416115770861
0.0624265316348
0.749536798443
0.530391339094
0.200862108907
0.311653725361
0.124924613744
0.338123073121
0.120303939705
0.17002185666
0.621833888602
0.177451732927
0.18798827578
0.0860818739244
0.0911128813346
0.265562128449
0.328920415469
0.193317308037
0.192368712493
0.262101593338
0.759003309933
0.237630853586
0.237630853586
0.0803440292116
0.420900407555
0.268936567138
0.244142360668
0.487651754613
0.499066131555
0.0651340158288
0.138237649499
0.519903736353
0.720152754935
0.124338012265
0.155074966852
0.127230972202
0.153683618673
0.190531469791
0.1410832689
0.133576280619
0.325716704162
0.197175777033
0.238401800596
0.238401800596
0.195105274176
0.749735319826
0.801027321823
0.72860929779
0.102044964865
0.176385593467
0.127049464888
0.459791656562
0.25110488434
0.310898357698
1.0
0.180040881174
0.164779828565
0.249996178637
0.155299747953
0.364066621408
0.117624798919
0.214569882234
0.662880017042
0.10332086161
0.588621412196
0.129990493882
0.153417327572
0.520576913534
0.133644331541
0.156277025783
0.70666092351
0.261064601757
0.129819475887
0.155827226058
0.161473158252
0.135528013665
0.592517565731
0.189108900209
0.195578862836
0.75517607325
0.188442766615
0.0872279913835
0.1116661516
0.189440460506
0.640046037331
0.341277571491
0.13998680683
0.0875303929223
0.156133461707
0.173056292272
0.186017763811
0.147544519874
0.132798075941
0.172834910736
0.255560833818
0.392987891435
0.245096123124
0.191943365106
0.599120985387
0.271650120659
0.269604752463
0.0834953687819
0.716133683715
0.120591609636
0.157125968791
0.1257191145
0.22824878043
0.533926643111
0.0549792462756
0.24236891932
0.23659668229
0.115335298415
0.193091488884
0.311089138275
0.361593680027
0.27901043004
0.111233631598
0.422432509825
0.158202285446
0.28398890441
0.260749061674
0.179952116787
0.143670496174
0.11393178368
0.77068969552
0.321094605622
0.37145789122
0.172311961397
0.1739621811
0.115661797388
0.293437245497
0.778377456103
0.0
0.0106369599244
0.762016119991
0.200729939173
0.409034040427
0.150846528409
0.226528581966
0.134456204643
0.338937930756
0.258181201224
0.0909736453726
1.0
0.34513622659
0.15465895048
0.30887661328
0.613850361058
0.107099504941
0.274885136468
0.803559837695
0.528063645017
0.246653126439
0.187687051432
0.0664065959149
0.0794688248805
0.217656758494
0.0441040263111
0.107889787593
0.330049607817
0.345710275712
0.161110017519
0.0740447894725
0.128916677493
0.194045149533
0.0382647082779
0.153255328897
0.153523126362
1.0
0.117675485518
0.194657142009
0.428233970117
0.120588158845
0.797161524014
0.155078651532
1.0
0.152782341259
0.101004590605
0.739484785976
0.141837890077
0.11036596743
0.296449857777
0.43877757327
0.152112479114
0.202208393057
0.171702585687
1.0
0.339222436511
0.367974843595
0.0853541557769
0.183589638083
0.203763202205
0.0712384388217
0.313578908737
0.280045550139
0.135728513041
0.0887512451946
0.16664215318
0.109755770918
1.0
0.124580952625
0.697353833028
0.396454379692
0.160316164647
0.213109820896
0.340021352822
0.516026076156
0.829782246222
0.267761650921
0.541422204567
0.493889383335
0.545374268228
0.251461152522
0.185186993324
0.522863565661
0.228049070904
0.205374858285
0.136720190667
0.112357668088
0.192506058885
0.169352188078
0.477458433834
0.477458433834
0.291130954252
0.136797848775
0.106074053776
0.832179068527
0.127167702034
0.146881637942
0.231736279872
0.112525639071
0.660026919791
0.351183031351
0.115477798195
0.211745781388
0.53735551729
0.142603292022
0.282306034542
0.132332194889
0.234209880338
0.50937051619
0.842158512536
0.186727530606
0.430089482076
0.272617052985
0.189970435908
0.702748383332
0.224734116732
0.13217194069
0.311365007302
1.0
0.391389185941
0.0502200340147
0.177598876467
0.600427234449
0.165842430783
0.173818552747
0.404495493421
0.247664561509
0.0448429013513
0.0208675582432
0.267830886596
0.0800102811545
0.744033675754
1.0
0.444212625389
0.333218605788
0.0833881070551
0.131316479943
0.0651552748284
0.204701540537
0.265668745576
0.139604462957
1.0
0.236336309478
0.0512263329667
0.133960263515
0.0697522911233
1.0
1.0
0.196653260218
0.107134636751
1.0
0.146587817269
0.132090167977
0.116423858816
0.604324902116
0.255912250915
0.165712411907
0.113919988118
0.219892647528
0.282792602975
0.278730214374
0.162081982737
0.162081982737
0.786958069356
1.0
0.107700165568
0.161013850685
0.0736910295573
0.587603737369
0.134792933515
0.303210116486
0.432039683144
0.0528119477251
0.383209695607
0.259822787232
0.572289849931
0.16264647791
0.164208654561
0.177477432554
0.58047752974
0.136452090124
0.121350069925
0.611284395555
0.194774736907
0.133220401933
0.17214034367
0.672162539963
0.118010271758
0.187823482426
0.226357486443
0.178224899107
0.132670365561
0.624614069806
0.2152771426
0.185561156099
0.244186609032
0.184406890201
0.790329946195
0.266034188743
0.379940203181
0.177888562989
0.220839863061
0.0637820239828
0.106831239811
0.272190380049
0.0922294172422
0.120870286458
0.280017080835
0.259866277489
0.15007914338
0.773655629667
0.132435226924
0.116171986817
0.262752416715
0.626939431107
0.299047309719
0.0910765872416
0.177470542156
0.280621702679
0.214364514945
0.10334855205
0.153993800156
0.0951969537292
0.493500059815
0.420137613748
0.235525287708
0.148855825448
0.203745008041
0.247153149347
0.279594136412
0.14330445076
0.679649952477
0.213921470014
0.372114038533
0.640168844888
0.253803525795
0.146135246665
0.0737234843701
0.131778532389
0.12392428665
0.248439730756
0.301630582986
0.0241928396913
0.138534505216
0.0877687447676
0.339730034968
0.780942136624
0.189689567939
0.108674830022
0.697553000468
0.332274179911
0.156116952324
0.267971306264
0.833832656626
0.122981775901
0.767717663925
0.462525875872
0.217719774657
0.159076947946
0.141588795723
0.0702341533841
0.140306603532
0.202520867672
0.0925487324671
0.126815265834
0.125827602437
0.26274806996
0.24319444552
0.658676756611
0.157126392821
0.246632905542
0.233414819459
0.65917233445
0.146489310256
0.146762925745
0.0179754442396
0.171069771503
0.146792699115
0.312522048958
0.245404541304
0.267437238795
0.133509726681
0.339763423085
0.795505031492
0.0968869056657
0.1901657928
0.216222733053
0.128031264339
0.127095109948
0.248071736333
0.0942553415005
0.0996519941317
0.233365217465
0.0773273192415
0.7998004683
0.514987058071
0.514987058071
0.273611044654
0.150160973249
0.195844499656
0.188710902797
0.32019030713
0.129801910564
0.216510639887
0.224059438165
0.294998905732
0.122423473991
0.215866547418
0.24032599829
0.194528121465
0.102985674034
0.31052339975
0.138634011196
0.0985804989958
0.368743652406
0.112182715799
0.63224454112
0.26992705434
0.123869513593
0.0433915741246
0.27903000149
0.26257859566
0.230093313446
0.158212166114
0.154797671335
0.14090860896
0.12948871399
0.108413842614
0.787782612786
0.12338076415
0.204756665738
0.225816666908
0.101848786766
0.120324044273
0.149859832178
0.263476089189
0.206964768415
0.158840301978
0.627148821233
0.137350154491
0.0555144471977
0.117058502608
0.195100381195
0.142498624776
0.604661553534
0.146801362
0.165361680171
0.177476670687
0.0618032004657
0.749339411611
0.489383365568
0.853914857213
0.339096213927
0.244126960303
0.225503289646
0.774595737865
0.341849274288
0.249659709261
0.121473586621
0.24987252114
0.188751736624
0.163497960564
0.0981913488057
0.156409999217
0.0919283643907
0.301532797461
0.245864474191
0.0487873312664
0.719517751809
0.56875574075
0.495789724144
0.599281999591
0.227679652506
0.172475744001
0.199104030267
0.206728820016
0.241080014315
0.0813111454687
0.323925867199
0.206575180208
0.177646806107
0.26941038103
0.743986046094
0.200054528641
0.145966191715
0.735592935034
0.333417447631
0.304484500397
0.249467001385
0.260248782185
0.730669445473
0.146930959251
0.0867159396426
0.294742879345
0.0662132746717
0.11920034189
0.102972317703
1.0
0.0908039410636
0.171153535705
0.261372717117
0.432975749599
0.7970623258
0.0754791043622
0.439891634621
0.162556298672
0.245995074411
0.147734251474
0.236544746371
0.216796149355
0.0954252228593
0.806825170971
0.153111122545
0.240644219674
0.282115352673
0.215420453094
1.0
0.222477611501
0.597799138578
0.267249547276
0.267249547276
0.113240352108
0.384206098267
0.276051546288
0.583020658169
0.157786700807
0.372846049046
0.472241312063
0.22922964934
0.223503617836
0.239766817383
0.0959844202316
0.227225677347
0.225695795428
0.696050780542
0.147547758279
0.258432065122
0.31771691454
0.145604677692
0.171889914794
0.143792720976
0.179735941675
0.349780669867
0.388711543181
1.0
1.0
0.364661367302
0.391148254712
0.195627147208
0.164445209302
0.726829404681
0.225878470463
0.209877935178
0.195694914649
0.143366492151
0.225088881419
0.0663157601515
0.110689996886
1.0
0.361177870713
0.234912054178
0.20144610626
0.0890450836787
0.153389617684
0.119249703906
0.568312412675
0.267946184907
0.143489453082
0.150672866953
0.150672866953
0.127107875377
0.124184730708
0.072734917828
0.111782423646
0.859206200053
0.196258331695
0.196727463171
0.188251272415
0.188251272415
0.783468255923
0.228534627517
0.648672774212
0.139323012738
0.0572664755605
0.273617649354
0.783675424503
0.212277774749
0.216673411858
0.240134004074
0.104610807909
0.423808730381
0.137976817285
0.101130820921
0.200123061261
0.188996135811
0.909639115157
0.0748154503068
0.206165027098
0.584375530372
0.0847572470218
0.204805143338
0.23095126888
0.698645450458
0.149189080062
0.230866668406
0.204175129566
0.168476518475
0.223378782137
0.0730183096537
0.156200913706
0.701077334275
0.13136891963
0.208386191584
0.216600564272
0.108274654844
0.235251406166
0.773345723787
0.281499148007
0.212654778608
0.44717693018
0.708172435055
0.134318920503
0.10573399677
0.127664544509
1.0
0.168390057708
0.252543909124
1.0
0.100127286907
0.194789971982
0.228099279781
0.298070068961
0.43787476608
0.177126519814
0.0934629223377
0.487714282115
0.292647961834
0.524679078459
0.361416036617
0.199011182864
0.358197757307
0.210197643563
0.182635029168
0.152472321307
0.168425641081
0.287463325937
0.470999429836
0.106111766404
0.471702560234
1.0
0.124978381423
0.303032365817
0.139242671762
0.705969425716
0.0791240860717
0.285032190961
0.139693605009
0.299173372459
0.304755281782
0.178928993046
0.117704649802
0.337319078843
0.444884412179
0.173591226452
0.172034655105
0.0760075771713
0.404814617108
0.348756780367
0.269656844837
0.434664909214
0.213555695341
0.790329372813
0.323691445327
0.022543515801
1.0
0.188788697238
0.304139569528
0.150260718304
0.89977928803
0.264093276191
0.334551978894
0.183007715492
0.218506001885
0.241749478611
0.356064654631
0.372246090413
0.389222333924
0.499712569762
0.435971029778
0.168418039799
0.297163281448
0.65004458255
0.133016300949
0.17515940805
0.0819953360097
0.207739530407
0.0826564607427
1.0
0.4399304231
0.263135043641
0.047122227555
0.129209008695
0.114410837786
0.152804663636
0.159035148891
0.741734589463
0.0863033570754
0.194586156951
0.258468744722
1.0
0.0677660704693
0.147613131318
0.136414058126
0.249933605801
0.13195829919
0.216408127577
0.285876821396
0.249586539225
0.166550365175
0.133119092148
0.110299441407
0.0787314439304
0.053637952679
0.677926518954
0.266825539179
0.0356814345227
0.127038510863
0.295881488476
0.0398885084621
0.171603146586
0.0756432230971
0.0787607037493
0.0513155780724
0.0152706273075
0.121078298053
0.233768747817
0.0620360241072
0.0900752508416
0.15475126929
0.0554848045517
0.0880894598391
0.107348237665
0.0858153614061
0.147229316797
0.10435433543
0.0864003033038
0.152810357723
0.190410580525
0.111195788457
0.158576009707
0.145754901147
0.127874498296
0.117838814675
0.0881649548297
0.066587170217
0.055978257309
0.201819095909
0.147245783348
0.109170780773
0.0608290446269
0.0527158396714
0.123350630814
0.0114419859414
0.0323690348672
0.0617347025045
0.270489550532
0.00495104122741
0.0891771813478
0.143908859356
0.107813816692
0.12473350001
0.0498170721456
0.0657571598647
0.0767741263626
0.020312064415
0.0058734255314
0.0962941495932
0.0971667750568
0.123345698055
0.106145299019
-0.00830701389369
0.101200673553
0.125157742514
0.0869246540258
0.314655730898
0.104618332255
0.0849189951817
0.124630380426
0.0982391712033
0.140889612593
0.041439952405
0.0635012138659
0.0964865600367
0.072780941306
0.0546414511762
0.0944302411427
0.174631300619
0.195429067286
0.0623571985446
0.146623523425
0.0526830477497
0.112749570643
0.0356204461077
0.0689180649999
0.0679230473535
0.169292279498
0.042976161773
0.0764354078113
0.0944286563386
0.0893936374647
0.138066928765
0.0957476617775
0.043543132856
0.097504308803
0.103122916172
0.00123493672471
0.129244102694
0.0778899352644
-0.000474897061318
0.023441392999
0.117939623237
0.145422319886
0.109040179623
0.11166408041
0.0998607078323
0.16391933829
0.0709132771252
0.0218826351434
0.0294370259254
0.171003972399
0.152827410758
0.126918759005
0.14675568009
0.0820608514527
0.111378656393
0.0420270721869
0.00591920279007
-0.00297102921676
0.106075130713
0.0817323267723
0.104690863447
0.145001083969
0.144650667653
0.12023610145
0.100943678412
0.104568709136
0.109026242146
0.00930569798766
0.172390805421
0.0849366879005
0.183649371239
0.105374793883
0.150873101055
0.12271705961
0.0630625368303
0.0982391879862
0.0882099434658
0.0548920468899
0.112182511459
0.0528291589702
0.127476985297
0.0594847655621
0.0830248868351
0.155171212475
0.0675875178169
-0.0104072043183
0.113183555801
0.16367919079
0.0632561477616
0.164964966383
0.120255445454
0.107334867908
0.218350973651
0.0469812492697
0.107385610623
0.114391850029
0.127133053056
0.151550798819
0.0327871466594
0.0960712176762
0.167449387766
0.122254982448
0.131097924633
0.0567071495117
0.0840728574575
0.41228892931
0.401043919858
0.309328379207
