0.132713961752
0.0925468956985
0.0691234327773
0.379492199058
0.300866999065
0.230175629337
0.52064048443
0.307695692156
0.420378014527
0.115101709287
0.324340588168
0.354289252096
0.333133547592
0.511703693832
0.236224856083
0.110024411288
0.147675026814
0.326435677744
0.770461632263
0.275250744813
0.772377423166
0.275839312362
0.159449999869
0.159993220937
1.0
0.323670690258
1.0
0.156047251376
0.092100895074
1.0
0.134295621944
0.308921498313
0.45120524435
0.624236325025
0.200559973993
0.155119329221
0.086814437604
0.0742437136573
0.21723897691
0.108773078721
0.774228026365
0.104954508251
0.7349640728
0.0611157337924
0.253412059955
0.124272876928
0.240243509762
0.114728658537
0.149641093092
0.169221809556
0.487222492533
0.145894426077
0.169737364325
0.154363787062
0.46330976111
0.157842247884
0.279398594095
0.280767373131
0.347798639451
0.17391477111
0.482202992555
0.222900191513
0.82208279531
0.0913237924516
0.123486058559
0.125891030609
0.380498831284
0.136506269479
0.698310443664
0.204101498191
0.165922578665
0.255175980176
0.121868553412
0.231282872454
0.146703950911
1.0
0.197145068789
0.143962523325
0.219739285104
0.0383154456112
0.129709991735
0.195796259512
0.400049489532
1.0
1.0
0.1633910844
0.645732483867
0.14924969424
0.15088006936
0.22064455409
1.0
0.122966637374
0.0834825717528
0.142840184125
0.136673036408
0.11420621245
0.270526035171
0.180404017544
0.0928947435708
1.0
0.174245094291
0.094797507887
0.313102513799
0.110437246016
0.105298254174
0.556044146913
0.637855444713
0.310394750722
0.125741170448
0.177654115431
0.197972708105
0.183772085332
0.234297191309
0.762230120348
0.313891738534
0.13529397793
0.181123808638
0.0672039223453
0.203738177477
0.14419466071
0.245750455734
0.287502792788
0.742679328342
0.151628047793
0.467907640159
0.741888575535
0.137835796254
0.130041359978
0.686004570723
0.111719933033
0.176848900144
0.245556451896
0.137349682145
0.0938963901854
0.0680179267169
0.311592828743
0.156468811278
0.740027939697
0.119926593001
0.256255955226
0.217075187106
0.0492890152527
1.0
0.308585229092
0.171912676333
0.277917626596
0.0799463209327
0.270678001724
0.549692829336
0.277478454514
0.342881658855
0.21634741243
0.674170237851
0.151355682031
0.643782041514
0.221933372853
0.16184205301
1.0
0.12533627724
0.117224608724
0.126617831571
0.118553840169
0.159018710719
0.110042275987
0.142825469482
0.0249404979589
0.0862031730389
1.0
0.0731640012984
0.108659531945
0.282190090699
0.10339406229
0.14325389536
0.0935926865538
0.152634891953
0.0541586701303
0.0587718115096
0.0391764960084
0.714041869469
0.205303850822
0.295170161197
0.12245775251
0.103305916446
0.164201917874
0.150071014642
0.0565200432936
0.132923322772
0.352508287379
0.1975315311
0.427175620476
0.102584412399
0.193367015463
0.257099593257
0.290134952007
0.16994323971
0.293630436011
0.181618440286
0.21365877635
0.147255071948
0.190438405928
0.189503965286
0.115993800714
0.259535190654
0.763535910152
0.0771101840212
0.0821072046012
0.806370711583
0.174613145904
1.0
0.226745369292
0.180976001451
0.105541072736
0.265854859018
0.137771294434
0.298639118724
0.692764141726
0.129574548607
0.1382319444
0.266993970834
0.0420677458066
0.0819519940632
0.560641188663
0.709893050931
0.180616281586
0.128277960998
0.0739314039528
0.381689586075
0.370838650921
1.0
0.189331557961
0.205320386943
0.271173480395
0.782774411399
0.0923812739327
0.124470891539
0.15430927828
0.468616932274
0.714470096421
0.113129548701
0.122267107141
0.221597891359
0.102363148695
0.424175526276
0.128958514265
0.258179813528
0.344688983476
0.203411741983
0.625125308727
0.12458664404
0.040123172093
0.115212079054
0.144176254927
0.056770664425
-0.0085144765183
0.249935464846
0.243609017468
0.19453307598
0.184992221362
0.249272846856
0.656140362867
0.166932721562
0.141706328208
0.0657284081288
0.242535238186
0.777593285943
0.1473625345
0.106867369087
0.106867369087
0.191902819493
0.670259448124
0.139332468677
0.178811012932
0.398542652694
0.422617511297
0.489190735457
0.161472595093
1.0
0.198011599847
0.0351561357854
0.232434494858
1.0
0.203540303531
0.264378671568
0.153038408025
0.216229306785
0.209440744848
0.760675856413
0.134391609567
0.180617951736
0.106812840738
0.737468643372
0.140496500604
0.114386704146
0.259771131614
0.188917330677
0.253987855629
0.725586412921
0.153698699003
0.0493237828761
0.256073879743
0.10574956677
0.169430581264
0.125489269384
0.129344912432
0.307130643971
0.147123906157
0.274935142627
0.0938458775558
0.0821570270945
0.681547698169
0.0895115557672
0.367274017417
0.331145492872
0.0704996334163
0.168522521533
0.117986923217
0.317763108221
0.317763108221
0.241718293244
0.691495042622
0.178175597199
0.0643755338728
0.329654844701
0.0864596685167
1.0
0.221385544022
0.131887463222
0.123231093579
0.225302259554
0.0370610394739
0.141344765898
0.134539050011
0.0684426798456
0.0484932431769
0.698157076923
0.202503454717
0.236776918365
0.0539154280072
0.0909748680088
0.148186553131
0.10380011803
0.14587625917
0.180939412866
0.342637347291
0.337693650941
0.0967687547507
0.106774955164
0.59576092019
0.12475961739
0.275427557599
0.276234614499
0.377436163263
1.0
0.34451770146
1.0
0.0739116206049
0.0968278498657
0.134356150389
0.0713283948576
0.0924975133116
0.168948378822
0.234789435121
0.240621409133
0.692010844873
0.0710495955472
0.102172029357
0.120513068639
0.0704707056219
0.13974304549
0.210436300163
0.268223025106
0.525319167959
0.125707050033
0.151238296784
0.277999851388
0.0731640012984
0.201440890548
0.687977865257
0.0888632903301
0.494678423013
0.115033770413
0.701613749551
0.386694630257
0.624725873566
0.159992924159
0.119420623559
0.264650047222
0.748759006964
0.1423159411
0.285996950761
0.138446148745
0.182686563648
0.327266347532
0.160761623543
0.259824168968
0.154949577589
0.150394616624
0.257334830102
0.500701530544
0.218194583888
0.713160991679
0.166776996988
0.329338342412
0.0605177962903
0.243316150875
0.202633914243
0.0297439164215
0.0932534899543
0.138075684504
0.0704971301455
0.141755496188
0.0687806158098
0.095307912939
0.106257889471
0.14048634812
0.124000118499
0.30903727797
0.228895015882
0.0788051139232
0.10976464171
0.140679686453
0.197842482033
0.0808312870338
0.1984138682
0.200782128001
0.202942757442
0.140981116015
0.293738335067
0.0190135673196
0.117399090289
0.176387633131
0.29855515361
0.113413414547
0.0846280441002
0.305839344185
0.311454915956
0.0789922661287
0.382171704706
0.177657727364
0.162651648642
0.175063646769
0.121528307598
1.0
0.22389143187
0.0812223416155
0.784620251879
0.112876144689
0.224311677474
0.121162702547
0.0301159050918
0.156244731638
0.197826991302
0.186409939163
0.717203497463
0.244405470379
0.319346304581
0.47943130847
0.0841573824742
0.194358866361
0.473643725564
0.118174712611
1.0
0.0647647341938
1.0
0.128461719191
0.108303186749
0.209192588486
0.241288204638
0.103934989169
1.0
0.254690414167
0.262084703411
0.210169434194
0.141128916155
0.171632033488
0.237162187277
0.118949539153
0.723390315418
0.139163922965
0.120556873763
0.237415165818
0.189301426508
0.256428067217
0.790712862027
0.124898061211
0.113623070711
0.11112567215
0.32693757301
0.182272587664
0.156630903875
0.159869804161
0.161941808883
0.12620865385
0.0616766890467
0.153919667445
0.314437481902
0.126808012985
0.0763322482217
0.166667450381
0.119918547031
0.206960311358
0.098465483207
0.0967788099179
0.216150375893
0.0576240670516
0.107174701219
0.792697315054
0.10326218544
0.209760176385
0.209760176385
0.137827361989
0.137827361989
0.700152912088
0.0846722583011
0.0845392334436
0.132666867598
0.457769999782
0.761593297172
0.154781243372
0.10828732839
0.171677069359
0.138905948363
0.412000773532
0.463286821571
0.19496740691
0.841809448113
0.10809242226
0.501457745903
0.181120610665
0.19379987543
0.153880997754
0.11059853519
0.718868402707
0.140692299427
0.077308412522
0.220390849493
0.291935496942
0.211335505395
0.740624097303
0.138678352927
1.0
0.230799927605
0.064077625802
0.0897959085162
0.22942424921
0.266152245406
0.129359167274
0.067030565527
0.404893714829
1.0
0.365518009878
1.0
0.0361446193874
0.746144318531
0.162010905853
0.223313649558
0.115382477938
0.123270528204
1.0
0.115273179932
0.0594868035101
0.335820659429
0.0188469362867
0.180133533204
1.0
0.187153111187
0.279286445154
0.152641835248
0.196676942165
0.120458625224
0.300058444634
0.161288752996
0.11562546723
0.248327088765
0.075734251299
0.0936497692733
0.248291617396
0.164017197311
0.170103004588
1.0
0.30351615134
0.174759936409
0.174759936409
0.178203060994
0.232583242955
0.208488713538
0.137811381377
0.159113194747
0.738872972819
0.198620908915
0.180417200852
0.235497347651
0.272632488891
0.71556952304
0.198276043467
0.234723654792
0.349212447896
0.22132783715
0.349521170852
1.0
0.273363543052
0.126341350142
0.0800073828172
0.124960874861
0.0667620856758
0.0888540825568
0.0772337408566
0.435306794506
1.0
0.216750794531
0.277502439875
0.138846891259
0.193490155728
0.193490155728
0.50632767392
0.182767119411
0.133834848315
0.597745857048
0.823849814117
0.22691670954
0.35212794524
0.240527429775
0.383149736593
0.160576643977
0.448032606713
0.136850711196
0.237231968254
0.0434774558845
0.117105733363
0.328951472242
0.805515544569
0.161016172039
1.0
0.727567937121
0.106728316189
0.138333906204
0.0813927732173
0.163579626772
0.361031463434
0.216041011287
0.144627704249
0.0695141175256
0.341710957906
0.62805482663
0.092301484121
0.0874103992199
0.760040913511
0.118988051162
0.281009230663
0.0879756187261
0.181692080657
0.79822559722
0.301987582485
0.0346998873566
0.133824949387
0.134819638358
0.0792210641538
0.127905536162
0.729631983708
0.245086145024
0.194159550738
0.204999442623
0.0616980714167
0.865894145672
0.167168076753
0.199269344434
0.698910827067
0.280874519196
0.0619018291224
0.145137893337
0.295482247208
0.115268703305
0.63677122522
0.670533354263
0.670533354263
0.465159986743
0.0882518070121
0.470237199181
0.235824567951
0.325918484819
0.113194712136
0.0961488703555
0.182146267397
0.343526888231
0.139667689076
0.262572547327
0.162753019173
0.106628368706
0.60211596216
0.0481984589536
0.0472457345777
0.122952347434
0.168891364941
0.259414694779
0.228684277812
0.140465967278
0.158378340099
0.177713458585
0.16382449613
0.247203688643
0.247203688643
0.447084319995
0.0846397575085
0.139218908972
0.166235453506
0.400328389764
0.161571277251
0.26280531456
0.0577830773413
0.0629173598301
0.150162278884
0.737008421687
0.160478497957
0.327818962858
0.121368329919
0.167068688614
0.214900678583
0.156250139004
0.344541156174
0.113093139022
0.206683104937
0.190574290945
0.231132102412
0.75511316336
0.193335202676
0.104516187544
0.220538088206
0.232187194143
0.19086354615
0.426228340413
0.144056188526
0.730527530513
0.0984626174484
0.146747892363
0.319414079718
0.115337848691
0.0796005460201
0.193358923106
0.127064498079
0.126516775238
0.161362444006
0.384736929281
0.347599259889
0.132528655261
0.15520151447
0.0892865515481
0.790022974294
0.122717999845
0.053368950211
0.149395690503
0.355105469132
0.115501357807
1.0
0.179599281559
0.250297927878
0.0543910481863
0.0894981269842
0.0645062123801
0.105183114853
0.55784198353
0.264300502283
0.280351075422
0.266589325707
0.114116789865
0.162504384131
0.407505463892
0.0925355148331
0.0988300878133
0.117165268034
0.278131802365
0.116902208439
0.147516422733
0.084463282131
0.110558073805
0.0723978279895
0.286633041944
0.224322206426
0.496351823559
0.167092115426
0.234207985378
0.121245548511
0.774835649897
0.181071275128
0.105346363444
0.20507479223
0.130513888398
0.276116392189
0.765880542006
0.10209797378
0.0
0.0
0.651853148981
0.264299910085
0.179364486069
0.702907320775
0.0657231432741
0.209571325183
0.330131876194
0.192621712425
0.136036368753
0.208266707292
0.571204690311
0.112594558092
0.16673942999
0.341621106084
0.208943881159
0.17268657072
0.0716931962295
0.0215259233658
0.27278275782
0.285012591834
0.204195720852
0.119973122573
0.208621032137
0.150608876887
0.164556226394
0.225815622833
0.247549242709
0.168046620266
0.164818284989
0.0616064121625
0.21655277761
0.166197603829
0.212726879216
0.304520643428
0.160089839588
0.120990419722
0.306330722342
0.306491238348
1.0
0.177123005186
0.146685314302
0.100783534688
0.255940841005
0.0883040399913
0.115492054119
0.11070214776
0.701585768162
0.0695780075274
0.3537082453
0.345094153403
0.149021150255
0.177727771029
0.676040122
0.185683786434
0.125635196314
0.156306427809
0.0952978575974
0.157835778528
0.0876815722584
0.282515687516
0.182569528562
0.140356153746
0.172543521818
0.42938260269
0.110492967253
0.27368730042
0.699487764617
0.0900243693296
0.071751034527
0.321886391361
0.102363148695
0.154250453898
0.0710020409655
0.450385604005
0.450385604005
0.143654281228
0.0874488396932
0.13063179932
0.317913806465
0.219950994429
0.731124400272
0.286401770322
0.301507231366
1.0
0.113450160099
0.2493333403
0.429440508472
0.167143217815
0.031645843558
0.0869378318802
0.196690050562
0.135095185357
0.0915202089414
0.116457107727
0.149387467099
0.127013119856
0.0580807587988
0.520231390444
0.175643688427
0.105875972162
0.0590833069907
0.216737510313
0.231691892366
0.628012363483
0.20937871073
0.121945945061
0.150514884927
0.231807198159
0.11376370231
0.197491372336
0.074924034778
0.410927368756
0.190041273402
0.276837670719
0.234723654792
0.1580681344
1.0
0.176033164601
0.139427716566
0.0635683840397
0.200692628046
0.253247538149
0.182863601444
0.267465667267
0.789221292212
0.088001754615
0.249583544727
0.56103810472
0.216619973886
0.181847586174
0.187389711287
0.796574132995
0.112916353558
0.0920419416282
0.151925392339
0.650082544839
0.844526939262
0.129014753672
0.168147601164
0.293999214338
0.208087474958
0.121244208744
0.133894390582
0.0798375198786
0.0176953808187
0.10820535787
0.131464936401
0.139934079746
0.194925377305
0.0996515932446
0.244696036765
0.228962047754
0.273363543052
1.0
0.323394227622
0.144158129413
0.790838149027
0.137653107547
0.220520222445
1.0
0.161921063429
0.178163507082
0.20531791479
0.779308496883
0.14292902261
0.0852958287106
0.22278119868
0.252329116077
0.346925540673
0.817528794483
0.13090873682
0.241998020628
0.200090170461
0.391568201014
0.174135971306
0.0897053936617
0.061844105577
0.267869702402
0.173301414861
0.435230308543
0.38355859844
0.373808391377
0.634860597949
0.149933825932
0.669925561955
0.488396176715
0.157388471643
0.0647656095859
0.385181085287
0.062797684509
0.125830994504
0.100845530708
0.0635598130695
0.156264789741
0.219359611454
0.282960233733
0.723546895978
0.103815912817
0.34325992734
0.185811079688
0.309140766135
0.173782319903
0.148257638323
0.107692375061
0.239490227791
0.688809501175
0.0924647127558
0.176984360228
0.138861980262
1.0
0.268858363401
0.212693179035
0.100713638812
0.355411025506
0.212740020625
0.767741175739
0.115905013829
0.0982667257358
0.0779027572078
0.224350489887
0.271644881477
0.260478174897
0.0
0.584104486157
0.162281333021
0.670905245946
0.0883387415563
0.119054772619
0.657204137017
0.0802545862267
0.820415718024
0.226698319458
0.708981424948
0.215482991974
0.131757087763
0.152486437945
0.23844754438
0.225736624997
0.184010634885
0.133026445758
0.158119305131
0.120096853645
0.200686619103
0.0670071060371
0.116600609837
0.108796586596
0.250833803258
0.175699070414
0.11314541664
0.16306405741
0.173444969454
0.201286893644
0.313891738534
0.511978150186
0.233214267976
0.274306480369
0.365107039729
0.302541288892
0.119737628722
0.15411496342
0.135255317951
0.252434792878
0.337242301159
0.0750829695189
0.195751215188
0.0995390241645
0.204761318717
0.149316050411
0.546181195767
0.133863148765
0.215290391569
0.150016222868
0.435679615934
0.290106947075
0.651241711464
0.110914996173
0.213479773224
0.10409408432
0.746279744648
0.422035840068
0.0736310172863
0.0778418036809
0.25710535185
0.294466691576
0.352307776935
0.276717884317
0.74020793509
0.404695695217
0.0856919440004
0.230149824316
0.288594451018
0.337499436295
0.385962493712
0.0621338622125
0.720373976716
0.482629751718
0.170375287809
0.293727536534
0.104423185409
0.301174022313
0.112935004932
0.148378958411
0.612375749149
0.157272788919
0.158120468479
0.0830589939167
0.0663419985778
0.233812899672
0.293653595988
0.172291838792
0.172504601995
0.222353927188
0.750022255009
0.221916594697
0.221916594697
0.0531922925866
0.39373022626
0.241226153588
0.200198364538
0.446560344743
0.470827420833
0.0528833342345
0.117116003512
0.500234927339
0.706944138923
0.105663391874
0.147543364219
0.122321854002
0.129031689169
0.167424639124
0.112099803473
0.109303786025
0.300253582584
0.182819426251
0.202898553218
0.202898553218
0.173688604648
0.742910341213
0.776833902556
0.715017390444
0.0986476075718
0.144249084651
0.12013223533
0.398761797055
0.212191164421
0.291648796673
1.0
0.166653594056
0.149499916168
0.240730311014
0.149171554415
0.322503790952
0.114600573706
0.194207281827
0.657386911453
0.110875044893
0.565385943577
0.106809346272
0.118952297053
0.512101766853
0.123130355088
0.132226773002
0.684979706682
0.234511042792
0.121901762567
0.145916886295
0.157694535879
0.122285185291
0.571179052927
0.167104959816
0.166659540402
0.744005173382
0.164151571141
0.107350043495
0.0985238012183
0.161183429701
0.604372500185
0.305144919381
0.12837656035
0.0752300730234
0.144539951729
0.154620649581
0.169438284083
0.13802757994
0.110530496087
0.148451690209
0.242361722019
0.369864572259
0.226830687942
0.174053667438
0.567442859691
0.233966341394
0.238577241566
0.0699895265054
0.696914540083
0.0967060383334
0.133526246379
0.121595631742
0.213238099602
0.518774248281
0.0420849449299
0.233713154828
0.211374809616
0.0892993938814
0.183030169983
0.277948334492
0.346438730492
0.230436838874
0.0859531880518
0.348273027925
0.143067275733
0.247644121446
0.207709248581
0.155947010423
0.119254630462
0.100151758459
0.75561372006
0.302825138209
0.339539746162
0.146621328736
0.145074527069
0.083542620622
0.266200004933
0.76574550588
0.0
0.00255479798925
0.718706487537
0.17360783887
0.354429932785
0.127105443106
0.204282462603
0.11020450648
0.306936162445
0.234919938367
0.0767735628881
1.0
0.299389227986
0.150008209815
0.265845400379
0.620549959255
0.111506938932
0.242075735279
0.781682482019
0.506137536571
0.211662318346
0.176083392703
0.0347522205661
0.0699088966792
0.199650522205
0.0256490325916
0.0855300729178
0.286718798268
0.324064136012
0.142892836953
0.0543980193632
0.0987490364572
0.192253737864
0.0321747337671
0.123717703706
0.133862308392
1.0
0.0967341420737
0.175074890203
0.384496718013
0.107323011915
0.77412778079
0.169503992421
1.0
0.152649049366
0.103506114242
0.73350299289
0.127038834414
0.114692683933
0.270346644607
0.406785846972
0.147755881186
0.189921889532
0.158622620756
1.0
0.30783900948
0.343295532687
0.0774672361286
0.171984547806
0.187929266579
0.0794577394517
0.300376800803
0.266403867987
0.125537041171
0.064548254857
0.156968531529
0.0943823272006
1.0
0.106801341878
0.689769944565
0.349867301815
0.131491741586
0.175279045202
0.301465606389
0.473924140793
0.813014144438
0.230578817094
0.521253379323
0.460714158938
0.494179947592
0.21670540038
0.163482427937
0.486418263184
0.195846353601
0.194810280813
0.118785230655
0.0883824362515
0.180004336986
0.149376455142
0.440055633953
0.440055633953
0.265406832996
0.0988805031973
0.0850574135377
0.795596641929
0.102170447349
0.120171921882
0.200340910193
0.110679225527
0.614994124753
0.329947127217
0.116829988959
0.198548281539
0.48806192069
0.137217727959
0.245477171287
0.106392416854
0.220753897043
0.482750222578
0.833343790363
0.174022773849
0.382169069022
0.223602247309
0.152688413006
0.682767202424
0.189601366177
0.112446297601
0.275359566848
1.0
0.356150389516
0.0501209670082
0.150557044156
0.580613884583
0.147666352373
0.146993014419
0.368008137157
0.215587151023
0.0277898665971
0.0156021293863
0.235508970858
0.0677158451517
0.719254517231
1.0
0.401459189728
0.313686580635
0.0691243732111
0.103701096206
0.0525666432143
0.194325295293
0.240460726438
0.118626238151
1.0
0.213011571567
0.0673909644191
0.122343516806
0.0559526310895
1.0
1.0
0.180413372
0.093355492232
1.0
0.129993483164
0.107709459844
0.108103870492
0.577342442708
0.219931098871
0.161617821151
0.100862712832
0.199040876049
0.246998388863
0.245111577087
0.150390171989
0.150390171989
0.770650143547
1.0
0.102068086296
0.151018857547
0.0719439116416
0.561302316509
0.11577525307
0.279544521284
0.392400937005
0.0390419767636
0.337099491496
0.237072135239
0.553660442396
0.145632853723
0.140118879277
0.136760516358
0.540489600752
0.120822283405
0.0977554424993
0.586058655063
0.170424374341
0.113277989676
0.156156674225
0.670310070657
0.103642434825
0.150750299196
0.208595754843
0.153643189913
0.112358090199
0.590229778966
0.189806720994
0.157182510538
0.200702674273
0.170911469878
0.78169600586
0.231935333713
0.350805215386
0.168691959193
0.205779653599
0.072038927099
0.093838089645
0.249484296577
0.085103610805
0.0860862185079
0.251511622598
0.232636882891
0.142995441113
0.759751279278
0.123378251044
0.115993305255
0.231187841222
0.565497790567
0.265135148818
0.0711418614798
0.151771148051
0.241700877212
0.183772085332
0.0919522850846
0.130293733969
0.0804872382145
0.473707666797
0.374572533164
0.196676942165
0.12987457726
0.1813997922
0.208244420566
0.249028692494
0.107550087535
0.667073387383
0.190357507441
0.314487875685
0.639379312063
0.231409760835
0.124672795686
0.111199506509
0.110163659984
0.105435241195
0.21030154726
0.279897354945
0.0309160614385
0.125657206536
0.0736155547603
0.315588083494
0.770268999496
0.171140009191
0.105100762772
0.696688914201
0.303437510778
0.124733660026
0.246373400801
0.811909537744
0.129881072653
0.765259314683
0.452256553747
0.21164730492
0.130760752306
0.111719933033
0.0607683405249
0.131112988007
0.175652998595
0.0883232905163
0.122348705759
0.129569083053
0.234158309226
0.202930386812
0.644216355982
0.15717531206
0.218017762717
0.215877438569
0.643897567583
0.137223588567
0.142972478949
0.00258657038982
0.141623108955
0.125161396199
0.2646480302
0.216321547042
0.239479127464
0.118352187263
0.31488549365
0.786911920678
0.100919058886
0.152758375765
0.205509282227
0.108732700681
0.130918561537
0.204147568391
0.076849935685
0.0826400653235
0.20826347801
0.0740389920407
0.78552317654
0.469452460603
0.469452460603
0.237516271722
0.129023176588
0.169242326161
0.165642026158
0.274343890632
0.109411903099
0.201854824584
0.195848266461
0.253675737171
0.104329566694
0.17581317594
0.194116506528
0.178724591784
0.0880227541996
0.275995528352
0.139407700825
0.103710874716
0.364667850115
0.110054686728
0.614100339244
0.237561167153
0.110867307238
0.0427453485922
0.248350232244
0.235503119134
0.195051123347
0.151241293554
0.136055033195
0.114741549657
0.131525457851
0.0957421327355
0.767970471823
0.120340648343
0.203569745751
0.201777821866
0.0948032490637
0.0957305953576
0.155210806059
0.248050253266
0.201684778664
0.144258364501
0.621541718011
0.139696335221
0.0381139711346
0.0980370653484
0.165617270033
0.137789516167
0.575292393868
0.147498584732
0.148532522882
0.141199059362
0.0636555073074
0.725913457122
0.46435565431
0.83944128306
0.315546122349
0.209564840651
0.211418755246
0.763377919115
0.325939853489
0.215481487489
0.117432979815
0.209477921935
0.157520311668
0.150656383505
0.0973539860385
0.148059527407
0.0648823173645
0.284136909349
0.225565028185
0.0521877974507
0.696515730145
0.548296826915
0.453555004135
0.556044146913
0.194804916641
0.142695172417
0.182754910882
0.178488123589
0.218042732415
0.0817894337797
0.285841378859
0.170777907312
0.133887974515
0.251005630126
0.731978275468
0.177891409968
0.140895830654
0.711347028698
0.306989262858
0.265956217014
0.238292535886
0.237822417443
0.723484269215
0.130567845771
0.0768783742858
0.265363461095
0.0721654842675
0.0985487105582
0.0751054192543
1.0
0.0769858341497
0.166709070352
0.237737694683
0.387484036888
0.778526402807
0.0667877585379
0.427600184642
0.129037941518
0.20700369134
0.13335930687
0.233064022966
0.180787448665
0.0843054397927
0.785678046175
0.150973338505
0.206439074243
0.258313958467
0.187634605234
1.0
0.20325948259
0.512405802039
0.242372593548
0.242372593548
0.104322329473
0.35503562399
0.246068851857
0.546171248625
0.139916030015
0.343012940377
0.446793361342
0.197788043767
0.182231474222
0.204570353658
0.103280535345
0.183758919336
0.197483623324
0.667757113935
0.135720818348
0.233473854945
0.291326510362
0.13765085731
0.146680571664
0.114383590193
0.158740342226
0.315970204056
0.367462924742
1.0
1.0
0.325554468215
0.347992280082
0.174766654939
0.15734760562
0.707431870914
0.211057815749
0.192436043511
0.167005372901
0.128740593433
0.202717130116
0.0724605414566
0.105218452022
1.0
0.31597025394
0.207989555721
0.192723770099
0.0836956351478
0.132813299844
0.0928850481055
0.550411930738
0.225257876762
0.125875110008
0.127784109507
0.127784109507
0.114854755845
0.104170966559
0.0534447228185
0.0961482358379
0.84087515842
0.16535108444
0.171443083373
0.162591554125
0.162591554125
0.762196663759
0.205163172378
0.647425425585
0.115659357007
0.0669889513698
0.261612221253
0.777878177696
0.196250781402
0.208117016151
0.215599076371
0.10086760727
0.37511452452
0.111298260765
0.0836112429576
0.167738193933
0.167155728663
0.895487921108
0.0670326000641
0.16125884949
0.550622267621
0.084897035358
0.18455982873
0.207794880806
0.688153296784
0.138523704031
0.215665884185
0.195249321278
0.17027990869
0.208329609571
0.0675283749674
0.131818391499
0.669119563324
0.110727280226
0.179080172171
0.188654695951
0.0994580115416
0.18907912983
0.749571089443
0.257546396589
0.207834956095
0.440814187516
0.697095953707
0.127938453708
0.101082607606
0.115569619838
1.0
0.159375251072
0.229818674192
1.0
0.0837904174557
0.191753518234
0.199118453791
0.261108311732
0.398174843466
0.164643339092
0.0793438839882
0.412435383611
0.268562442068
0.48850434407
0.330402845842
0.189403403351
0.32391368792
0.182271730838
0.167672174293
0.135845075278
0.148602344128
0.241359068047
0.42938260269
0.10324792013
0.447023376606
1.0
0.115833260923
0.282943495006
0.121418367468
0.68746089653
0.076967909859
0.255567714873
0.128556445664
0.275555132976
0.281172242968
0.155229991502
0.0964221706901
0.308331357062
0.399362228489
0.155599897607
0.149387467099
0.0783012580627
0.361287267699
0.313206295767
0.220537981744
0.386581095072
0.19628592488
0.775882745764
0.285749091028
0.0128697423999
1.0
0.168336705945
0.281549057288
0.134372458103
0.883488702629
0.235891297526
0.307895517381
0.170541811182
0.186991317206
0.219519068294
0.31709878802
0.334711623516
0.37638618523
0.452119042176
0.399189835482
0.150751059672
0.266984648762
0.614007897807
0.135438807933
0.151553291076
0.0831626969534
0.160381214309
0.0732243506568
1.0
0.410354743424
0.243686050544
0.0469964376742
0.107214613514
0.102606466917
0.111055389598
0.142047144978
0.724282564589
0.0778766397887
0.16911688476
0.231818319098
1.0
0.0750913205445
0.127430727373
0.126990132294
0.206938441378
0.109362157881
0.197051990142
0.243905471526
0.239034073024
0.144580465883
0.120707030706
0.10584715587
0.0681251292489
0.0541737969938
0.644622370893
0.2251305711
0.052145553418
0.104296235052
0.261512562706
0.0270312042229
0.15029890674
0.0622295050253
0.0544107885897
0.0579971738361
0.0167284904905
0.103593645241
0.215294964379
0.0565282712193
0.0861145657307
0.134466500656
0.0458449033329
0.0808382579603
0.100826585814
0.0796254883602
0.11448949534
0.105097203966
0.0691562308385
0.127462647196
0.172024135116
0.109532245864
0.140091645629
0.121897998466
0.111852458236
0.113480971153
0.0733776566569
0.0400378886077
0.0359044577338
0.185704922141
0.115813769312
0.100785835987
0.0458688033478
0.0485207188061
0.0955172954645
0.0142083725746
0.0551905284242
0.0600602135123
0.242101036353
0.0101008071982
0.0775127747943
0.128601648703
0.110772656078
0.104147393724
0.043997749678
0.0539998629984
0.073027763486
0.0250748464347
0.0320717186212
0.0849473029301
0.0883134998185
0.119249254144
0.109329313132
0.00416471130754
0.0958141103481
0.108191863772
0.0605968390131
0.268120332958
0.095454028436
0.0763580049856
0.118229100274
0.0778748971992
0.126357242001
0.0352499948918
0.0476052339196
0.0918123151325
0.0650801388698
0.0348642865976
0.0897267951297
0.146978880538
0.176034607665
0.0698985253789
0.134542011082
0.0511846143229
0.111231368101
0.0279759276632
0.0519036434994
0.0503556124136
0.145007265105
0.035359360375
0.0821269505645
0.0841034216966
0.0772931925753
0.112464362004
0.0846798158472
0.0427440370892
0.0799017359268
0.0943940834209
0.0113603799247
0.109579977446
0.0667887374598
0.00527364284872
0.0271875455236
0.0959773993356
0.120986027868
0.107204843436
0.0949302141111
0.0867790290636
0.140716248417
0.0634082362536
0.0132846643875
0.0262224786033
0.145843636122
0.157461369124
0.115829977131
0.126099261365
0.0566439451827
0.0728114581476
0.0293778054012
0.00856584557862
-0.0147999538558
0.0830668243417
0.0877909394024
0.101090433186
0.112391684947
0.128225463533
0.0923803000574
0.0972485171795
0.0812513912379
0.097673919308
0.0165527303917
0.151615820913
0.0792215064371
0.162169849031
0.0825764544743
0.12318719536
0.103420802946
0.0623698171609
0.0992501619934
0.0874948093712
0.050911588119
0.0996132642465
0.0543774358678
0.103711169536
0.0376067061863
0.0724099090345
0.138464738807
0.0563507664398
-0.00973400597946
0.0923164474425
0.145484042549
0.0464115695162
0.135210085559
0.120690927316
0.0959488176994
0.221147021602
0.0518273814962
0.0954010115066
0.110968755819
0.117114179983
0.129086875688
0.04801184023
0.0779363778182
0.142520067684
0.120094517594
0.111509672114
0.0450147425486
0.0753149895519
0.367355169173
0.352209266728
0.253805320156
