0.0
0.0
0.0
0.0
0.0
0.0
0.0
0.0
0.0
0.0
0.0
0.0
0.0
0.0
0.0
0.0
0.0
0.394348389609
1.0
0.45716816719
1.0
0.338598403099
0.0
0.483139089935
1.0
0.565054022296
1.0
0.301504004716
0.181598194653
1.0
0.369216383905
0.333916970005
0.457668730391
0.448084195613
0.412899006798
0.399234314113
0.267333633219
0.333557163031
0.57010019621
0.19229408583
1.0
0.379486332639
0.69575880147
0.320878049817
0.462282555287
0.336682693975
0.275397515169
0.380484633306
0.480911304911
0.339708756745
0.653933663809
0.204824367216
0.25419002897
0.250700690385
0.700781046215
0.337483050321
0.446587361889
0.393304615263
0.429376419346
0.269082823107
0.606388481596
0.436080993158
1.0
0.310232877925
0.498650518624
0.329437483003
0.607720894009
0.442328301064
1.0
0.40877352739
0.281862102278
0.329642720985
0.154468804291
0.0
0.297136796003
1.0
0.481178284474
0.269560298853
0.273457360597
0.126197727418
0.234162487179
0.0
0.46221821583
1.0
1.0
0.220745555795
0.64590207646
0.308396272009
0.321822697748
0.491842487055
1.0
0.287760693518
0.116917355766
0.321300532608
0.303927048415
0.363735659431
0.0
0.473313761158
0.257275673387
1.0
0.254106828493
0.280285070852
0.501587838209
0.232559063367
0.165897557492
0.608532767157
1.0
0.666890069786
0.353129123519
0.0
0.201866976479
0.622881967405
0.581532493711
0.561058621345
0.413755381183
0.240765872094
0.43060407216
0.0605330413599
0.512473213406
0.400162427421
0.401369314581
0.280684939652
0.578711843457
0.234463427774
0.718470123631
0.607592646348
0.0
0.256883220307
1.0
0.211303667234
0.281403933264
0.510732972473
0.334892739332
0.303522842339
0.287246967115
0.507929624023
0.268289817262
0.698009077717
0.238155408086
0.420280775322
0.2751764089
0.239995320061
1.0
0.662528850253
0.382742501826
0.303663821126
0.125193580508
0.429097622328
0.615500198769
0.39002399887
0.4821261677
0.409807578109
0.425657132153
0.395397317317
1.0
0.386368879899
0.296144740383
1.0
0.164225852929
0.348868280379
0.208945524742
0.399840511184
0.517821996313
0.377004299395
0.394713822323
0.2058858523
0.300693446438
1.0
0.0
0.14225820581
0.0
0.378646849752
0.312236283766
0.233278567314
0.629238868721
0.274258280096
0.322699983128
0.324557465291
0.51487832461
0.449376569747
0.407365980693
0.249920753064
0.412463645854
0.317531642949
0.35635572241
0.133335844418
0.234427181676
0.447101338866
0.394034904727
0.691088575902
0.185581550363
0.31644375317
0.480767725675
0.560222597107
0.22664272982
0.523855645953
0.256279520823
0.285599169676
0.368503722818
0.589768499555
0.322641127032
0.378650162457
0.545380227905
1.0
0.201495498736
0.133158939959
1.0
0.0
1.0
0.465768809692
0.503388357781
0.426956284628
0.537221145096
0.259898790474
0.433365277461
1.0
0.327881153724
0.357770654511
0.394724448086
0.245939657278
0.156690575621
0.840670353306
1.0
0.393861931151
0.239139834335
0.338794733883
0.452099791743
0.431807532161
1.0
0.304980694402
0.0
0.406752222173
0.626009732058
0.249227825812
0.396855750537
0.441922697454
0.87420880828
1.0
0.0
0.352789899473
0.0
0.38776285466
0.617550202275
0.415404472288
0.344945003058
0.349331184754
0.287530019091
0.540331597445
0.210873191651
0.00816517012455
0.322833998938
0.27417274385
0.283868811128
0.164673953972
0.283305007514
0.378205231574
0.45750004713
0.303623133956
0.470277054061
0.670023092643
0.272049227246
0.539295614132
0.220951730497
0.326661069154
0.580767774438
0.26411072629
0.258380533985
0.258380533985
0.285968436882
1.0
0.433620000952
0.274244477424
0.427273529741
0.0
0.508526845718
0.328072784715
1.0
0.286347985998
0.206165214174
0.391025521225
1.0
0.320788718185
0.501918176242
0.0
0.54171654044
0.0
0.594605676362
0.0
0.559336882329
0.116124558575
1.0
0.282791311252
0.0
0.478050760318
0.371216207466
0.518225668652
0.477009363495
0.428519940264
0.252276451822
0.263668500903
0.357289208311
0.34781237959
0.279286709005
0.350677231052
0.596983221277
0.362003003341
0.475331271888
0.133990570081
0.225165347394
0.4629324353
0.0666766318095
0.481490571389
0.384982223744
0.152600754857
0.408016644834
0.438381289585
0.0
0.605994558402
0.439124941119
0.614315374774
0.382450383643
0.115845152917
0.0
0.20126317499
1.0
0.460857331288
0.191957088123
0.293305992829
0.336183070657
0.120876584773
0.557735834612
0.26040057252
0.326235594914
0.139336450882
1.0
0.43815615206
0.313578812131
0.16675750205
0.558987622073
0.264262032626
0.142880323664
0.260353625089
0.342722299967
0.443563539389
0.449518720389
0.286092714612
0.224466404247
0.572743659916
0.0
0.326475681508
0.326090727597
0.486722019242
1.0
0.468077121899
1.0
0.18885324836
0.37945920219
0.285209943218
0.195457894711
0.23546618497
0.307079391684
0.325804532905
0.502880316335
1.0
0.182188441908
0.382582570899
0.387028794433
0.101490693641
0.35389007501
0.327461026418
0.335284783792
1.0
0.272382236631
0.292434176323
0.521715622925
0.0
0.361950144436
0.473655268874
0.312536449007
0.889351583711
0.489071952403
0.495203699288
0.868739421757
0.56948313976
0.389553137435
0.321984389169
0.524724168092
1.0
0.314496733561
0.375014758039
0.258240912864
0.225463533335
0.43763562807
0.307437304391
0.477239014382
0.397638518821
0.399833485926
0.324001252244
0.617386666242
0.370326192131
0.489659522704
0.258453833003
0.487062844123
0.115910211724
0.423229687312
0.404773274221
0.0631474254843
0.213335625136
0.393948931174
0.205160340255
0.329206840137
0.211770876672
0.173570607212
0.265662659431
0.472019571683
0.346044901879
0.450747327356
0.371550173936
0.198950368225
0.415870392168
0.353592831126
0.215875422551
0.29872759155
0.335450690318
0.377641109306
0.255254720043
0.203891308211
0.385108716915
0.0
0.331921762422
0.0
0.570620799874
0.215299997225
0.188905648073
0.448884977229
0.563240550995
0.0
0.51013095201
0.342290557298
0.340159389013
0.36148578241
0.126109800161
1.0
0.35312152412
0.378246569333
0.63782013999
0.360496914302
0.285446552265
0.245797855664
0.113269847206
0.461633894129
0.295642418285
0.577029960969
0.530790978242
0.54238427283
0.620183045392
0.753161572606
0.246363112507
0.261274595295
0.519026774529
0.0
1.0
0.236614929019
1.0
0.402963576578
0.0
0.0
0.441985015093
0.188878876899
1.0
0.284943097246
0.378368873852
0.268012222207
0.0
0.265367191303
0.380175111714
0.210521195974
1.0
0.467555657078
0.334720862662
0.808972540813
0.269729219748
0.303610947777
0.584859109496
0.333011400516
0.371811881618
0.218253052772
0.642954145588
0.369643755399
0.362779596951
0.186363897966
0.193865897681
0.241268310086
0.0850996359211
0.415092534934
0.605890015981
0.244544026729
0.137911547399
0.279309801858
0.338227113984
0.690537253755
0.13141887452
0.239747206901
0.414803048597
0.329766937906
0.261275722267
1.0
0.135973248984
0.389538115846
0.386929050753
0.275996413292
0.275996413292
1.0
0.157408029312
0.184557079545
0.47739953926
0.882434617589
1.0
0.328446467239
0.428520232846
0.0
0.220777034392
0.574757877547
0.685482705984
0.313237160901
0.767596396163
0.204998066922
0.480452652042
0.22903599477
0.324239177306
0.391717446413
0.268722106956
0.527663089273
0.302680044197
0.203182682209
0.0
0.619349923242
0.535014128145
1.0
0.328432927391
1.0
0.28796282237
0.330677399003
0.265732343825
0.318190269401
0.33695320415
0.454003749382
0.0978921990956
0.422609596224
1.0
0.389544616514
1.0
0.165504187809
0.507175045962
0.0
0.416882642056
0.295062821615
0.388181420442
1.0
0.191468312914
0.134129133322
0.80197904884
0.0547906609904
0.250094846664
1.0
0.369753925392
0.411669349562
0.189828081005
0.301134915631
0.162043047933
0.352647656209
0.329524511965
0.503942861391
0.328950880636
0.235743122793
0.0
0.273496313937
0.251259999074
0.259814146549
1.0
0.601368239307
0.359769401308
0.359769401308
0.315337154975
0.378262590194
0.328026499198
0.18673259933
0.300921530674
1.0
0.325286667946
0.301608011707
0.486340377998
0.661334759097
1.0
0.357912851779
0.332256005216
0.637989797718
0.483342979302
0.458632008886
1.0
0.476191553255
0.128347994233
0.149266183383
0.305007121999
0.200273615023
0.18426208348
0.278921873822
0.527969189332
1.0
0.267388470251
0.324609750272
0.529426355775
0.392762717743
0.392762717743
1.0
0.330545813551
0.276171702774
0.633064151437
1.0
0.436540071153
0.379713829064
0.421002242653
0.535683389956
0.279910197105
0.636175649301
0.355474736079
0.324159856828
0.205107891401
0.328733988107
0.330003436392
1.0
0.520729750488
1.0
0.509264226516
0.338543323039
0.517867668421
0.21585797757
0.259675566501
0.438346985615
0.425029762552
0.43905389824
0.166083068376
0.49801046644
0.516201600527
0.225284122103
0.223659317304
1.0
0.297617555219
0.381186495506
0.261028163429
0.372306414931
1.0
0.526791324299
0.247962188373
0.451463226427
0.354518686111
0.230797815971
0.450351353238
1.0
0.650249804461
0.401679055825
0.365981814591
0.229036973243
0.740194458905
0.281322988793
0.396314580121
1.0
0.454694443437
0.134031672389
0.270544724156
0.507959763731
0.159036114676
0.641136678382
0.711493055478
0.711493055478
0.494687199284
0.295279242641
0.779415225839
0.832327966901
0.421627370383
0.148185304208
0.176755752555
0.515602334971
0.424640316168
0.310560695159
0.484961024858
0.22935799288
0.283156236789
1.0
0.290850091672
0.0
0.476298251668
0.316906417937
0.286714625665
0.313058584491
0.358585651898
0.277722868046
0.238229550788
0.264365022311
0.377528480388
0.299685271383
0.272626918279
-0.0133657712213
0.496218829761
0.214052179458
0.485249124432
0.234754075316
0.798207790423
0.204177176758
0.0
0.28243321013
1.0
0.371555734995
0.655824838667
0.221564253737
0.282855452399
0.390515973619
0.234515815674
0.533926910182
0.401314174784
0.376613431124
0.440302603974
0.367915196796
1.0
0.339607404697
0.247279072734
0.354892712289
0.357894667876
0.383707324907
0.478007968809
0.153364541483
1.0
0.321919487537
0.305603901451
0.471101686541
0.166359581648
0.360301198122
0.535349300673
0.29588327035
0.207266032531
0.21239057943
0.449671858716
0.606036637119
0.268828265181
0.275807472566
0.27534871794
0.599751449034
0.175408738983
0.112298131897
0.340372514966
0.586306428032
0.279077307925
1.0
0.547658912347
0.329282807852
0.0896298884488
0.19687709374
0.135878187096
0.411909604249
1.0
0.510098776786
0.380249831236
0.291690119003
0.200988318763
0.258779505166
0.453321092995
0.369201399348
0.251606009257
0.342627523708
0.553942646474
0.19316146084
0.348328239455
0.323704896296
0.188825518521
0.0
0.0
0.182007064499
0.614109717778
0.459566078179
0.451620064633
0.3568374011
0.669911360951
0.365225776819
0.180614295931
0.252099167591
0.241754802116
0.341080115895
1.0
0.359250030066
0.0
0.0
0.0
0.444271101066
0.417607317705
1.0
0.279541163517
0.313267368132
0.763779705212
0.31780683946
0.267814044984
0.587547484825
0.0
0.155036491918
0.414863204966
0.370745094854
0.424730407675
0.327271655591
0.303328959647
0.170045604721
0.418989003348
0.39094300986
0.319769122316
0.227756672659
0.528909029134
0.384308119761
0.176640107948
0.353229914193
0.476310598561
0.305069318188
0.387731759767
0.176411206732
0.27400550074
0.313733709779
0.38461147573
0.417152866326
0.217414591586
0.266454030299
0.604063834537
0.455202869551
1.0
0.377680590933
0.218928024342
0.219978500518
0.3056273909
0.0959462454288
0.117196636548
0.152602668153
0.428343816309
0.215012192846
0.415268780637
0.386160504801
0.383075526392
0.339102317471
0.458685529729
0.0
0.0
0.368817297949
0.242630058851
0.432813154669
0.183155776573
0.343350523943
0.316863605072
0.226640402363
0.44713977006
0.611198281451
0.445685235133
0.0
1.0
0.284156453197
0.123343891222
0.0
0.38776285466
0.375562294047
0.24539023449
0.701932711913
0.701932711913
0.325027633477
0.13772817364
0.366508888674
0.500720601514
0.469131044377
1.0
0.426387079148
0.516735463973
1.0
0.280008737712
0.540893644797
0.477387187347
0.626398710662
0.313729405239
0.213707655151
0.511781622357
0.422018170793
0.242379739251
0.193966896347
0.187041780933
0.23188170449
0.0608468169001
0.545434532309
0.314564530489
0.38414350203
0.424809262472
0.577443472507
0.554539869328
1.0
0.436040095964
0.482230656041
0.0
0.381468892357
0.167722194735
0.348531704917
0.354606866387
0.437052426068
0.258899135704
0.515431440521
0.332256005216
0.305803466292
1.0
0.363616107181
0.290998687351
0.237115257553
0.523805634287
0.572262490331
0.297772422078
0.558610391054
1.0
0.269341313823
0.497699244298
0.633838418475
0.394994419577
0.384408838781
0.662334387184
1.0
0.238480546231
0.22923762308
0.427812570195
0.436774571955
0.737755301377
0.257335440958
0.309252810156
0.50395418936
0.329422029231
0.237401223417
0.395241581304
0.156119944331
0.00830999025844
0.351068285703
0.458134360543
0.234277875138
0.329340144884
0.114934015176
0.329977753506
0.40240762878
0.403315561297
1.0
0.0
0.0
1.0
0.315201132594
0.443411803886
1.0
0.0
0.236230802272
0.353946948124
1.0
0.0
0.284609412019
0.0
0.603551644042
0.659646612123
1.0
0.236698538307
0.345204614935
0.362669478821
0.0
0.366458949932
0.0
0.135396419882
0.3306594637
0.0
0.526938628628
0.51996877347
0.684539649986
0.834913254527
0.328596066151
1.0
0.519348800446
0.163422792577
0.0
0.697152546382
0.127177702205
0.204924617581
0.287896881353
0.116343188921
0.299914406943
0.299789157654
0.358618154695
0.521475138303
0.195721507582
0.368438567127
0.215626681135
0.508744350362
0.46536691787
0.199188616483
0.398511867273
0.463973057064
1.0
0.188527200966
0.204341103887
0.176822791259
1.0
0.377108793662
0.274175646112
0.138719343643
0.492202517781
0.562151368697
0.597400508917
0.310067424761
0.0
0.170678132231
0.398525865239
0.423004149682
0.0
0.0
0.891905134354
0.333701078873
0.691958214338
0.314788995878
0.154445750767
0.719728860246
0.219593512736
1.0
0.355540702179
1.0
0.29739026575
0.307215877012
0.260635037492
0.496127016465
0.169256695804
0.421236771857
0.245132365366
0.229720020839
0.218898261941
0.228422711763
0.24727769508
0.271651095116
0.156117672561
0.22242725377
0.442501897974
0.412560648485
0.293467505113
0.529703134599
0.302623367482
0.413755381183
0.647031230307
0.263486808633
0.301526220155
0.431753231942
0.337670683177
0.174748173638
0.249632056714
0.216826050163
0.328204660742
0.391981931637
0.217586269144
0.302497644174
0.167868411807
0.233961439379
0.158066235299
0.803392189954
0.239470906849
0.366051839159
0.19745508011
0.578492141793
0.345174454254
0.626475192301
0.14785851689
0.497340297953
0.400508466414
0.571229588958
0.596390720926
0.113922804237
0.166153661743
0.343441437453
0.484055314002
0.582512088495
0.5850218149
1.0
0.658494161802
0.216181692112
0.266609335329
0.371091831025
0.47346751959
0.445529092871
0.186548230846
1.0
0.594883934187
0.281101049563
0.359066912085
0.203778841746
0.513416568083
0.426939811759
0.340971606353
0.320896332567
0.182693893149
0.119990623889
0.135050098306
0.127744107196
0.285256070972
0.371359880568
0.289716524409
0.0
0.328455791556
1.0
0.451046052712
0.451046052712
0.291609969209
0.452892309416
0.428438771651
0.34931808274
0.590911187355
0.589451112928
0.156106646729
0.446350857978
0.417747952436
1.0
0.0
0.356303187655
0.35902902589
0.279935076582
0.375250048036
0.174605446739
0.204472257832
0.484028394041
0.358928327332
0.427195715761
0.427195715761
0.243862541072
1.0
1.0
1.0
0.306392629236
0.0
0.157314109899
0.447599306316
0.242788936112
0.405180308249
1.0
0.437354556658
0.319924637555
0.513921223124
0.242093798483
0.378300805051
0.537037060522
0.450582369935
0.407930717605
0.291265089238
1.0
0.205294561526
0.312182839523
0.383677467803
0.298277043442
0.284197318699
1.0
0.435006308632
0.201232621664
0.444932137821
0.370676333736
0.251835058026
0.654393616229
0.367849377318
0.307665498088
1.0
0.379913901969
0.270014293644
0.276228576332
0.343147416432
0.732391951539
0.488888091304
0.293526497904
0.176838305045
0.257743891212
0.381890205464
0.268642628841
0.452772456948
0.325747624268
0.251008327097
0.32197327987
0.430083327839
0.48077455829
0.27828578831
0.669231997342
0.350132343677
0.507349178332
0.368471297672
0.502617345281
0.33737613103
0.576582650343
0.347899638234
0.415826989956
0.454632474366
0.274042782377
0.579525748915
0.413935278214
0.435293957117
0.251275203689
0.506080136236
0.437660665926
0.396907179698
0.119377985171
0.388591701161
0.268101339949
0.45594052038
0.348857789284
0.212299767209
0.407426977224
0.397759385827
1.0
0.412531283882
0.386088484086
0.320763416595
0.481838160062
0.337807245442
0.388394014354
0.599869484866
0.0
0.115794182325
1.0
0.350466990038
0.444565776602
0.389997706631
0.46414680716
0.356183457257
0.371382763496
0.355052877543
0.199818970018
1.0
0.518704096978
0.216963756535
0.329244480276
0.336068739135
0.181186160338
0.520871899745
0.641567099332
0.528063788111
0.288877624879
0.0
0.0845596575629
0.153499503965
0.336825492412
0.16394838062
0.144695656577
0.398445866304
0.448908566536
0.278342279003
0.169019095486
0.245377738664
0.241442574242
0.192900558333
0.286574656721
0.254714013954
1.0
0.256342159402
0.503713919582
0.824578215391
0.132423992095
1.0
0.20509458002
1.0
0.169493580475
0.198741068591
1.0
0.411640421353
0.187640438555
0.478404051207
0.702331181748
0.297079135836
0.250862531211
0.371833641611
1.0
0.377175642161
0.419201487546
0.123382546983
0.24690205244
0.345398639744
0.0448762091469
0.466705526483
0.458792148031
0.247104875599
0.341350963004
0.360564033265
0.307622640009
1.0
0.194782053641
0.48215088291
0.438344405178
0.261694753399
0.462195532747
0.504257639614
0.604997705323
0.620403268027
0.361093154826
0.541422171084
0.525066446565
0.641498935537
0.258030379757
0.185190230364
0.51216847624
0.258092469205
0.37916972649
0.172716154015
0.175192126532
0.250461151962
0.308964234844
0.493231726045
0.493231726045
0.531427323534
0.243102084323
0.108025623419
1.0
0.0
0.252190064937
0.231701440184
0.167900376496
0.665653864895
0.0
0.160141815905
0.574022901803
0.642220262197
0.401592013091
0.360910501819
0.576444199086
0.556927191274
0.814975600877
1.0
0.36662072984
0.595807011435
0.498670927324
0.400023936991
1.0
0.38170409314
0.198512482992
0.444069864182
1.0
0.425171402578
0.174936921564
0.390170484383
1.0
0.375853112399
0.235101527401
0.446660951496
0.297892547611
0.410751360266
0.0
0.305986964519
0.168643367581
0.46919479381
1.0
0.48563682916
0.643410860566
0.149238266119
0.270027465497
0.0879533145531
0.279287371717
0.550206179303
0.572557562533
1.0
0.433317465278
0.146534140763
0.283159265388
0.187816988887
1.0
1.0
0.35011947298
0.138099140466
1.0
0.241806305289
0.271481733749
0.320238329544
0.479417653412
0.448690295579
0.807453742167
0.186761542131
0.315854945968
0.445247781866
0.409088312824
0.461330605137
0.461330605137
1.0
1.0
0.222462237548
0.349963803817
0.13737436796
1.0
0.33769736446
0.434356525198
0.50158578028
0.187982288184
0.48310149319
0.411254067562
1.0
0.550152495725
0.406368704454
0.0
1.0
0.233292235223
0.415476234588
1.0
0.358270959184
0.383526388276
0.542303262465
1.0
0.200492462537
0.327639487384
0.335046635199
0.350324380214
0.462925320534
1.0
0.346557617902
0.261918883374
0.758904157834
0.461984902302
1.0
0.370054045205
0.350598877995
0.236420395006
0.0
0.0933576246835
0.212978308028
0.0
0.320745767393
0.270896658268
0.482203689825
0.43199664306
0.349796990022
1.0
0.274119412424
0.315083108138
0.2627802699
0.626939400853
0.316889657231
0.164776442345
0.170265870021
0.35409583494
0.622881967405
0.346332443075
0.369370116538
0.068883285077
1.0
0.434654865217
0.301134915631
0.250449241599
0.336443761047
0.510610615456
0.553390827972
0.179891217101
1.0
0.487299608648
0.528610789073
1.0
0.327769263756
0.259867277054
0.143995285474
0.0
0.19674060865
0.325212401205
0.425325406395
0.187204361913
0.28490880952
0.313897332194
0.444428186947
0.544241668276
0.134766027333
0.282951628892
1.0
0.307670044633
0.384292330984
0.460556926059
1.0
0.0
0.533563846967
0.382661837268
0.266039422791
0.357362605719
0.211303667234
0.286385621386
0.0
0.420742784635
0.206505063319
0.374108728296
0.272994042963
0.381430439816
0.503667233307
0.692939794489
0.297175612951
0.359351922953
0.307498711503
1.0
0.287430257322
0.351580423382
0.0444880960703
0.354713557439
0.312158352769
0.321922017758
0.33183519925
0.314587490041
0.192655902537
0.40691115839
1.0
0.193517581039
0.202251166854
0.569270983656
0.235971331825
0.173420684311
0.305112079812
0.243261397664
0.19546781074
0.445361967186
0.0785409525867
1.0
0.0
0.0
0.5520986134
0.248839596548
0.367638672542
0.428876856128
0.416816424377
0.171454088784
0.291826140118
0.531622201069
0.428711944728
0.249591362684
0.565273777744
0.538804300006
0.326196100797
0.323013694469
0.432519514019
0.267599428182
0.173112620799
0.391249333226
0.209234800611
1.0
0.0
0.495578483782
0.0631404273194
0.338836386694
0.282911233479
0.286494791613
0.256418408568
0.472318963599
0.229657064076
0.341382038521
0.200001794224
1.0
0.314711737521
0.0
0.68914426539
0.350854789353
0.325989340905
0.222099263369
0.400097902151
0.0
0.458140056843
0.667876923723
0.303844171504
0.20478323948
0.26984349841
0.214332935898
0.33234968501
1.0
0.26974853278
0.261046820193
0.241858871327
0.222629699484
1.0
0.787300454399
1.0
0.60943871419
0.42274594251
0.314425412912
0.581791134182
0.443782168297
0.486024013846
0.363002845678
0.31341092143
0.287837783402
0.306365728331
0.291134107046
0.317879970487
0.248740871399
0.530825019803
0.317293238078
0.198307382287
1.0
1.0
0.612046133879
0.608532767157
0.370443761423
0.172475943979
0.327366786213
0.335072555061
0.477765246004
0.0
0.620770957936
0.432569730991
0.417110860772
0.392370751134
0.520909513616
0.326988475842
0.263311835333
0.499917421676
0.413921445345
0.44092949093
0.379880987613
0.547303304967
1.0
0.260658881659
0.205734900268
0.316063441068
0.0
0.245692225585
0.339991504728
1.0
0.230565202257
0.385845386992
0.55529532481
0.709879363309
0.660763778711
0.156089985678
0.580306847344
0.314755909697
0.340509672906
0.154922738624
0.289377770608
0.393254266374
0.200530007927
0.651025200096
0.217631384707
0.547576953289
0.481553561673
0.430059888691
1.0
0.479344557602
0.55082407891
0.323995590936
0.300395248529
0.18673097233
0.517673093994
0.366211788909
0.595222791769
0.229349341726
0.471917771932
0.59631573338
0.508636924933
0.0
0.0
0.174384623503
0.248765859271
0.417407468351
1.0
0.225828546904
0.307721802726
0.547951864113
0.25611522712
0.320079304635
0.193666447444
0.311447562739
0.526977550807
0.538228462477
1.0
1.0
0.63929754105
0.570664124085
0.369314361735
0.583046195786
1.0
0.312914417696
0.209915009434
0.277358829442
0.237730243559
0.318771394309
0.116047493491
0.157694775513
1.0
0.360587350046
0.437850045099
0.483874175949
0.436250324
0.449517921349
0.42649741244
0.533693858782
0.525472363974
0.363085758885
0.256570774061
0.256570774061
0.176760501457
0.42273567901
0.310093335334
0.0799306321748
1.0
0.251959790708
0.344833830882
0.252128892327
0.252128892327
1.0
0.517439220653
1.0
0.28578860408
0.278038683634
0.440678677007
0.521675549859
0.248138913125
0.31133712949
0.366871335021
0.166283816797
0.602920940902
0.316778198697
0.210365174217
0.208123139383
0.423911844546
1.0
0.277687727048
0.371796086551
1.0
0.187161791132
0.296622609203
0.45858831707
0.52651887138
0.302486167921
0.325746466161
0.695026220006
0.35695803494
0.480439904127
0.128664456643
0.522003161674
0.581131569306
0.31141999145
0.454145928708
0.521268733789
0.420670234007
0.373613411806
0.570622143822
0.399596573268
0.451249885123
0.0
0.440555970783
0.360810590796
0.22649004999
0.410989471928
1.0
0.264460702115
0.439929201135
1.0
0.206992922047
0.323429867978
0.277186769516
0.391213409937
0.56936855138
0.283333644322
0.123749397924
0.642274606044
0.727597320887
0.524678805848
0.553781854153
0.199011447944
0.619502993233
0.447780880281
0.35842054754
0.441622075576
0.347341861669
0.366931518496
0.611198281451
0.135233732687
0.0
0.0
0.22969184736
0.404123505531
0.206283082069
0.777777471956
0.0
0.620782097115
0.250172300723
0.581914060127
0.383221422396
0.279165821817
0.0
0.321976406738
0.507490938272
0.299205483731
0.187041780933
0.264345293729
0.553240467842
0.395807424909
0.441990130343
0.545059828008
0.25601654472
0.6271545424
0.394414058773
0.0794222285149
1.0
0.204683890816
0.515297218063
0.255329693155
1.0
0.377899196927
0.405529432812
0.266448435533
0.295412664524
0.268803838748
0.513011850906
0.51357979968
0.0
0.705667024824
0.549210764391
0.314670238053
0.356821615065
0.607936310972
0.345090108688
0.208369473002
0.053187430391
0.268029307568
0.0
1.0
0.572528327993
0.703558294041
0.103944765406
0.192353041188
0.184576388447
0.169001933177
0.431008054597
1.0
0.0
0.32147447823
0.373822095115
0.0
0.154561267366
0.329465644537
0.182298637621
0.553969417111
0.169136246216
0.32738237586
0.487951563598
0.606989539387
0.47825422771
0.10871048399
0.343312477756
0.303126304603
0.361504622951
1.0
0.309023201577
0.122149740392
0.283046991717
0.348549394356
0.125091702093
0.24160638031
0.179267659303
0.0704814093221
0.0939744889694
0.0687221904141
0.120238084171
0.0
0.180979403325
0.0
0.208192119975
0.215912145173
0.19963580747
0.122016647189
0.194072133039
0.178833765507
0.228150148195
0.115274953025
0.13965151381
0.367666758767
0.110385525648
0.266648924488
0.290070713716
0.265983267963
0.206244361162
0.066948435405
0.0197868504717
0.0
0.323050678862
0.320750002873
0.178584705316
0.182673876811
0.0910245965578
0.171107101227
0.06173736883
-0.00745326413588
0.209814855502
0.375263237468
0.12035091688
0.193959534964
0.187074463134
0.108568255776
0.306020448851
0.0937687393567
0.103037800896
0.164574740556
0.0
0.00591389364219
0.22192249263
0.15466401184
0.263980502884
0.3033659759
0.0384340776985
0.139047788343
0.227738226985
0.191510063767
0.463897444789
0.22949381618
0.244655143901
0.29137612019
0.203466969844
0.105150204632
0.104224138042
0.0843267624752
0.265737005026
0.156278998929
0.124799657175
0.227811518958
0.0
0.297227302238
0.240229044096
0.27592363589
0.192270141051
0.142349564637
0.068873197058
0.219787013594
0.0
0.200423192895
0.155432743124
0.148047536606
0.114761213619
0.155941031724
0.195954577399
0.172848926794
0.178192853418
0.121485249527
0.0
0.190739694644
0.255900652339
0.199436692922
0.06211546469
0.072349850618
0.154209689058
0.181259256108
0.0
0.132052828124
0.161175756138
0.310534029022
0.210832931781
0.0855035304981
0.129453877302
0.228151427132
0.294057857961
0.303578288331
0.210060342441
0.124436711317
0.252314209512
0.0931515959444
0.123225531651
0.128088481822
0.180862248618
0.153495712426
0.273218303128
0.242073126424
0.0
0.190313881182
0.14368947499
0.218238030755
0.145226869242
0.133563901862
0.221277926162
0.127130672128
0.347202716987
0.112697624878
0.123630448986
0.165596328618
0.0892979207482
0.114714987613
0.170688407413
0.214532512422
0.192894937173
0.0
0.103171505632
0.10786287723
0.191160073255
0.376423233481
0.128026784978
-0.00472441141072
0.123774193685
0.115728082491
0.0906396940037
0.230799919664
0.415788468156
0.168990425365
0.285683672643
0.117093924988
0.166072534631
0.161447416664
0.0
0.186469271237
0.0656542997093
0.0
0.0
0.323913796971
0.227714629186
0.200099531406
0.116594787813
0.0
0.0
0.0
