0.236382199821
0.261865951919
1.0
0.404323076406
0.424702785551
0.483824226353
0.367654668005
0.321271571828
0.277060597065
0.607215057061
0.389481122967
0.39160377095
0.407361319472
0.302680734997
0.511553775266
0.112480744517
0.277422364839
-0.00686776651945
0.351164533398
0.385853352399
0.48520395616
0.0250806985912
0.109079893563
0.0948122914216
0.111099801175
0.194747806122
-0.0778942740958
-0.0933385646776
0.257223480812
0.246610962165
0.363101588605
0.629290533186
-0.0163061918454
-0.0405106447892
0.505050972163
0.136154209037
0.30609045417
0.539027728243
0.489687664846
0.0597893122756
0.152840594288
0.301775564134
0.658435766163
0.614324052339
0.465821768925
0.276989523742
0.366695787883
0.301789002006
0.100631719202
0.29636653119
0.326136800318
0.250009091939
0.147671023556
0.318823733568
0.187833226781
0.639904789903
0.122422496401
0.0552088332678
0.394348178135
0.40307856095
0.214833945234
0.151865760436
0.275759903466
0.579005862739
0.523508197994
0.210180112614
0.479051927623
0.413820250688
0.636840695611
0.572595852095
0.436216082418
0.0932597579001
0.351900753549
0.560575820221
0.455700420188
0.337794939806
0.269776238415
0.181150233337
0.318376333326
0.335656995642
-0.11663732821
0.392883879612
0.110062354039
-0.0228085982539
0.274060118238
-0.00374700021512
0.171633665492
0.132261199742
0.151937204363
0.159065476089
0.242462120481
0.212062746382
0.131420548916
0.149295110812
-0.0433843775243
0.0335113503385
0.38256728739
0.629290533186
0.225160481449
0.321692423513
0.218086055786
0.0375512901307
0.246610962165
0.266764958258
0.0284372119439
0.10260450277
-0.0276959288099
0.197202138121
0.198064049553
0.136055798274
0.127863269835
0.146830413023
-0.00739756196535
0.075672465311
0.250610781571
0.542751876858
0.144746619884
-0.0871833897595
0.132465443601
0.158226409354
0.0629580788754
0.264325902261
0.112934571257
0.201907283253
0.561665148569
0.345510212376
0.497741672483
0.182772891051
0.184965231351
0.44895893936
0.297116651472
0.406716475612
0.247090241521
0.166941717583
0.242658820085
0.0598538598312
0.0307553717864
0.419031314633
-0.0537426221892
-0.0531122094021
0.245354862152
0.152498204759
0.0676680088975
-0.0984834442458
-0.044188524302
-0.0198882141419
-0.134368508958
0.195950214521
-0.0209408765673
-0.0934754165709
0.0894019492878
0.149675293733
0.272128087826
0.0908741691219
0.396158325899
0.168708668613
0.328465059072
0.182504358747
0.241568919841
0.478261937458
0.168944713553
0.133299714194
0.115836619681
0.230675476902
0.23081706626
0.319251449759
0.11761593708
0.406681885993
0.152782285173
0.274823950958
0.633508771511
0.0388276455598
0.134168323333
0.276718229874
0.151284276865
0.437624551756
0.247921048004
0.350089663175
0.406848543568
0.151055239196
0.0564905560528
0.195157037645
0.185258671436
0.201619534212
0.264156676276
-0.0576647390822
-0.0244979271898
0.313320226952
0.132731079094
0.13297834161
0.144885979593
0.365821684107
0.18245992692
0.352423712725
0.201438312722
0.29287574054
0.157242129855
0.213957235043
0.122492944327
0.102904481882
0.267930392535
0.322242726029
0.0152373004086
-0.00406651813697
0.457768793672
0.316210523238
0.0560613302116
0.354393569382
0.0805515658567
0.656259771419
0.0167700090285
0.0725797820058
0.267045182617
0.0703108142038
0.268590121354
0.0940029530232
0.195328849365
0.448493937824
0.115300305919
0.17622079635
0.115645753975
-0.0762870499416
0.219205336676
0.133142198818
0.215481725735
0.215922719464
0.315055842872
-0.066419411265
0.183414298603
0.356637306745
0.209035820257
0.240386045592
0.189649112846
0.244852603608
0.324016610286
0.152350974917
0.460022195954
0.206139814387
0.385471414664
0.338233282591
0.305375352422
0.266508129125
0.179702943327
0.11847002082
0.0343008115784
0.555034858998
0.21554412157
-0.0536227123232
0.0646502940957
0.3447242856
0.294347953261
0.00312921462122
0.47053487067
0.0727181579211
0.0619704003734
0.317745214949
0.202399551673
0.610621562919
0.434806436744
0.437889632622
0.305491083204
0.0283744429822
0.261767375894
0.0186785009979
0.340697196373
0.525293313004
0.155433821354
0.35547735028
0.179544160613
0.657214381376
0.395099219612
0.152631957805
0.135003339226
0.232790075222
0.428851115479
0.021732785505
0.100731384532
0.444577082277
0.204932796821
0.21575851397
0.317156571862
0.288095508537
0.193414190316
0.148571858233
0.259291902056
0.181208004108
0.452843862555
0.457153305778
0.181719875079
0.282737313899
0.158248989577
0.278390136314
0.231837661034
0.239141576225
0.267364444627
0.139011329893
0.673822693656
0.341560890337
0.00489536918372
0.373676202577
0.206870718231
-0.198340584077
0.266832608605
0.401964695631
0.411800124955
0.0953290583416
0.742139943865
0.0630719576607
0.501497394182
0.137197010493
0.0639061864669
0.219082524085
0.0980398585428
0.017482854067
0.39575042037
0.283325651282
0.198986405951
-0.104438051865
0.250179094921
0.232132259048
0.322969420539
0.477546742659
0.455562518615
0.271377714224
0.0925041686287
-0.00931324875264
-0.0280403730563
0.300132220095
0.068651150315
0.377147880806
0.0459272973986
0.243120477638
0.178899174093
0.10293286395
0.170679818493
0.0554684260632
0.462485267516
0.628846202714
0.188419480458
0.174653089026
0.185357522307
0.287947227408
0.368052464181
0.176513066932
0.1295685093
0.0303199628907
0.204330353853
0.251096434025
0.0751501866226
0.368424451016
0.0998129315038
0.318609145605
0.20746132034
