0.282265281097
0.306975246221
1.0
0.447994863155
0.501165138124
0.521156488328
0.420691458256
0.374353612109
0.294434699599
0.683669685741
0.461914804662
0.402859949964
0.588085444988
0.470590421238
0.617844004271
0.14470006006
0.303012977302
-0.01596943251
0.377598885772
0.410109563132
0.582288203119
0.0534194758637
0.126529190734
0.118924692973
0.119479583388
0.24224109468
-0.0669759561049
-0.061632157197
0.254174579983
0.302115735171
0.414348251402
0.691623498107
-0.0210258568459
0.0563784006341
0.610579227413
0.250088946374
0.368933082606
0.623135601657
0.596914209783
0.0538084371094
0.169539029445
0.388553628097
0.726333284969
0.679992585243
0.539350211673
0.382077003342
0.454655462872
0.348171978784
0.136039918678
0.329717743509
0.415319351912
0.355505143851
0.171287170077
0.395996429299
0.246256520495
0.731523682098
0.114851428813
0.0819405999354
0.506142243196
0.579480984188
0.238212910164
0.138847081156
0.317016090423
0.651556184152
0.601873839397
0.234395685522
0.513150580683
0.554263153325
0.704018001189
0.642257424923
0.484858165133
0.123933886892
0.477040262383
0.662743222657
0.55803559298
0.365170560829
0.32983686148
0.241716767556
0.352528066469
0.39352873972
-0.145426648227
0.456630956642
0.108195112315
-0.0261533296274
0.359926011981
-0.0483115766169
0.225088120283
0.157423565433
0.181207092641
0.16843959184
0.266455557238
0.276567647283
0.175517158298
0.165951920804
-0.0476342186471
0.0851057852984
0.410967406335
0.691623498107
0.267196088469
0.352316909784
0.243301499143
0.029781180499
0.302115735171
0.333582064402
0.0415212101213
0.184208114434
-0.0117640698298
0.272519084559
0.260991000385
0.185047096442
0.181438527107
0.200029384779
0.00738880492107
0.0687350295852
0.331044072266
0.647310853997
0.154026522886
-0.0896461877921
0.167468185959
0.168808252419
0.0778442012992
0.339109788228
0.132498933212
0.207943683886
0.614355370862
0.402678201947
0.577504684025
0.189704740736
0.248031409063
0.48007801824
0.339689159307
0.476279489867
0.269929037021
0.185843569221
0.289384922903
0.0722476085041
-0.000950308865982
0.486526570784
-0.0284205146064
-0.0578871247465
0.309852473997
0.246059660246
0.0643748773571
-0.0984562462887
-0.045690704364
-0.0213078544161
-0.146467198865
0.221700314631
-0.0315045074659
-0.105619162839
0.0974423205366
0.184359145616
0.345240589429
0.119939236661
0.428655052889
0.165616342127
0.384083438092
0.214430676527
0.314903998566
0.529589504429
0.209042293326
0.163795804132
0.141264157864
0.27290598564
0.256556546893
0.359628627558
0.186741943535
0.505300967336
0.180786927872
0.334649430721
0.723387607602
0.061964832878
0.170865631251
0.304104245899
0.189036496245
0.488581375447
0.29283633331
0.424728577193
0.465285465216
0.158532676232
0.108113449274
0.217510101334
0.25975306173
0.241316401532
0.299404706056
-0.100720122169
-0.0243386507321
0.367805382284
0.171359754802
0.146586246937
0.162262639424
0.404496116397
0.225649095522
0.431693271255
0.252289729636
0.357490931194
0.204555487414
0.269883671036
0.154726782934
0.0951160434267
0.291090246128
0.364557202909
0.0267956504805
0.0057867806868
0.516288916682
0.356229035812
0.0641292964225
0.379230691338
0.0905167523206
0.773254346609
9.49111872502e-05
0.14806864401
0.343590984805
0.0845645040078
0.329610023512
0.108586079035
0.214450126667
0.491801829111
0.140107025326
0.218100943245
0.131662622625
-0.0465719928208
0.256697463366
0.147110880274
0.233402045851
0.276910106718
0.372429035569
-0.0736417990416
0.23200907783
0.444335754717
0.226843328387
0.281571735903
0.202832719924
0.252386615447
0.363502517827
0.189441328933
0.476897172294
0.222386810234
0.465865672256
0.447351286044
0.333690909892
0.3105716331
0.230045174477
0.133993443717
0.0859338534583
0.631471666116
0.259026136344
-0.0560996099618
0.0763182758854
0.360954966398
0.450176032728
0.0161681546023
0.543809701063
0.0670242617053
0.0744961363244
0.394322336689
0.213852691534
0.662076919587
0.477744758923
0.509512211588
0.354116399084
0.0571139219351
0.307113979334
0.0546707424361
0.398799331392
0.612877422729
0.185628706454
0.413585678716
0.194248782336
0.714854216625
0.407933274243
0.194837972629
0.184323508213
0.283453663407
0.454446477067
0.0221643667516
0.0922789938095
0.527063338345
0.24453580101
0.26667795656
0.338253273558
0.380883654238
0.266931011532
0.208970162206
0.299362228813
0.239025700936
0.500107089706
0.585455110645
0.256620829796
0.36205866484
0.203732198607
0.31804921459
0.259080675138
0.299615593316
0.345811917711
0.17907118051
0.752605875135
0.409746977038
0.0126334179502
0.457592296526
0.238433427697
-0.228221398384
0.339087120216
0.446941141578
0.461189145647
0.0573511610259
0.806845628665
0.0865393618113
0.603373408252
0.29927799987
0.102196769781
0.220222718239
0.0854747742882
0.0596717914403
0.44890155284
0.302071387577
0.237485851038
-0.0886756283173
0.255596801118
0.261776941902
0.373914862208
0.552642654366
0.527978840846
0.285765732003
0.0946096911385
-0.024582717222
-0.0293457047711
0.289935750662
0.105314258077
0.396983160223
0.0462984628655
0.244177124597
0.185689034998
0.092265136707
0.198060382328
0.0748017938458
0.526886442086
0.699285108025
0.202704435798
0.247272583783
0.254739441366
0.352846220725
0.420175027346
0.179542809185
0.126845137555
0.0274979662401
0.248527644458
0.342204788218
0.0815083708325
0.438729104986
0.125546060866
0.385875593396
0.233484468623
