0.252692920046
0.299358353548
1.0
0.427722276325
0.481667258687
0.506672694963
0.402237064706
0.365872435691
0.291261793793
0.660942989148
0.420708304667
0.392003386235
0.508267139471
0.379930475588
0.580464910405
0.125773639132
0.301686053777
-0.00510089443308
0.397012664855
0.395892472136
0.528039483004
0.019930096882
0.108443799819
0.0818687395399
0.120610779256
0.222022276507
-0.0702779180163
-0.0868519234996
0.270548758916
0.267288617114
0.407030630534
0.660198304155
-0.00997028926077
-0.00316257916171
0.575722843871
0.184898784362
0.339930770227
0.587336869738
0.561844818314
0.0659957518927
0.17965237538
0.359430822052
0.714656480814
0.665187466809
0.512056536353
0.341883010643
0.426093487095
0.356783137049
0.1151920456
0.312296090792
0.365576791778
0.300830467591
0.15438044239
0.364899240141
0.22123119647
0.685759466933
0.115637156072
0.0669685211637
0.480351248586
0.498383840304
0.233419639096
0.174433883494
0.302591074707
0.634220967621
0.554504130145
0.226604255606
0.504463147619
0.505760133152
0.672654478804
0.62578876243
0.464679855052
0.115527836561
0.439187801986
0.623219514468
0.528556294972
0.355488692827
0.312825215078
0.217030037392
0.335054996704
0.376105544244
-0.128778089163
0.436180198115
0.118785372088
-0.0209591782824
0.317551611017
-0.0237073518088
0.190892076441
0.150828619528
0.17638991246
0.17754848422
0.259175588656
0.244998989748
0.147936828125
0.163810528251
-0.0789582303003
0.0569599816726
0.403782239903
0.660198304155
0.243142966152
0.347786830126
0.228220589531
0.0266999244893
0.267288617114
0.29238508593
0.0194732011009
0.149661549854
-0.0224363963046
0.245292025149
0.230953764327
0.164610131567
0.126787257484
0.166973129519
0.00127417296833
0.0471190020541
0.30030501246
0.608449234963
0.161704753211
-0.0948075182482
0.164898248164
0.180629917074
0.070702813526
0.28989003507
0.118875521605
0.214289544826
0.594451654504
0.3865849283
0.554422441413
0.19311225928
0.226855678379
0.475707743912
0.323949963696
0.445099651761
0.264559712312
0.179336857664
0.274596860317
0.0695242654152
0.017993298725
0.46769101761
-0.0550806961994
-0.0536127669763
0.292763092245
0.192012410878
0.0866924553486
-0.0946944224088
-0.0403543882223
-0.0223676641456
-0.142120747394
0.224400931431
-0.0255832408515
-0.102870885169
0.103179269635
0.180854108588
0.298278986536
0.110002219696
0.413595663412
0.178615111544
0.344656075865
0.197455840754
0.276470269961
0.506960935483
0.178938640933
0.135684769795
0.13591834518
0.230238964555
0.260138577221
0.329235604537
0.139467955334
0.47214013115
0.17626596248
0.287402178646
0.689476617238
0.0497459096137
0.158553450298
0.302168132089
0.179543138957
0.461604887461
0.263704795258
0.378270573643
0.434688273487
0.145972729402
0.0891156998531
0.218421986848
0.211267805986
0.223023078604
0.288945200829
-0.0595055813977
-0.0288773152346
0.338459677338
0.153205856385
0.131731210352
0.157408786127
0.379922455798
0.210125984271
0.397689771644
0.217253454167
0.32076018203
0.164033968855
0.254557017195
0.141861603985
0.111166294925
0.280728354855
0.347677027195
0.0247073954737
0.00546116756761
0.492067446957
0.330534073314
0.0761072581052
0.371980535987
0.0742320560037
0.753701330283
0.00682706366669
0.106243660099
0.324085517236
0.0765886756864
0.295886534681
0.104680354962
0.217947383503
0.47150087011
0.125539199167
0.185959017392
0.126601089847
-0.0730051296742
0.263673177846
0.146534502625
0.21917941243
0.248966826854
0.346126838156
-0.0799649958184
0.200403326252
0.408291936619
0.212595157446
0.269532338907
0.196408801048
0.253808015013
0.348358664153
0.165505237175
0.484140774921
0.227590549435
0.448501836473
0.409796758001
0.319623653639
0.287235594326
0.203977507318
0.119180222629
0.0709966802289
0.607811167861
0.222764432795
-0.0570871697887
0.0645810161894
0.35007545919
0.375607764699
0.0127870502842
0.520553865886
0.0773571136721
0.0677019891067
0.358832632292
0.218416726917
0.646070740602
0.46393192071
0.483524557358
0.336248839178
0.0496215624576
0.285747610178
0.0480639317108
0.378893690499
0.579960220365
0.179203664507
0.391211883173
0.180320597132
0.692728018505
0.404857357529
0.173484361206
0.169569585277
0.267136547646
0.452955913366
0.00776158592918
0.109328536777
0.494404066837
0.228338411047
0.235347723622
0.349027980889
0.353254211187
0.236187006925
0.173872731471
0.283157799024
0.201790791415
0.498789486637
0.535853538666
0.216191534232
0.346933767816
0.155357953552
0.289556879107
0.255348920657
0.260210558444
0.304433302477
0.175477040474
0.72672244001
0.38393480071
0.00461042581712
0.407831382764
0.21776623481
-0.200826325538
0.309038008211
0.425071122004
0.446891409964
0.0804746428766
0.780532307777
0.0809117239803
0.571827749503
0.231849337524
0.0886134890121
0.225446154777
0.0907661571756
0.0452361386444
0.443126969056
0.313190699486
0.220730107683
-0.0867703036502
0.247523810012
0.265827455845
0.36656332529
0.510927812337
0.503458195525
0.271718497326
0.101780916362
-0.0102619778852
-0.0190109193553
0.301295873351
0.0760095467665
0.392115294389
0.0503381912444
0.256644574703
0.194558642649
0.0905500480286
0.183737450147
0.0565268235172
0.512316983475
0.676864400442
0.224436836358
0.207785552899
0.256753006032
0.339383330799
0.405098827087
0.170907706094
0.140034691271
0.0255388216382
0.23097225519
0.31807000986
0.0924012444203
0.410218157977
0.10840565771
0.335118260981
0.228974605873
