0.543352982586
0.643201986758
0.504989482743
0.728672455911
0.40843804585
0.543489576434
0.557359495208
0.755799275399
0.540835488922
0.641634464287
0.58848010172
0.748812758278
0.575632836122
0.458522215114
0.533723552618
0.580671389317
0.616749712299
0.556364204168
0.530629795151
0.405985938349
0.418691434233
0.520613003341
0.569337834723
0.489575436002
0.381138748298
0.67021800593
0.459941622351
0.461808419498
0.463210054567
0.478336181124
0.472754654694
0.738509858148
0.667590223418
0.658220124709
0.503731115341
0.441773430731
0.649804937642
0.522403193762
0.587080688605
0.392506563248
0.435679801069
0.741144991972
0.498088403396
0.589246281662
0.509888361939
0.720343355567
0.457742416979
0.453304183304
0.464227240529
0.699466709898
0.610365951921
0.618340480852
0.590339517715
0.404170335123
0.486371699102
0.870197847617
0.600206758176
0.341736795247
0.51763934438
0.724063851808
0.761025430619
0.447412064075
0.441351430665
0.587240133888
0.560769615097
0.731534019221
0.511959908378
0.274314026045
0.519930982774
0.671910292932
0.584581217126
0.290927672407
0.323076540886
0.575614143385
0.506124097313
0.419904470485
0.683000051328
0.431216803596
0.523217424328
0.52598820112
0.458553823892
0.545846375435
0.392857824784
0.506445423468
0.541615376099
0.682107984699
0.205586215917
0.443461889729
0.494135581259
0.278318271964
0.368311669447
0.658535923349
0.629175365244
0.507362591768
0.288144804582
0.366118049616
0.397564515666
0.688446982673
0.354674248247
0.534498741377
0.335621812104
0.423586739601
0.703917344268
0.314224142816
0.45058741316
0.489466249283
0.392329904761
0.589081580151
0.379476988688
0.461701479017
0.278483352865
0.381021570838
0.516547346111
0.377816218161
0.42152910597
0.493341136702
0.598513762069
0.400617994632
0.39674862996
0.597863903963
0.402340086438
0.405003788913
0.507414218932
0.622639685809
0.477589979857
0.299520993444
0.390853940399
0.497914551836
0.507047009477
0.562414011167
0.648515601601
0.442407559186
0.559843402833
0.746782113325
0.377907566167
0.55006021308
0.425329129656
0.36259843071
0.605722383661
0.381996118943
0.283277751733
0.382850130898
0.484136592107
0.35862238885
0.541251659646
0.475399300048
0.239388686954
0.549451804337
0.389200342344
0.530393394551
0.394953304313
0.366930321406
0.444749673102
0.573239346475
0.255831555516
0.291879134658
0.54850467097
0.528316488758
0.554216033842
0.772947938371
0.525232776884
0.613458004251
0.536094828951
0.51176397332
0.455959030938
0.748065866923
0.484713416777
0.549111011484
0.520251138737
0.485632359479
0.416881868388
0.558265975495
0.354475088025
0.538286589812
0.396871055
0.608184716168
0.44157136358
0.31450398552
0.545118618409
0.727849369904
0.611058495025
0.59241786308
0.468360416059
0.513604935095
0.472700006099
0.328466698032
0.47361825174
0.442728844771
0.49223874057
0.546082497802
0.327864737306
0.250625100206
0.556843467589
0.714451706959
0.678159023465
0.445067310121
0.340486417417
0.490775164298
0.311127421433
0.100923341006
0.725687509244
0.30792445092
0.509023193825
0.337134220024
0.482320479754
0.713265784668
0.64651097842
0.542028096895
0.482881553232
0.458580963679
0.38600196216
0.627972398595
0.413000754277
0.557214297008
0.60886434811
0.312435901823
0.381192703375
0.300298086883
0.567379980358
0.329728640052
0.449894036342
0.41288820071
0.479763248935
0.6306789417
0.549824436016
0.525096172123
0.416507488016
0.412442043555
0.47996905977
0.672643498942
0.30601904867
0.319037516281
0.338671354466
0.525452280771
0.617914892936
0.556123523121
0.58633397253
0.401138003888
0.720679586961
0.513055355102
0.34454547455
0.575937078322
0.303524723065
0.578876155118
0.536065736138
0.313344520902
0.456416099721
0.607136455691
0.521067779397
0.73544095769
0.692332351769
0.299667544529
0.417680051019
0.519963751835
0.592029862994
0.771102869133
0.408573950112
0.615634931033
0.461689109338
0.443607662651
0.533672440248
0.51533791586
0.526821499947
0.584506786027
0.451991108121
0.444894201863
0.20550201213
0.583483496493
0.49827211447
0.312859323791
0.539045362863
0.348391281376
0.477625811263
0.327194848142
0.473744038893
0.407967651664
0.633346413053
0.394829605422
0.469257939257
0.589374927217
0.625230915321
0.51335794679
0.410366461953
0.353902560707
0.628901883101
0.496742639834
0.808267064316
0.419724416867
0.807975091118
0.68668003484
0.557813575132
0.460941345495
0.372206927429
0.404585649142
0.314863508055
0.475769509053
0.602522914591
0.560680763374
0.548975915854
0.29971081961
0.405571454548
0.620432733596
0.561727906403
0.347485067116
0.573983380102
0.56211217377
0.453095219058
0.48020130792
0.562395839026
0.497936135224
0.349042101854
0.423987103311
0.48941534397
0.581849715777
0.468632195119
0.289964571206
0.501685534696
0.530865252399
0.390315079104
0.417101820959
0.443645309457
0.708246201448
0.338900088985
0.374985332059
0.671854782638
0.469070606947
0.497750628451
0.269441966653
0.593145119676
0.48169049702
0.263774811761
0.392075386983
0.618620433666
0.58017492992
0.474500043849
0.459640572019
0.315971194471
0.446040625417
0.549067034961
0.526235621377
0.501351444253
0.67550689438
0.416677732149
0.416615900511
0.461505796292
0.523303714677
0.39508193454
0.280032884786
0.481886495777
0.341682483475
0.382665468714
0.641445528328
0.437652035443
0.376154121848
0.363392498716
0.609441261736
0.49845458463
0.451705726298
0.375739657337
0.449375715469
0.606472938333
0.562276172034
0.395766849189
0.534465428395
0.421967016124
0.555063936472
0.414780533903
0.514771482003
0.592706457795
0.486242839357
0.374026496686
0.489126393114
0.48555403431
0.425097464577
0.476592963344
0.514452555726
0.422089509418
0.289490931022
0.468081660392
0.811060538726
0.633239665575
0.802845281236
0.406856464839
0.435497151953
0.666200305842
0.555217066994
0.361536928601
0.265428355137
0.42417698046
0.384171479836
0.557819795537
0.334059300734
0.472273758142
0.46376716847
0.201171041525
0.514426365304
0.378383672733
0.366955987541
0.305625293778
0.32453152139
0.584128287917
0.461343646201
0.45770548743
0.542084860397
0.204961904604
0.463787728418
0.465926676761
0.597574154268
0.419231326671
0.425695662777
0.4903902513
0.509516294576
0.42891585258
0.471105358771
0.328607942652
0.353803136187
0.495221498138
0.55959684773
0.346226960388
0.455075377735
0.524158679762
0.556443267107
0.451422512438
0.471494908023
0.48180593393
0.416506912344
0.227008750313
0.355923049572
0.799995719666
0.370849050919
0.644465260303
0.509144229432
0.585435600664
0.406495841563
0.391462555601
0.386197607341
0.349974008273
0.434968783999
0.564255509719
0.439679742537
0.555659391252
0.248345142723
0.472436938429
0.483809173632
0.69591120377
0.415660776452
0.374972145365
0.379184115201
0.689189343755
0.560616483298
0.303116990361
0.380916271241
0.519776848375
0.438917256497
0.356683240822
0.426192136852
0.527581668535
0.434972384075
0.41006016922
0.464000961219
0.457985424589
0.371831552074
0.608762780216
0.594492264714
0.468102967705
0.516024148463
0.541817465513
0.413221670875
0.459679816824
0.539748579153
0.256080894992
0.4670251176
0.645520172786
0.54883010809
0.358461460152
0.179122114764
0.665641845464
0.572189546995
0.356421907073
0.690364326794
0.437295846831
0.333770477136
0.286528056724
0.370677268727
0.400766515275
0.320964091088
0.48187434866
0.414156400881
0.534048716679
0.366398298918
0.616087169743
0.454468805253
0.294984969668
0.346364859735
0.577245741352
0.554267766174
0.512411397789
0.34000327042
0.13698135332
0.515428893488
0.376230822304
0.618800735739
0.521032847019
0.565933154683
0.443750167356
0.339401236684
0.333247927769
0.249158325846
0.379850222999
0.430303819165
0.448824011823
0.553272783258
0.428649266106
0.481950881132
0.577376112434
0.380845846534
0.352238961374
0.354786900897
0.480064346335
0.497922889927
0.505321414895
0.529470033499
0.787762702262
0.411208993339
0.405102369907
0.427772974243
0.505663364373
0.2628548248
0.559002521294
0.425595500201
0.23651517303
0.348788707652
0.572030383972
0.621140806345
0.362075863814
0.475406618947
0.642772820503
0.353601979592
0.378084462118
0.530672158829
0.611555965512
0.37727375763
0.482150782302
0.285251480861
0.616494843567
0.517952283619
0.52161391985
0.519788261107
0.352273891816
0.355551425122
0.334669822918
0.720711818916
0.438029144636
0.490461574538
0.356510476801
0.407976400942
0.448501170693
0.284563547643
0.772611617384
0.478148018276
0.53206645581
0.578588723233
0.312684825791
0.381976270917
0.580663608258
0.400857537459
0.42934765448
0.467612097696
0.603861013273
0.27845249798
0.748012826473
0.33424743058
0.602176005029
0.439047161591
0.504310857597
0.592739865801
0.380139768499
0.333896970808
0.440992898804
0.507307736464
0.429855325101
0.497334692364
0.36740283193
0.566697088547
0.671246651814
0.461881198887
0.436307443199
0.452326235439
0.550153819071
0.475729652324
0.385166550135
0.432394700392
0.499240737202
0.424250287926
0.62453149511
0.340924208224
0.51449894796
0.335097396151
0.477791673377
0.287656984918
0.227971065364
0.488381689185
0.753768201283
0.304514088443
0.481357935179
0.639691465304
0.269704449474
0.524481042773
0.351544831522
0.462060958382
0.43062689954
0.20337322888
0.391751019398
0.343392469801
0.69303222137
0.440786294741
0.735933394458
0.50903375739
0.535828308717
0.474498562317
0.242737352398
0.22846240101
0.341875159428
0.428967762787
0.426963265006
0.531924853272
0.461616364458
0.343473604147
0.475779118224
0.564721226901
0.146021024594
0.427515948884
0.698457291751
0.679123956007
0.384212806102
0.505839911771
0.467442921432
0.353872081436
0.526648946778
0.469945489824
0.436637405982
0.455475000717
0.364772023993
0.729172892718
0.35365923862
0.768299748516
0.255503662091
0.408079529105
0.284438774717
0.243696233126
0.316150299622
0.476890036064
0.500056580015
0.432410778228
0.355426834782
0.6266904352
0.589096716216
0.692109000213
0.478152631464
0.295484926368
0.530308494807
0.350338952448
0.396262082705
0.414706798744
0.470120012626
0.434101018729
0.16756363595
0.397638387859
0.458469063441
0.390328359235
0.396974855951
0.561715518151
0.419070696216
0.401197761653
0.564385551774
0.621223943133
0.307506957667
0.298201025372
0.502663266005
0.309477414762
0.315434502947
0.484266136494
0.324029617367
0.434931578442
0.517206252592
0.42059069024
0.610315358003
0.475127201633
0.316367188476
0.427293118717
0.418239308789
0.357231708493
0.555437443777
0.806589312898
0.494112587538
0.471986287802
0.295485429527
0.343353416551
0.285541897546
0.503003246024
0.295912349135
0.743451513864
0.477893887779
0.266278873828
0.412180200924
0.440847005722
0.451837633782
0.441067624532
0.397470702358
0.4613455151
0.284082380753
0.39812908389
0.458006680739
0.734645262775
0.494940119677
0.599102032504
0.411794507586
0.486255111171
0.447900688766
0.613481771718
0.437439680388
0.416823358273
0.442119511791
0.239761166077
0.368747819744
0.528689624741
0.371754218945
0.286841931531
0.485944780807
0.519713484247
0.431626861168
0.540552391685
0.455601875002
0.433699472708
0.360389024789
0.522722575054
0.381660828206
0.548203033623
0.676675711347
0.439150051707
0.364928861022
0.622400741069
0.476974814858
0.638996305011
0.400868356115
0.179369072558
0.341882268468
0.419265188051
0.536921773904
0.377193213885
0.5427425474
0.498825805772
0.4617223521
0.483401970794
0.367575805116
0.474549391302
0.708326279326
0.32632021059
0.267016786311
0.592609814476
0.459940507017
0.315256012107
0.302216079384
0.404663435666
0.36113888991
0.341897841209
0.211328955182
0.431165453859
0.479107935672
0.402018615458
0.468814968853
0.511830855953
0.40312795721
0.419907364649
0.548723517899
0.416974222953
0.532627361154
0.361605553632
0.457551888064
0.409687085041
0.597227521795
0.292210937148
0.299578759145
0.171204929038
0.38335327659
0.460098054175
0.626513432889
0.25622332789
0.42735963825
0.511760089401
0.423772633157
0.32603360798
0.318923781638
0.47072984812
0.36981543073
0.488869370525
0.860500319949
0.557703077037
0.526106226898
0.401722618086
0.311112997372
0.648616196253
0.355992616602
0.418139191301
0.31187449675
0.485571700214
0.386775698708
0.700283332927
0.383419168488
0.246406044534
0.404296583691
0.270989245601
0.505229772666
0.404442511895
0.419880421357
0.277657208065
0.413902696584
0.474217549625
0.381727869509
0.575329654572
0.361759600884
0.490814023938
0.443556537176
0.31945064112
0.628758932253
0.333900257739
0.303951575484
0.349562500845
0.407605913026
0.537536914662
0.491234957114
0.37840818437
0.436680183646
0.363538600506
0.294133994232
0.286669841508
0.450815629378
0.426369551127
0.209548158976
0.358397927987
0.499900340669
0.464072505559
0.568720258751
0.540484495182
0.393223725665
0.325977810422
0.225926476357
0.479423852747
0.501949896008
0.428627739961
0.270759550826
0.387577802623
0.363817959592
0.207951210427
0.550571338656
0.427296270716
0.376358054645
0.580088304444
0.269561057728
0.526502494339
0.554630870978
0.551284789108
0.305317815983
0.305097033643
0.582764047312
0.628969314847
0.482117939754
0.406689755856
0.555950205679
0.552255874079
0.429451416665
0.550995452898
0.511491470878
0.343788890661
0.504541967481
0.375865052649
0.125037241514
0.276455269582
0.302570264634
0.362968083104
0.318386296523
0.455685863708
0.482514081922
0.437527426228
0.382271052744
0.467641780794
0.548071738189
0.344853940833
0.392914341069
0.553530303721
0.405684257103
0.330143364281
0.403430421208
0.432087501622
0.424283650623
0.533975697178
0.574526467223
0.315059781151
0.350039021311
0.603706239519
0.255811821407
0.344235597244
0.329245477782
0.416522787842
0.454561872681
0.463543507117
0.374580931356
0.388329967618
0.508650084641
0.413304678365
0.365972040249
0.488924945786
0.522954160472
0.33586977542
0.47083010057
0.447295197947
0.512818754604
0.261702011649
0.577797244999
0.357190067793
0.465818657994
0.594187867936
0.374447097428
0.419914672225
0.348761062271
0.323442447814
0.151448595642
0.412790934566
0.394110605818
0.354440342303
0.434175015802
0.641254441838
0.729504614184
0.409479836118
0.378412704661
0.437277951342
0.559131991457
0.463456123691
0.503462364815
0.303479409731
0.396792957097
0.278121773751
0.481647675255
0.282149580672
0.31845901587
0.265233129203
0.365916893285
0.354100514214
0.499254242059
0.488231915764
0.3925262742
0.528933890016
0.332357957476
0.318837153865
0.391890104688
0.522215490432
0.401556675534
0.472807092641
0.481619086977
0.483550198631
0.638575455572
0.537308923501
0.495195877244
0.388901346291
0.563830362171
0.458603844623
0.43365768522
0.434880736266
0.354189962543
0.373142979258
0.485710999834
0.287938677519
0.548672951151
0.583470540885
0.413644332472
0.288720951382
0.352494817976
0.333779956206
0.604950966735
0.462494661352
0.414026625396
0.353268550349
0.391008891828
0.373756593039
0.337164632361
0.431900045751
0.32685098074
0.435187609331
0.466979176876
0.441718207863
0.41413607518
0.612946574862
0.371952905622
0.339331355984
0.295498056156
0.288739993032
0.617367975472
0.514271790636
0.267727564512
0.230078124773
0.221385737546
0.301928946184
0.300455567602
0.437467907923
0.456545462445
0.260373712894
0.52991505306
0.372158993182
0.263238009213
0.349943726736
0.31863949948
0.17117681388
0.487323176842
0.506001684773
0.39489656945
0.270877605613
0.666564454849
0.340356845913
0.280003943512
0.384222886809
0.474781452765
0.322289782368
0.290550941758
0.470174185678
0.374665580893
0.413606981114
0.453790988854
0.270512559484
0.324992607105
0.470873514421
0.385361780787
0.478594381661
0.309041167685
0.359894375158
0.341612685154
0.647240739878
0.356400122381
0.541454498838
0.407245031328
0.819886314542
0.443434406276
0.361528950449
0.297265035435
0.322296966111
0.358859367234
0.341010628249
0.677276835491
0.308009407782
0.527403399572
0.277639265841
0.517602992516
0.325451178317
0.159578275408
0.409386536992
0.314503339298
0.253658452634
0.264390876317
0.330246804474
0.274452351485
0.441402688535
0.519735477145
0.413146934301
0.654774957501
0.318300108938
0.379253149227
0.48341683268
0.374341080708
0.378639699726
0.412555194687
0.398160882941
0.496888762793
0.505216322783
0.43966932669
0.437309855576
0.530405975047
0.434379177467
0.225180958834
0.249376931364
0.286745563373
0.254619883452
0.441161521805
0.468197417669
0.536982435329
0.188768266106
0.333085709901
0.370324350261
0.411015277621
0.310934550083
0.455561358182
0.434903276832
0.277868450798
0.213232231745
0.351118417149
0.431631999984
0.308524549305
0.317719831323
0.290791490287
0.255700568712
0.245675626158
0.200467698515
0.381058806759
0.296820794518
0.20877442253
0.297599119118
0.389608188604
0.553008526906
0.514682672284
0.321842292348
0.453508656577
0.479576337223
0.213721750668
0.652465951051
0.19680153964
0.550360759755
0.421620388549
0.469285888686
0.678812368429
0.445222654739
0.458634387629
0.278087302508
0.175558591305
0.443819052999
0.527906096435
0.276779835936
0.389204905038
0.516132508715
0.427648926499
0.372000206582
0.382870467549
0.321444747263
0.214062795531
0.418755923536
0.506149331147
0.363032910845
0.359751211699
0.189193824659
0.297893496875
0.342573926667
0.353907231438
0.474454039514
0.502950629715
0.315173920252
0.464180338503
0.397559284614
0.462486067167
0.392202412079
0.329467044089
0.449633051865
0.241454124874
0.704888810095
0.633868388766
0.502537907281
0.383366782055
0.339673821802
0.308545923538
0.432282785941
0.423564217579
0.365045742447
0.339718506224
0.33594184471
0.457839777354
0.484601219882
0.401147972438
0.310696485403
0.425766772625
0.302761657295
0.428001514628
0.313569234021
0.288878829375
0.301762199332
0.221171087099
0.562117209687
0.431945744164
0.47433190927
0.325693970732
0.51290299894
0.473850421222
0.379932288841
0.299486369079
0.275566229922
0.428157004343
0.475158650673
0.392238101081
0.525423266199
0.403522572082
0.628591514356
0.462350716661
0.332473038524
0.507801460914
0.354736944549
0.296963986042
0.532947873604
0.460386491368
0.240660895122
0.224080836094
0.371112881557
0.34027699306
0.487657676174
0.361496388861
0.34202187187
0.307234474933
0.451742841962
0.367281239496
0.237416348407
0.360138853366
0.155153414304
0.381077102348
0.217998946451
0.356790460375
0.257920160886
0.440888116484
0.664896047517
0.290873061344
0.541266804199
0.431815965989
0.273084257394
0.322007018225
0.392931201663
0.325478637839
0.399253751979
0.262751084923
0.563717230449
0.349431418721
0.424456059722
0.107941779217
0.546157679832
0.114133066073
0.578822000129
0.573938242944
0.291733269325
0.305026231984
0.268500437718
0.708400796994
0.194807625295
0.345275494075
0.365204686909
0.424170840307
0.268726198358
0.456461037754
0.467318296197
0.485406776499
0.357896862342
0.635487029421
0.397569283074
0.444134637552
0.380219385881
0.619207134113
0.324526221202
0.334917633985
0.673539419979
0.294312922443
0.222034396978
0.294686836984
0.382077287283
0.476799300582
0.24846480773
0.486719385737
0.220108890452
0.298131326842
0.252452975857
0.449526946891
0.367875839323
0.231730378552
0.199408733538
0.549090250326
0.485636378184
0.218044935676
0.193782155239
0.460018910585
0.462284546016
0.245746477781
0.272284316275
0.288031534557
0.222736320021
0.389789340869
0.486003390516
0.379639395253
0.344185106241
0.285513799271
0.422758642419
0.578714067141
0.431053326374
0.333206065338
0.377958915349
0.505442448036
0.466291171816
0.167468189666
0.469369008267
0.208636143451
0.294491819595
0.289158844986
0.442010147284
0.458363251424
0.623524812998
0.194875304901
0.388114917915
0.349607124724
0.332525879555
0.432215858993
0.357472740874
0.474941679589
0.419091693702
0.573347042156
0.412636243951
0.458729284018
0.422919974368
0.473658969621
0.397782635944
0.286205815278
0.315066448659
0.322810063165
0.321197091565
0.374744464016
0.414679826107
0.323257881574
0.424053628022
0.436754759659
0.266799120995
0.308544262941
0.326308880306
0.395939524952
0.385954266225
0.484610336007
0.384058844227
0.502402068254
0.378706572858
0.449354336001
0.626944377527
0.425019374731
0.325588951445
0.307128361914
0.469990656553
0.248994365256
0.375896704782
0.340768111068
0.482532225336
0.225245130511
0.363033571975
0.310847149305
0.477350240179
0.372069599677
0.371472581788
0.235663646068
0.357392990432
0.506192508184
0.377087460464
0.280802429835
0.297506789082
0.452550246977
0.349108479437
0.298692244295
0.173910948033
0.493279322804
0.309467083316
0.371637284042
0.38030753376
0.422107612163
0.424902722501
0.313850937407
0.235214461867
0.410194445774
0.341735533286
0.3799287274
0.202013192569
0.508317111347
0.242661500799
0.34726994007
0.262955775795
0.524358731142
0.171576630411
0.470772903573
0.198369062524
0.345800707617
0.322520522911
0.429849158949
0.437453472945
0.324662193149
0.598422375012
0.417648280462
0.103406363085
0.308033099176
0.413055421976
0.180677662208
0.400367227536
0.417591282107
0.309374902646
0.578631164288
0.190811684593
0.413039801661
0.274301109533
0.334149864071
0.439423434639
0.358378834648
0.340436088996
0.281739861905
0.279791044196
0.258050831832
0.497618284873
0.261839447496
0.45789441038
0.331968518871
0.519551974355
0.410731697094
0.294274263207
0.221981623292
0.311897553707
0.278891740781
0.387365304517
0.383579850799
0.543644752656
0.196548421639
0.543831491628
0.468932166692
0.233783013148
0.357721302526
0.348209635026
0.446611010392
0.344077823588
0.122804241826
0.300678089036
0.48018941193
0.258997594537
0.196242257445
0.372669551206
0.270259964081
0.276390274854
0.195013812997
0.247736883748
0.366309376383
0.290875647751
0.322998568974
0.177088722331
0.394408173372
0.354633144392
0.407868523514
0.309384242603
0.300409505682
0.352260150454
0.24920966294
0.3248267547
0.0922353591789
0.241467268703
0.224128038135
0.330429464422
0.127003663049
0.346814669663
0.48779283252
0.39318970146
0.0488081980156
0.380358829745
0.464650377921
0.166292988576
0.518425881338
0.410650917798
0.411344161176
0.32468548921
0.335329980953
0.430059314263
0.232815982021
0.216639768519
0.270017687747
0.178995187069
0.149029957968
0.360170298187
0.230927631745
0.465579233842
0.177251049273
0.356638542881
0.427141880747
0.475598576799
0.309579717171
0.526582724948
0.516075678558
0.308375036218
0.435322853908
0.425818675496
0.23633060802
0.476203713641
0.132714509225
0.345949666737
0.542352685038
0.411029674628
0.52815262811
0.183189317375
0.373255446534
0.283582868507
0.343749713591
0.530265417993
0.317362421895
0.285175034585
0.402986434471
0.207471925461
0.209760761702
0.145948619445
0.322298455619
0.221340708663
0.336806169885
0.260335522582
0.235670398062
0.356320247691
0.153881076995
0.282490881974
0.246492761424
0.381792023133
0.403212923001
0.373363638239
0.406648082665
0.467712310832
0.228455350919
0.587244186108
0.152450416082
0.328119051205
0.405243221827
0.31849755205
0.49127313862
0.230042613452
0.263167626684
0.240980190953
0.431519715061
0.399974225519
0.169277353831
0.146502468972
0.405051628621
0.219716231434
0.199297142986
0.349720005803
0.257234081418
0.76071163496
0.551076213774
0.240118617946
0.505001917898
0.268541965618
0.282772014734
0.377200729486
0.383639006224
0.233716696322
0.393874347697
0.195306730183
0.365272344891
0.360015172534
0.58572728958
0.135245999929
0.332115615234
0.32120826287
0.331055423712
0.456310124695
0.350717670513
0.362947817458
0.18877375571
0.299850237157
0.249494591856
0.348214248033
0.333458255778
0.360662157944
0.507412575977
0.363442728026
0.441199832484
0.213507618079
0.345818805059
0.457533617378
0.205251271587
0.351842645462
0.278015846196
0.210554056694
0.323133596316
0.279419918878
0.368117204702
0.353069147538
0.37177975237
0.396676041703
0.331547758457
0.198183053022
0.442766457557
0.338241144066
0.142399255073
0.422393726581
0.447624295187
0.404134246892
0.293104039252
0.357645593382
0.232725686845
0.30217760114
0.343065751366
0.299846475107
0.367813458068
0.343807994011
0.180241044436
0.187237193821
0.483021455916
0.494631977176
0.314897808051
0.203318992296
0.37044924212
0.356966834852
0.336111457291
0.269557615464
0.261449600719
0.137931771826
0.472728186161
0.434745422179
0.5181062704
0.112952077127
0.450010448186
0.371887038828
0.18842602285
0.437260100486
0.466687817192
0.167357312369
0.216762868202
0.266680187556
0.409622038417
0.229053355775
0.298098813757
0.266692693883
0.376627046137
0.317287498832
0.278759453746
0.37309068673
0.290274311708
0.280768468738
0.369093110609
0.433781843935
0.262054609481
0.472379416735
0.460590204279
0.26075495515
0.366071046492
0.202160529486
0.385113919021
0.234496438369
0.289114356496
0.479355452039
0.383783835048
0.40310313269
0.210475794064
0.167674256734
0.345424103492
0.323386734312
0.172739029569
0.285700663408
0.442669111776
0.371225059173
0.358610778424
0.296059086682
0.187096254129
0.462575483729
0.0581257112533
0.161978100338
0.350863424823
0.246897352838
0.149041421526
0.497855751118
0.223268928366
0.313528736958
0.223704458746
0.538633333317
0.370089497244
0.414361582574
0.366673564905
0.187066709199
0.190848204206
0.2558019537
0.121190695183
0.318818876512
0.294551719573
0.303509848989
0.271864424953
0.321964884043
0.192390774397
0.222685654574
0.309898579843
0.0549683545997
0.276703800298
0.15394904918
0.551810034472
0.293416785522
0.297166015105
0.438875113158
0.250440949409
0.19376172401
0.169370263755
0.295558722101
0.19985750756
0.0683168259196
0.227299757132
0.23588189038
0.311642165701
0.18463503737
0.0618635620901
0.351664039689
0.149436931607
0.131893807024
0.284854335324
0.330354003926
0.521011279159
0.432451556518
0.561536380798
0.333208229032
0.533566782823
0.325660695522
0.238428133813
0.494625632366
0.268701320208
0.450275194947
0.229348954643
0.438548351264
0.277674709538
0.201998666122
0.17133336762
0.410995631212
0.366864873462
0.336681801879
0.20758345958
0.275034611378
0.0735866608735
0.401848222907
0.398382243735
0.291125149259
0.375008780206
0.337562385057
0.320352560407
0.200164279862
0.297641586678
0.406708785483
0.386244920158
0.29796090046
0.376017324013
0.24921725845
0.271119262984
0.212815453397
0.217526162148
0.27889759052
0.154087924393
0.0898017898697
0.339541543701
0.357727340122
0.306700712243
0.514724653401
0.311177562206
0.437818255587
0.521881729189
0.262225556701
0.191732996606
0.283648439736
0.116426756593
0.254529009565
0.209852732933
0.446525029316
0.37780178396
0.4094059789
0.30753118226
0.410862119995
0.294352504496
0.307412856057
0.341516648107
0.307528158323
0.165313379788
0.126829635429
0.205360968346
0.350621181804
0.244377781954
0.397360782914
0.316653381193
0.120341126745
0.132865729425
0.444759653574
0.259318676417
0.486936043101
0.306254266572
0.209463792083
0.358248226708
0.278667746264
0.396659762518
0.352073881031
0.291455557964
0.333515989708
0.213533179247
0.532547001117
0.160518179275
0.312148131269
0.10375178225
0.258811762013
0.325034570854
0.126244701318
0.17127958235
0.449418890241
0.195511816926
0.12533602886
0.129447711253
0.402286984679
0.18728421576
0.0784361963902
0.263921149435
0.202625529683
0.395960154835
0.262517547937
0.169265333347
0.358521738147
0.12822945876
0.309506890201
0.455978083547
0.035177914681
0.146515136222
0.0151108347361
0.170639980005
0.44300105964
0.203078742039
0.301253344717
0.356348553526
0.214437938007
0.397194869722
0.306545672648
0.384478647208
0.0921078501955
0.254498688068
0.495941861552
0.278374337039
0.514480388578
0.0597868842935
0.193828655027
0.185278620076
0.293306684607
0.298404107501
0.283091099429
0.092789502368
0.260348885906
0.485234743504
0.183802646168
0.404826544649
0.433161049608
0.389028478431
0.295762602499
0.262807624189
0.159219919463
0.495717492837
0.204093597189
0.284380375053
0.254197698215
0.388708613165
0.156985225074
0.364988584316
0.497424748069
0.131009682034
0.28617869922
0.418244144937
0.216582824269
0.192278904307
0.165353450448
0.392203234091
0.0960671001932
0.231691066135
0.257613183971
0.250268717032
0.425593593396
0.411379491239
0.224044654959
0.272273792556
0.139615298022
0.307930588638
0.125622228665
0.336017971564
0.194015043614
0.0845005760482
0.209245770468
0.16557697658
0.172727766329
0.314728213645
0.233647227421
0.342751919281
0.147936222219
0.294740284699
0.107194573442
0.227125418734
0.358911646601
0.240150162775
0.4735143166
0.417103478908
0.123765858757
0.250395849151
0.240979987731
0.263048595934
0.376720917623
0.419998738125
0.353006110396
0.118997823395
0.235108984558
0.284938959423
0.269684219156
0.436431569232
0.425557812067
0.360334690136
0.297550937144
0.201281973803
0.356458004149
0.237446654886
0.21978844057
0.345801166367
0.218432508739
0.318973845722
0.434260761876
0.300384292702
0.191887121309
0.289841842036
0.393394151535
0.222191331326
0.345706972923
0.296536643216
0.353239246473
0.174471661201
0.168748311651
0.458069429929
0.246023695027
0.354100415572
0.148682875378
0.097656521251
0.0964821926602
0.293821853066
0.28066801024
0.324094924169
0.158785339343
0.272823237608
0.124992965258
0.173581161048
0.30659228714
0.109056895556
0.397840917849
0.314004476758
0.132341251711
0.436756646255
0.142798506937
0.191255332663
0.388687174609
0.272493710162
0.14923437404
0.0696450293109
0.306861848114
0.362159597554
0.464539704054
0.107469757509
0.192892342905
0.117227046206
0.107226972253
0.546961087192
0.383530180751
0.307176709462
0.393419495394
0.208712888823
0.379826364569
0.235599276758
0.266432913484
0.393011663292
0.28705986461
0.218295562463
0.249404521441
0.252864089228
0.231635834749
0.192437207823
0.567021009756
0.368718557974
0.276045570022
0.126647779316
0.314413256566
0.254544238095
0.200455990114
0.250474308607
0.33915945434
0.195179213929
0.500931474387
0.214091340821
0.435639107058
0.133564775967
0.357520525375
0.297640905741
0.422450538079
0.136604982831
0.33755775746
0.14531154455
0.342752278462
0.356879763296
0.19294279285
0.133519015884
0.236042041637
0.261497040857
0.293248788371
0.239751698896
0.359066799287
0.174718987734
0.0882950482648
0.535012343111
0.159235404995
0.150402520538
0.339476498194
0.141461733684
0.392657981047
0.0794667039151
0.304374216792
0.170560217115
0.159353290029
0.240326889506
0.227331840053
0.313459910434
0.281527575645
0.133889635064
0.332632221558
0.100676921554
0.236306856394
0.389066521615
0.203983722429
0.144201310333
0.366279345782
0.165030624896
0.285117375438
0.255253597471
0.265400802666
0.668314062912
0.233743240486
0.243679810731
0.18648806593
0.309701091498
0.274131817566
0.33120455614
0.108181489218
0.10992080494
0.193067739426
0.224028127665
0.207581338619
0.090470955015
0.262698147584
0.312837501575
0.100071239157
0.387539956938
0.119211849403
0.0194406624822
0.143856035643
0.245053837531
0.201774525238
0.260754629561
0.1527685158
0.271162042203
0.229832813445
0.135672978022
0.475634054692
0.265131954237
0.196544350399
0.120408462582
0.117104120483
0.180377990907
0.26952299589
0.313136665944
0.384192459783
0.412937111363
0.113452732756
0.27760514712
0.187743832399
0.183476164797
0.162657022459
0.114256748393
0.215026228906
0.100998087445
0.166499466106
0.0392105515583
0.190498485111
0.223372906648
0.387702397653
0.241562448995
0.150797596917
0.160678330062
0.168989962324
0.307177731972
0.133516466554
0.202950412778
0.116788297321
0.118709431706
0.284353956201
0.286948923671
0.215576627403
0.182855670696
0.373433575059
0.0905612699211
0.192596857318
0.526604202449
0.0971646414619
0.124186481846
0.408496324987
0.206415750655
0.313968683449
0.215844691343
0.305038013299
0.213786258329
0.29940831144
0.12585853762
0.0939318935949
0.135132875611
0.111593282501
0.204126612766
0.502563179967
0.0506139715519
0.1532506098
0.150068725064
0.20824109672
0.395215909769
0.133719710268
0.350675980296
0.253612054593
0.211767034017
0.195113116673
0.393324044452
0.089387552246
0.210729288713
0.0980807544825
0.210876002624
0.159756653917
0.0454107741258
0.156111545244
0.268478314087
0.148889808988
0.194743557577
0.208147856735
0.147962632513
0.221057388403
0.403641835573
0.193326692744
0.200333061197
0.391425547699
0.129780632962
0.100231495857
0.0902567829525
0.230783675932
0.348280074571
0.127734387691
0.161575580948
0.226291786757
0.201019119735
0.0718744218204
0.39832461464
0.525636841996
0.281290774768
0.155650405225
0.141308557877
0.0903048838276
0.263517642814
0.192265116619
0.42886131404
0.26410227972
0.0873729538511
0.0612646424973
0.271107105415
0.298207814151
0.147296796273
0.144480985638
0.320176361664
0.439088484101
0.102988111202
0.0819402819312
0.0903501209774
0.479732606439
0.146321559436
0.246473592911
0.128681812088
0.0994255745093
0.167282724523
0.383392903084
0.136703952001
0.23679716597
0.137357072746
0.131128563877
0.144403902042
0.179381574707
0.238087751646
0.171311414282
0.331023977037
0.177748103972
0.326415564856
0.134979483563
0.197499578302
0.310779715043
0.0972245185502
0.285831841452
0.073580515605
0.179381643046
0.0847967923041
0.11997538319
0.121498384022
0.207238479032
0.340649267588
0.221285043899
0.0661835187446
0.0679496915499
0.186648260787
0.0205789943441
0.116246669926
0.269557743235
0.256647625237
0.177875875411
0.271533418241
0.303378234128
0.0742366276676
0.323516411902
0.0723770512332
0.122885630974
0.135855726999
0.150192664355
0.0689045285876
0.0921135450252
0.151647421077
0.225260955211
0.153358605543
0.200193775597
0.302447586773
0.138377631057
0.137372970419
0.12710066642
0.413673120332
0.212145827921
0.186989051263
0.0916543472935
0.294642330588
0.266061663568
0.191490890946
0.171028669796
0.147942600346
0.112054704184
0.110421786716
0.140442116709
0.387990021262
0.0351373509751
0.19344840321
0.164485221164
0.161976474625
0.264239036839
0.00798202448483
0.420601969844
0.157923642126
0.0856597880956
0.126688548825
0.115485293885
0.386813518701
0.121446568464
0.198763090185
0.234866056798
0.0573325623026
0.0956324792906
0.240088961759
0.312753294886
0.190358459297
0.282739876485
0.151798733053
0.137879859265
0.144517141418
0.193225497739
0.192028576424
0.290853738879
0.229284078769
0.159177155418
0.172086907221
0.303687322483
0.128949286259
0.0989777339273
0.110395069863
0.238147230354
0.189729537063
0.124540571381
0.225979608146
0.0755247796052
0.117301249418
0.166667819218
0.131605046702
0.0706332124019
0.198082229536
-0.00318152226966
0.0987055612963
0.0863166834162
0.132541751311
0.102755412996
0.250683070361
0.370399076363
0.363391884289
0.140395490753
0.207504452532
0.150324147024
0.125488142012
0.0733294117332
0.239664053221
0.0950069083498
0.244306418111
0.339529850818
0.161442364514
0.133440744354
0.162571791965
0.344334014802
0.232324464978
0.352389945452
0.19650843316
0.141127390241
0.12571554891
0.139836384262
0.199505818712
0.10617909883
0.074306000885
0.131547440833
0.420726910218
0.188528006573
0.348985629515
0.233239031776
0.233536585808
0.334014375589
0.171254650535
0.116895969493
0.269320210505
0.229870230896
0.404672297619
-0.00169371833903
0.208723514239
0.227397088702
0.232801643549
0.114339851768
0.319044016432
0.206554629382
0.120650006017
0.0679905697544
0.0892797699401
0.0553583850767
0.087660015063
0.173197042222
0.10151254768
0.245983712032
0.215694090698
0.0448610314586
0.00744852620342
0.256905445739
0.0697392097313
0.162892424632
0.326320717927
-0.00701579235823
0.0763802112249
0.148484635439
0.289781723855
0.322922549337
0.28317263097
0.120228289119
0.133232614889
0.225590319225
0.194202146352
0.313493945642
0.198234114415
0.173326786603
0.142938010898
0.197963565262
0.129230179279
0.294592046781
0.161287289023
0.191011505496
0.109395169903
0.111043548427
0.142968218649
0.0568348966173
0.330533568091
0.13372035504
0.0554376810802
0.134772926711
0.223389680471
0.155894507623
0.170611391875
0.168807403262
0.224266803257
0.190682862074
0.214939413766
0.129618416417
0.150803110505
0.15808451537
0.168136084714
0.133694954871
0.131862782302
0.359688933131
0.197681599515
0.2347680594
0.176769040113
0.100755472124
0.16832053206
0.381758398271
0.0934675466558
0.281251576903
0.274317299248
0.258167259153
0.246246304891
0.151059076894
0.131150571929
0.424066228066
0.318005572881
0.148923822906
0.117646891704
0.259766418596
0.189751563493
0.0856339583049
0.0926884633451
0.0815877699193
0.214713107097
0.29514317069
0.206135457868
0.16249037703
0.0536024632304
0.145728987994
0.0851501018145
0.29257644477
0.0491221200558
0.065778442906
0.131891341001
0.0971088823253
0.175142323771
0.187113404287
0.185162386525
0.0792185072839
0.100842296583
0.118391725828
0.124214504846
0.194135852355
0.297133943817
0.241667888464
0.0514823342455
0.171831997919
0.223907223138
0.0658090796815
0.177956366755
0.127097635443
0.300888213203
0.182140757567
0.212076666162
0.117409088479
0.189795705469
0.262174159677
0.289558711987
0.247269855269
0.0920707649201
0.0493225263533
0.159054020435
0.0939523788449
0.0934532708475
0.121628747077
0.0503255979617
0.0606060866793
0.216970395568
0.263358618963
0.0805876661255
0.110422770053
0.131502105094
0.0833062367553
0.0820945484909
0.0604837289571
0.0203086107686
0.147263676447
0.138567496242
0.152395193675
0.332622708892
0.1608170249
0.278962963588
0.0870985087654
0.0838616900002
0.131079211158
0.114832416555
0.0628298675281
0.197634576719
0.146772883803
0.232799622521
0.0812243823034
0.171150687625
0.137132576585
0.153542961369
0.140522559448
0.133356833306
0.0672248196086
0.264260165129
0.22083915171
0.25666867261
0.1775259847
0.20602346033
0.243587253884
0.147620100918
0.110315032375
0.134606357115
0.105331794357
0.299129802362
0.136833033987
0.130690984419
0.0445844715849
0.164147627437
0.295787386491
0.0695142769552
0.141092523982
0.0746301894421
0.100391676527
0.413413852896
0.00281360118781
0.0646527337777
0.38680721611
0.0586530419977
0.10170992299
0.0922963118813
0.440120075346
0.211408996178
0.210880207746
0.0860699097145
0.204178549015
0.148872092619
0.199343118125
0.274630988047
0.0885406586226
0.303350194174
0.0583110177586
-0.000830094523556
0.0995173606571
0.265555775043
0.127539865276
0.212709600337
0.220250305449
0.394977342943
0.213602276774
0.330203571289
0.143544132076
0.305991113009
0.330933760708
0.319638063344
0.0625565514679
0.114623054906
0.0940276496871
0.158498966636
0.145682791639
0.0976777517294
0.473911166463
0.0963771866395
0.106487851018
0.0837260081621
0.140638186235
0.160097555984
0.140886521837
0.120916743132
0.10653333024
0.108355535347
0.110396163088
0.0456367894435
0.103825897773
0.123241530746
0.098413686545
0.157254807087
0.119083737873
0.0390969586925
0.179025176042
0.103924576695
0.331645883694
0.0477474500642
0.272477788592
0.214383209864
0.290229153215
0.235894369097
0.0622821548238
0.223445839123
0.166537576171
0.0974824707913
0.159201685367
0.0494504276641
0.258285190587
0.158683978475
0.259758901368
0.188985174326
0.121161087619
0.103129173712
0.130091990633
0.149620242413
0.224384416828
0.198578475287
0.0639485604032
0.26609502133
0.12069497336
0.211101134178
0.225846719503
0.0868944280934
0.0735933262706
0.11658329931
0.0768313571687
0.242234404153
0.107932527147
0.32078876369
0.0702719076978
0.0928327080899
0.284354710232
0.116333380444
0.224020245181
0.341466470427
0.307400215942
0.0942120882509
0.129351997413
0.386369949923
0.110226175906
0.121033984426
0.0971298848116
0.152467823277
0.172989347709
0.175966435528
0.0837050555145
0.170618339819
0.26054655079
0.0989801156392
0.202138207341
0.182006730273
0.101663610776
0.126158562256
0.0539041265048
0.160973709215
0.0823369087085
0.13698462309
0.152226844718
0.100582783225
0.048081201488
0.0745116654642
0.299111813367
0.147490273855
0.0797636992543
0.197279360757
0.123747879267
0.073903921926
0.178746076315
0.171593643111
0.203768454539
0.138467182582
0.0967907571499
0.135797089197
0.0978578040775
0.12059986616
0.161927198586
0.022976906711
0.0671241834699
0.148599923369
0.138794595949
0.0909621690698
0.172668667613
0.0796645555897
0.126903906753
0.0961572346533
0.169305867376
0.16160519944
0.207320516308
0.0807538582327
0.127606969054
0.257430027334
0.0786970097618
0.0777246927644
0.0353218176725
0.306335823917
0.201804736241
0.147134970488
0.300520650758
0.0929726797507
0.27219627819
0.0621808448739
0.0851442372235
0.0487746821306
0.115081673698
0.219518926721
0.391346518642
0.0829097261681
0.110155347315
0.0896489986509
0.210355586996
0.162961394683
0.181371205554
0.145777361351
0.0318803249637
0.219216928342
0.0384511530829
0.352703497423
0.114965338715
0.218070955618
0.0763703884889
0.111727276392
0.0770906767498
0.13339246031
0.125017331841
0.181086199982
0.102757018478
0.0747747790724
0.162641142397
0.049098925443
0.0779628373068
0.136753440518
0.0269748640179
0.186862680758
0.156455680118
0.0767012371061
0.108905020185
0.141852851021
0.0463774848042
0.146927133774
0.112864833605
0.0889036231167
0.083236124144
0.0832407185239
0.177930060087
0.174478536279
0.135518487207
0.15431829646
0.0429179251793
0.16490777254
0.162173919815
0.0645513190183
0.191273204257
0.0536933497688
0.222399598021
0.213874743691
0.172026670855
0.155811568488
0.181523160386
0.233834403523
0.0710665634213
0.287873744343
0.132277356075
0.30020102947
0.149355946223
0.13255683936
0.141059651394
0.12083478695
0.196879346666
0.0776349059231
0.0883585387683
0.120685005875
0.0999790806747
0.224174345547
0.188830530412
0.0690808583364
0.0982496336543
0.31859323117
0.160513250354
0.0893245589193
0.0246312892035
0.114157065998
0.093123499994
0.127384352032
0.123293786799
0.28667530051
0.161149692586
0.111608655047
0.0591613327946
0.116648015047
0.0788656012944
0.0914840701903
0.289397862014
0.0708404910177
0.127962004074
0.134124942293
0.173703051099
0.0975313686042
0.0485055912446
0.0960066020012
0.201181377356
0.0534472266635
0.066756967447
0.197311193271
0.0137619374628
0.124625777807
0.255778372503
0.0779234044228
0.234834162994
0.0940631961504
0.119063920667
0.051883729373
0.111660407906
0.0706105394281
0.0670825444725
0.296145556078
0.17205006961
0.172718740075
0.219907277725
0.118391519104
0.0982514640527
0.318870247936
0.0378678697309
0.262172150475
0.141147569031
0.0914636519702
0.0654606859737
0.127679436561
0.128474823096
0.197914448499
0.0694993179762
0.219708564566
0.143612396677
0.167868203924
0.216933226061
0.119374064926
0.0327548275138
0.185490078204
0.0937213265989
0.125549688873
0.335474854263
0.0941637850871
0.290884020911
0.251658003892
0.0654527752053
0.216512730655
0.210490641971
0.202602400948
0.030921486912
0.0777140505198
0.164771177965
0.0628390196668
0.139909247938
0.0685528077871
0.144492650925
0.176661226738
0.210803559033
0.0898853046348
0.195222834392
0.127324580934
0.112261161854
0.145035333487
0.198080891131
0.184314140129
0.0467133285493
0.116176237109
0.147016260055
0.0655521328943
0.102226268295
0.135939758216
0.0971969001624
0.18709042066
0.144120965568
0.143188287204
0.0828278105715
0.0235018972099
0.117639478605
0.0852128327907
0.125959864629
0.140148963956
0.0773090228206
0.102711032825
0.0799401504587
0.0431137541324
0.171187650943
0.152275393488
0.111261789167
0.129220962335
0.0890911304936
0.156066099267
0.0831257252261
0.18737859594
0.151630041071
0.10500464587
0.174488406939
0.11466460546
0.0697062998757
0.130596290282
0.151447447593
0.181222453575
0.195363879188
0.0950599849653
0.167457184601
0.0135320105029
0.110973391237
0.14952624976
0.00865800371582
0.138687935825
0.134943569675
0.186804513165
0.0699047702844
0.119408827094
0.074629078215
0.103092841405
0.0232823487721
0.0956374890065
0.0597700978941
0.113469465449
0.0762370672443
0.146661111288
0.293361424408
0.160444151247
0.179853251667
0.107621936967
0.130884365786
0.105789158794
0.121883022809
0.120136129964
0.0721758768469
0.0684626172139
0.0890539348556
0.195368959642
0.0885595577422
0.110091757162
0.0836504061798
0.135460047727
0.0758058502793
0.182571442348
0.112689849382
0.214539720813
0.0351131147497
0.136589139231
0.102091171372
0.163770557509
0.0960554819496
0.293329330926
0.246792579156
0.334792992981
0.155718621376
0.0603065348168
0.0742202386288
0.179382469703
0.0808722967314
0.234468654118
0.114357977998
0.107212081659
0.0920327615636
0.00567640966646
0.159230546017
0.0594730541194
0.188981971181
0.185856256915
0.156319196861
0.0822740730533
0.125240626033
0.149685373684
0.154639977646
0.0529176269596
0.156915862824
0.0915894366261
0.108364874135
0.104510378069
0.119438266985
0.0758523074689
0.106160823953
0.0475287471638
0.10926426285
0.0132905605878
0.271586335967
0.117427432318
0.13154045053
0.0714382023205
0.154399100931
0.141744626867
0.105721327433
0.107972519242
0.137625885564
0.111268917373
0.125033727354
0.123795235885
0.0888070551062
0.0592263303775
0.0327846970745
0.0519641828745
0.156027407638
0.0199688674477
0.0970768108003
0.155271825315
0.0231841993059
0.168960926356
0.114954080984
0.103965991925
0.130870387128
0.196778313049
0.12511726351
0.155917982831
0.125712242293
0.0744778234688
0.0915361850175
0.0401465738886
0.0458018390851
0.105680132746
0.154090108023
0.0550388121423
-0.00720234683158
0.0918907519582
0.0499392824982
0.166135217243
0.123399946705
0.134111165981
0.0791653335327
0.169640037086
0.126375150728
0.115668337802
0.187425523202
0.145945174866
0.168081016727
0.126601243447
0.00911452788097
0.071798416364
0.0282384200823
0.076661827318
0.0718491289209
0.0970261985557
0.0211266719417
-0.0166929594773
0.0290921747225
0.192934690736
0.140752839918
0.0134732371474
0.16586018888
0.200174607466
0.037085944702
0.102904844805
0.105468140208
0.0448723182268
0.0440417143061
0.193815646626
0.0464353305209
