0.0123687564185
0.109056471744
0.0829591827495
0.773254452942
0.573639450231
0.215303412197
0.770102622714
0.465285658056
0.623135671274
0.213403355615
0.552658597154
0.477141719993
0.332725705447
0.594822973416
0.241340452576
0.151225945685
0.0226746155452
0.410560889673
1.0
0.460980027873
1.0
0.519738033349
0.211755315349
0.250519617248
1.0
0.609563396198
1.0
0.282743389224
0.210014682045
1.0
0.356419226085
0.199471872179
0.544729725332
1.0
0.274720249878
0.411021171122
0.243480955255
0.014080860314
0.424087246215
-0.0719502144812
1.0
0.0857115117466
1.0
0.00814389123914
0.366812643823
0.194984762051
0.502324126852
0.234938484302
0.198978687685
0.110932089794
0.599572845509
0.107402403857
0.180531066748
0.233590635152
0.743630975904
0.215413191799
0.377853596923
0.166773561598
0.291444966676
0.0507816453935
0.553617679654
0.328007212283
1.0
0.102936463373
0.244221964536
0.321448410881
0.484589687288
0.320120425847
1.0
0.253406998355
0.385196667263
0.425111745799
0.23256264097
0.366989520726
0.27554183475
1.0
0.443538390665
-0.00877999056644
0.180376008575
0.191915893151
0.232632823969
0.459366068003
0.506327862927
1.0
1.0
0.105962968228
0.66638135915
0.10445530058
0.173089337681
0.444898313387
1.0
0.33793470199
0.141092947829
0.263791872073
0.187090851474
0.110537710137
0.183661739359
0.294797132967
0.18471419681
1.0
0.182385906472
0.0474137886749
0.471761763121
0.134479756763
-0.114356625222
0.646405837942
1.0
0.680234048438
0.206021703191
0.134698267446
0.558427377623
0.296385136999
0.426394592944
1.0
0.382011507739
0.0308873399543
0.368013109768
-0.0603172819486
0.349429211596
0.417154559716
0.279606610111
0.154794412675
1.0
0.124141250665
0.686350724726
1.0
0.0955999373842
0.27983374818
1.0
0.118040612945
0.406105733012
0.507035521089
-0.0018156973461
0.016455971739
0.182782655229
0.544316050252
0.256741187802
1.0
0.0839254493154
0.356094764892
0.259463602947
0.143736349697
1.0
0.517062960863
0.191028932984
0.368888110074
-0.0535824070564
0.159746380559
1.0
0.425098827512
0.310645502781
0.210463585173
1.0
0.149896666141
1.0
0.189552832849
0.133479921543
1.0
0.116484855756
0.0545149307134
0.305399798019
-0.00999704640477
0.424661292954
0.539343532359
0.311856214079
0.0196212178744
0.085221652058
1.0
-0.00341930684988
0.0565108961644
0.405117381242
0.0746919141804
0.0729184522664
0.102981103738
0.459444858871
0.183122491183
0.186267734443
0.124687082641
1.0
0.404639573839
0.377525057752
0.146354111349
0.0919554484051
0.15195505198
0.253789883405
0.0198161595744
0.253269909187
0.433258958646
0.273699282863
0.616491559523
0.0966407791315
0.28774237609
0.350090539222
0.377964897256
0.205225172889
0.541503964493
0.271637440398
0.407600628962
0.12430244948
0.448087882773
0.44167416106
0.344021610388
0.534590470865
1.0
0.00798180532445
-0.118722607223
1.0
0.213416960996
1.0
0.502773189924
0.443388056692
0.237932452376
0.543125611631
0.20520488298
0.561846444615
1.0
0.164641282867
0.0954819920434
0.465941918981
0.109507301912
0.172115525429
0.809700711532
1.0
0.0314830166681
0.187311103198
0.172004752276
0.496500766254
0.421753040008
1.0
0.250443239127
0.392888120659
0.394171789633
1.0
0.0661865022452
0.1370939665
0.309693636751
0.651489278639
1.0
0.165554693038
0.115843658204
0.278429904564
0.161261623459
0.613692851881
0.322857420715
0.402482403684
0.419377523971
0.271579156946
1.0
0.327471479773
-0.00105704259295
-0.0896019917142
-0.329954419321
0.211157271834
0.146784559496
0.227562082022
0.331231446996
0.367065981163
0.290127030311
0.400685209789
0.688816554062
0.211499515353
0.366490466049
0.0341979570772
0.309418133098
1.0
0.311179687229
0.358656204813
0.358656204813
0.315728308816
1.0
0.0653706612122
0.211939970249
0.4497266547
0.390757661375
0.35213919076
0.20608893112
1.0
0.395909755514
0.21259319514
0.377617821117
1.0
0.260773700289
0.344526100852
0.164857147003
0.312439554977
-0.0183064001159
1.0
0.130106983717
0.398827552356
0.114698015837
1.0
0.0303602870102
0.105126817319
0.461035969014
0.152595628585
0.50728121615
1.0
0.279456584101
0.128468175029
0.35738640747
0.160813668748
0.313222386053
0.439263238005
0.270176048086
0.527622201747
0.351739994177
0.445798214552
-0.0768488393217
0.132974837739
1.0
-0.00445056072552
0.535276543226
0.417307690466
-0.0406431786952
0.2191623609
0.382052333003
0.574910687361
0.574910687361
0.411740422988
1.0
0.328648319066
-0.0238999657289
0.568447173539
0.225038861211
1.0
0.407797704227
0.273702728342
0.14397453677
0.338564752101
0.0569587737059
0.238197432476
0.153037189533
0.116818426832
0.0452996632438
1.0
0.3046938383
0.215916448109
0.0214839949109
0.295724372582
0.223737516138
0.0760523706781
0.420764274366
0.482871941519
0.440646294518
0.509247704708
0.241279430934
0.268008398968
0.633448557824
0.0380284918242
0.25331425249
0.245257150552
0.524267218911
1.0
0.503686439557
1.0
0.193807507365
0.437209575915
0.320374518034
0.0735451821427
0.300576943971
0.178463772196
0.281261832752
0.492970564045
1.0
-0.363028810392
0.159749104622
0.251976929
0.0806317906301
0.270513218888
0.126049184169
0.282564427815
1.0
0.242866590083
0.189250135982
0.393625187175
-0.00341930684988
0.116300872869
1.0
0.0689818686225
0.695789378947
0.137734901015
1.0
0.748493033113
1.0
0.244403661931
0.223776563268
0.43649028138
1.0
0.35447291145
0.323772323307
0.0629873751126
0.268697639884
0.322776749957
0.458819671106
0.599326167629
0.195418242319
0.0911854612823
0.17215280008
0.544111388718
0.353097908242
1.0
0.154438227319
0.515749809126
-0.0382829249986
0.269255854238
0.33228422457
-0.133000242027
0.0395706144035
0.220499048641
-0.0336360978127
0.0833021866523
-0.0436386824763
0.102660285882
-0.0296365843363
0.335824129547
0.136041659359
0.46090114763
0.397097216738
0.0930028961391
0.18718945636
0.371063339524
0.159725293485
-0.0249324374155
0.155325267499
0.284454986597
0.121554966815
0.203873806384
0.336326210519
-0.103311218785
0.148562069499
0.21048356232
0.449398746747
-0.0123452698334
0.0923941759659
0.318522751612
0.458058017358
-0.0638549532064
0.414867965244
0.267391510567
0.23166598425
0.291430730525
0.167252450653
1.0
0.388502468315
0.147435119558
1.0
0.273855128072
0.357103865754
-0.0541631459591
-0.0982001119875
0.459325533017
0.170655273313
0.24696729436
1.0
0.274966929135
0.661228887982
0.728759766226
0.128866744052
0.251094726686
0.553485471594
0.195570222315
1.0
-0.0674836677506
1.0
0.200884064029
0.0675239671462
0.365310637804
0.484089817812
0.180632076725
1.0
0.312105567245
0.264719992411
0.156189934253
0.152986451704
0.27237846618
0.36369335201
0.160318647096
1.0
0.535960681217
0.407113498763
0.701821825503
0.283592454418
0.159348196934
1.0
0.244202192341
0.269202667557
0.0958771196362
0.328411384914
0.40609022611
0.353211829386
0.209264024545
0.157343492213
-0.0241940847687
-0.0130335487423
0.233389242897
0.613498348171
-0.0461609663339
-0.0741360807847
0.149214027587
0.214898986216
0.642684699983
-0.0486048948711
0.12230258574
0.403804429284
0.191036087381
0.308986410454
1.0
0.163162012602
0.256555401723
0.256555401723
0.190110743607
0.190110743607
1.0
-0.0468563797347
0.0660644457453
0.138162657042
0.609252176551
1.0
0.209724301726
0.184494446616
0.1256846331
0.141224452157
0.491742792802
0.608834698455
0.178213087599
1.0
0.138416106296
0.631065117262
0.290114281226
0.369581398401
0.0916931629772
0.20426650615
1.0
0.237612242505
0.0532611960668
0.328799001669
0.520809671836
0.407611251171
1.0
0.139524970409
1.0
0.52504893941
0.296652925205
0.0701221553574
0.296974587901
0.394350905766
0.226319696926
-0.0982780362934
0.493041299229
1.0
0.406285944381
1.0
-0.0818625426376
1.0
0.0691096715513
0.292665177313
0.124716260609
0.20806216829
1.0
0.136503444625
0.230811554337
0.324961877626
-0.122650880842
0.261973606543
1.0
0.317165412979
0.377008384806
0.0655379332217
0.0657013321435
0.291401936841
0.45717076289
0.333376360217
0.275985398611
0.20135299873
0.11607353068
0.270070279239
0.0438977751905
0.195230424094
0.264930561194
1.0
0.679885591576
0.235573742158
0.235573742158
0.359211852258
0.361227313563
0.143723367291
0.261323719694
0.256692087247
1.0
0.212139092966
0.339208872597
0.179486720627
0.536628352349
1.0
0.254428097371
0.435333593999
0.353235424892
0.401734229714
0.477043920339
1.0
0.28614654797
0.371119723731
0.0276472911312
0.0994167141442
0.0182158135598
-0.0874628775277
0.132847235877
0.444741168465
1.0
0.0390269177633
0.200042038575
0.416059639272
0.0517140467032
0.0517140467032
1.0
0.208533720528
0.285961759327
0.581169484572
1.0
0.367168784155
0.596874719542
0.243763065596
0.490418823868
0.211571986327
0.604797760428
0.0463533943797
0.123442054866
0.243396268348
0.103269626028
0.409726270256
1.0
0.303573472767
1.0
1.0
0.175498836314
0.141836704358
0.143713246269
0.135530240676
0.398011693969
0.420696601336
0.0287136054185
-0.0279763299129
0.5098449183
1.0
0.216448094284
0.177830154113
1.0
0.3067493335
0.34174992483
0.129175684343
0.0790288010115
1.0
0.389122386549
0.0022557062728
0.296530419144
0.317936275382
0.0916737295217
0.234802118121
1.0
0.442199954528
0.13619284118
0.255881262344
0.0998611889388
1.0
0.101613692974
0.0873118074895
1.0
0.442221854342
0.209297415995
0.318916803418
0.333537347296
-0.0756941282707
0.646465356014
0.72637656075
0.72637656075
0.53936212756
0.177898563928
0.688852259996
0.588873187355
0.331137741077
0.135143064816
0.335655871535
0.577324744074
0.447210935274
0.273940982965
0.0722943296915
0.279529561398
0.0424769516377
1.0
0.0731923922877
-0.016043119379
0.136105470181
0.117184239003
0.170714259365
0.315731826601
0.332658154188
0.105121307044
0.187239441073
0.625510556593
0.410212143773
0.410212143773
1.0
0.0138910493578
0.357899822919
0.198780473207
0.538098074942
0.189802076834
0.537626992347
0.0393597319198
0.165250907982
0.205927828654
1.0
0.373142065036
0.60860870685
0.10831018736
0.114298142638
0.265599043682
0.196334730796
0.504437519289
0.411301664227
0.221725113995
0.320781814098
0.285618219248
1.0
0.330610293861
0.145932418439
0.370855777862
0.297937996615
0.411343631634
0.487018367898
0.0120400787992
1.0
0.205540561744
0.195661758816
0.5795786884
0.0168770093244
-0.142931925918
-0.0407624185692
0.0228974260869
0.0369286924275
0.0446337765596
0.419309300307
0.61623855553
0.079185090095
0.133956360401
0.171554646828
1.0
0.149113529981
0.0222749913147
0.269147938471
0.570830377668
0.121392246919
1.0
0.330964085746
0.253988426433
0.127386204452
0.0707563011259
-0.0506239855375
0.307428164872
1.0
0.391426686446
0.320785677527
0.25343618142
0.255560209335
0.17209303696
0.327737731848
-0.0255413199448
0.238337684973
0.265632237799
0.358390680418
0.186150677648
0.125785169157
0.290875296592
0.0698333946267
0.00505173288662
0.335003327974
0.235120262874
0.589363032768
0.458026489399
0.360448075078
0.284420623954
1.0
0.324823032717
-0.0115700569989
0.0756285195145
0.127447311595
0.252880739829
1.0
0.250962468156
0.252307716271
0.155975808066
0.668387259328
0.423865337584
0.308918126608
1.0
0.130784843191
0.389901360263
0.534066951611
0.273300415555
0.292772820697
0.635749747145
0.481607068188
0.0142867858721
0.165582429156
0.577263311467
0.305210837046
0.349307734989
0.192423038112
0.024408502993
0.517652437144
0.422677843369
0.355270660306
0.218653543999
0.620680818291
0.361347540931
0.0741369772195
0.354710753284
0.444585011531
0.161807077729
0.507179078158
0.139848382987
0.08757101317
0.400423066517
0.467489315738
0.333709702884
0.168568530554
0.254096559798
0.62778361546
0.324639186107
1.0
0.227462695662
0.147746595929
-0.0278457767388
0.162072283761
-0.0465154252319
0.0922845517921
0.0847235700012
1.0
0.105343269046
0.540403185871
0.370934915319
0.0991618027674
0.178066623873
1.0
0.379881510836
0.165155542045
0.340588131286
0.100938296041
0.293820918151
-0.0489862656537
0.259596119074
0.391375018687
0.125903544943
0.309919246949
0.699739151261
0.211730167808
0.672018455684
1.0
-0.0354351113903
0.0901166415531
0.255410621401
0.161261623459
0.301070715524
0.0663948818961
0.662084610499
0.662084610499
0.129150926547
0.0986699078409
0.275411432584
0.574342682436
0.372692687358
1.0
0.396774107563
0.515555904257
1.0
0.264604552426
0.51446974742
1.0
0.530024914232
-0.175889611193
0.00957159422856
0.142203187671
0.084413845366
0.061469174993
0.0348704061229
0.00542330736916
-0.132412686991
-0.104116873406
0.580088676267
0.0931468112401
0.190464357442
0.00824314042295
0.461132197628
0.455755668965
1.0
0.116431641
0.190212206913
0.198052816538
0.305199186462
-0.0276762772801
0.319954847012
0.130061361527
0.544701378202
0.0788447568142
0.296328791945
0.435333593999
0.284510730238
1.0
0.143446691797
0.15447501313
0.00734197066264
0.337590258274
0.460446880126
0.369062426172
0.443924808445
1.0
0.146452249932
0.478291351801
1.0
0.301821573827
0.39589771692
0.549507414094
1.0
0.212390544679
0.0011507252615
0.165820711322
1.0
1.0
0.0769462287412
0.359044336093
0.559669102581
0.374869018576
0.202573996735
0.241753478514
-0.00618660169553
-0.200796728453
0.223510114802
0.236755721296
0.0978452734274
0.400721345415
-0.0184834451164
0.247472248312
0.365837530279
0.28614654797
1.0
0.291237290584
0.199422626198
1.0
0.216891688316
0.322778133767
1.0
0.360240617427
0.326124507106
0.233619480186
1.0
0.135957288083
0.175542441399
0.30087399709
0.0281396189896
0.448308778448
1.0
0.0485857169336
0.220832431997
0.329520595448
0.46474710473
0.212270718408
0.211652822476
-0.0218968907416
0.271586458142
0.204335405669
0.398125905902
0.505692902128
0.686952229814
0.711025265027
-0.00180164034701
1.0
0.556339094321
0.463243808878
-0.0550784161811
0.768120711677
-0.121908876832
0.0371010712471
-0.0630605093606
-0.103557101513
0.247670213594
0.139238920683
0.508587676388
1.0
-0.0359102560591
0.440626303116
0.193309500448
0.338612158527
0.265523720227
0.126172032167
0.0610490781678
0.410822725059
1.0
-0.028954368586
0.139966192756
0.0357253022754
1.0
0.429714754392
0.33084943961
0.0670713544761
0.466665210273
0.476634381795
1.0
0.121258258999
-0.14599111769
0.171829992804
0.347292906979
0.47500858246
0.442570960599
0.0
0.902661369147
0.28942499226
1.0
0.118998745807
0.0248273449118
0.746496376469
-0.0221820615086
1.0
0.379144192369
1.0
0.288497112934
0.152588638689
0.139232257608
0.576794890936
0.168616959046
0.298021356529
-0.175956174922
0.14622399337
0.0995283170022
0.20399003678
0.111085709293
0.145540136169
-0.00221380150438
0.288143974567
0.221319840193
0.280082404957
0.184590863813
0.374279215605
0.273747604594
0.382011507739
0.691623851969
0.203256997008
0.296790181662
0.41811670408
0.18422452054
-0.0237177448238
0.139240677601
0.0514560973858
0.256495927771
0.353651385653
0.148730944966
0.258804042389
0.223651403036
0.189482870507
0.0558155465095
0.851973597195
0.128670235996
0.284105370125
0.203480370307
0.642802513776
0.349059691423
0.676522548673
-0.00777721145632
0.108361234782
0.0739183712666
1.0
0.68135603926
0.0779147080588
0.138516788474
0.351104223408
0.491411765726
0.56241258476
0.504353471611
1.0
0.681520635319
-0.0353857957678
0.153078063854
0.355028306742
0.46144692659
0.351672882006
-0.16362238033
1.0
0.564770748072
0.165489221019
0.435648485787
0.070565070305
0.344281627262
0.280201201306
0.39080920544
1.0
0.271283119336
0.315461091361
0.0984440435389
0.0550096608138
0.46564436549
0.488094160954
0.0573052857616
0.150947681209
0.383070377247
1.0
0.544181465702
0.544181465702
0.114426742486
0.466289419565
0.267694159689
0.156924537834
0.652212787508
0.578688056631
-0.0142980348116
0.468434440841
1.0
1.0
-0.01933305891
0.187926377917
0.17829559063
0.25794750123
0.494395161764
0.16815084616
-0.0124382827772
0.275858482538
0.108813525888
0.38271710445
0.38271710445
0.333726199115
1.0
1.0
1.0
0.19107216406
0.210764173979
-0.0397381964717
0.465300220343
0.0299902813895
0.423672756775
1.0
0.374302129237
-0.05177216186
0.490066866523
0.345523817792
0.368118909164
0.383324544033
0.209033904535
1.0
0.0397458203591
1.0
0.23742881427
0.116989193983
1.0
0.274524629231
-0.0597317523936
1.0
0.423415563862
0.0305408654035
0.162806760883
0.175629332159
0.158463022604
1.0
0.214940496953
0.455651809332
1.0
0.258049991997
0.135925081251
0.13249226845
0.175204963587
0.7288810826
0.483062816084
0.218865426771
-0.0319212240587
0.0872238550444
0.109819148767
0.333099445994
0.0101437236242
0.235358752614
-0.0376470282557
0.185177280074
0.460065230491
0.428170844287
0.217813183444
0.701865217875
0.246219090053
0.324077016394
0.106905549156
1.0
-0.000858968690197
0.265076825766
0.0707174081632
0.445627660475
1.0
-0.121933895857
0.562759671298
0.453528855258
0.19037373012
0.222323986895
0.448638162225
0.234490829708
0.367094515913
-0.0239729533743
0.387032918586
0.196084974006
0.415975805778
0.16126164132
-0.0782707233665
0.0172817049212
-0.0156322151882
1.0
0.513160309661
0.385076780642
0.155915158759
-0.0404585873415
-0.0256694847008
0.206206351429
1.0
-0.0468455827349
-0.0524355564324
1.0
0.209597307636
0.469159918889
0.174019237864
0.287108748832
0.25430444593
0.404099723005
0.299576153399
0.0802405917291
1.0
0.494863083542
-0.131599368067
0.257231641942
1.0
0.310368936018
0.38399025812
1.0
0.519466823904
0.305173809222
0.223851001868
0.0281243792863
0.0162407021686
0.321472144225
0.0253635563107
0.0655727198644
0.459480145138
0.798307534424
0.263397042347
-0.0877428992661
0.179074596762
0.156958518712
0.136438140406
0.0919606947248
0.121034471262
1.0
0.0809705650856
0.256768521159
0.819276491555
-0.0393585472487
1.0
0.237342876872
1.0
0.135703827954
0.187839654441
1.0
0.269825117703
-0.0857542436189
0.374007150373
0.705371169614
0.138035416204
-0.0785776571412
0.399951263499
1.0
0.0923675048168
0.425396179892
-0.0243356118411
0.150411214685
0.350872360582
0.125261488794
0.555496611566
0.400779612112
0.00497164399191
-0.0119590384431
0.366659044964
0.025705930934
1.0
0.0386099853302
1.0
0.395851950417
0.213308714609
0.342711257005
0.49831845007
0.611817370642
1.0
0.345082194989
0.511169000897
0.521695275538
0.562445009068
0.121123475867
0.168860455924
0.588134880829
0.122841531826
0.401751764434
0.0778725077671
-0.0790390457103
0.268485928683
0.164147875603
0.59467327942
0.59467327942
0.27822783585
0.0680157299185
-0.187954450598
1.0
-0.102930517738
-0.0747919495005
0.257255060371
0.0218856423655
0.679341804334
0.271985284083
-0.146352686357
0.451647246629
0.639237962891
0.0309716114016
0.377776251993
0.426920738121
0.440330833942
0.65592946393
1.0
0.428750553695
0.552386355714
0.341348297861
0.336330769388
1.0
0.352563616024
0.101839296275
0.478072957807
1.0
0.401374814263
-0.162098515595
0.314499984845
1.0
0.339227699342
0.173026276596
0.460229426742
0.110225486806
0.13182437552
-0.125767908059
0.538627628631
-0.0415773762455
1.0
1.0
0.529182682758
0.496757030843
0.0149092229902
0.410017812785
-0.0202361167214
0.190600409791
0.381432218479
0.325814879735
1.0
0.1408089014
-0.2138565224
0.0534956412172
-2.03004624834e-05
1.0
1.0
0.352900443536
0.194299146344
1.0
0.151250021955
0.113437764487
0.296161562579
1.0
0.332525846136
0.785872288381
0.0940120553312
0.217657327317
0.445817113783
0.413908887003
0.0620989388497
0.0620989388497
1.0
1.0
-0.0433819292494
0.186158237446
-0.00751460942922
1.0
0.139429625214
0.454114706455
0.522953857979
-0.0742215356245
0.516718334655
0.288765101343
1.0
0.34241326048
0.252640921639
0.117508710673
1.0
0.11061861235
0.262701777428
1.0
0.178566437368
0.0529482040042
0.40865028281
1.0
0.153996994211
0.263265053017
0.290021081831
0.225954249592
0.0808947292556
1.0
0.294827433116
0.187723527339
0.501058204552
0.304483798187
1.0
0.256243781013
0.398467800887
0.431375008429
0.375811176529
-0.100540127215
0.282061239493
0.43097192178
0.0807931428807
0.07537259824
0.424686822308
0.404836227859
0.310913709315
1.0
0.0689362213778
0.268243846883
0.183910503536
0.58543746881
0.256647645874
0.0371072090611
0.286069648906
0.289354259444
0.296385136999
0.040530897956
0.180881890946
0.341528516188
1.0
0.416642801217
0.0657013321435
0.00245701514804
0.174211651285
0.568457151387
-0.153525747355
0.0356952270861
1.0
0.330382313768
0.488178662464
1.0
0.352897091791
0.0177604179914
0.0112263719335
0.12583941119
0.202140840006
0.261925560681
0.445701072056
0.0377459989651
0.196968201221
0.209744515593
0.456080035062
1.0
0.357242979359
0.194810050981
1.0
0.488756617165
0.127216294886
0.401075792251
1.0
-0.0837025618992
1.0
0.613356123185
0.365473404614
0.0658665659385
0.118040612945
0.140301112089
0.0517795991999
0.256815182664
0.00260542178216
0.103248422625
-0.12050481529
0.24251217067
0.387405134431
1.0
0.14952244483
0.225196033652
0.312079811774
1.0
0.106781699228
0.294393053642
0.0180029419238
0.25155708475
0.298977873776
0.0777088194179
0.283996820255
0.249522522
0.11770393313
0.352291677244
1.0
0.221967017264
0.271752831988
0.414740626383
0.246757708976
0.203619138053
0.401903787649
0.188658782748
0.172199371087
0.459921377305
0.0254453524757
1.0
0.507874250409
0.507874250409
0.324113102054
-0.0396090545483
0.243343371398
0.126518444018
0.444080024423
0.279712126981
0.19840756769
0.329470527332
0.468674010052
-0.0461475806862
0.386816352662
0.445244611812
0.160538986116
0.21062682805
0.252277128441
0.215868254998
0.06615691562
0.255107166033
0.0848661369214
1.0
0.364842394813
0.400984156211
-0.105351779559
0.232715804225
0.439385206405
0.0662982799642
0.15230661551
0.600080486235
0.0269518043479
0.413948158678
0.136947823199
1.0
0.205851018266
0.427310245651
0.439576024266
0.279490890086
0.0950673325622
0.118232025318
0.428864621028
0.341987259899
0.296096097204
1.0
0.302618988351
-0.0945987942127
0.081822420644
0.319074389602
0.125031946258
1.0
0.238736023621
0.231883323989
-0.214214369997
-0.00984762105117
1.0
0.608576595961
1.0
0.494305840104
0.333465139115
0.282673080661
1.0
0.256405947395
0.371330709636
0.217181433984
0.333762210992
-0.0392287153057
0.380648883424
0.16069094825
0.267691140438
0.0228722700808
0.527245460839
0.338429457323
0.047809815676
1.0
1.0
0.619444213055
0.646405837942
0.226954908613
-0.0561474191469
0.0757062353591
0.198777527402
0.452229538014
0.128611498564
0.410142828566
0.128209864711
0.116820319428
0.389309263367
1.0
0.24847007781
0.164925616927
1.0
0.373019759183
0.531711823211
0.463832371495
0.517121018304
1.0
0.195071085584
-0.0350237077309
0.33986002899
0.265077131952
0.142540597855
0.251059852514
1.0
0.166481343742
0.138945727836
0.145610509796
0.700989270805
1.0
-0.073875343208
0.445050851521
0.252124237098
0.265797096251
-0.197085699258
0.292003285873
0.22781207688
0.127041736808
1.0
0.259512364828
0.308213398798
0.630170347593
0.387943822396
1.0
0.357051923464
0.491260706038
0.249282075314
0.249282075314
0.0745427287842
0.52464964444
0.278809796768
0.637118341124
0.075393462117
0.461964853588
0.626970771363
0.270067732341
0.31128310507
0.29911891333
-0.0787019691041
0.327243364803
0.391416226828
1.0
0.212081838296
0.251760256406
0.530658655523
0.0795536581492
0.167974411309
0.0543731946892
0.168086106904
0.400829165107
0.352120751041
1.0
1.0
0.658416447
0.613991573144
0.218243161511
0.531285773781
1.0
0.247259237965
0.185088543945
0.306966742884
0.171681523562
0.309793698217
0.0254009549655
0.0374003790387
1.0
0.306285152868
0.239836201381
0.402813298648
0.0145804677791
0.0798472380016
0.0757213347106
1.0
0.321841946556
0.281921151664
0.156028148368
0.156028148368
0.0105356801224
-0.0032339576372
-0.0352122545082
0.0187246817184
1.0
0.377595579189
0.28920500301
0.363210336811
0.363210336811
1.0
0.366710115231
1.0
0.0934991072569
-0.0402438263267
0.388108189161
1.0
0.337262796887
0.359348514374
0.37026851953
0.0570370028477
0.429319142043
0.0720036283723
-0.021160384309
0.301383932712
0.0936802125263
1.0
0.260689809999
0.183177701195
1.0
-0.146287105326
0.101916714513
0.230863751702
1.0
0.191535803988
0.407064784534
0.582903189461
0.401892791955
0.267308702248
-0.0686423382608
0.290857213572
1.0
0.141185439392
0.296287572972
0.335398043847
0.201159401816
0.280648131875
1.0
0.556967197177
0.428211580167
0.54116360278
1.0
0.525075893731
0.0195996462673
0.298484321587
1.0
0.3338100658
0.397120549417
1.0
0.326388524175
0.388672016562
0.0489813584298
0.291999541895
0.60227746944
0.227662762572
0.0603048931525
0.595895055611
0.757463044069
0.579453670599
0.43643487987
0.0789027699589
0.469213576827
0.330986021842
0.171478474923
-0.036973802525
0.219687382734
0.242346139796
0.699739151261
0.0731195384953
0.592910945317
1.0
0.106044232106
0.290290970848
0.113783771321
1.0
0.0610854613273
0.54992510086
0.217376963103
0.619336003313
0.410528263702
0.125349632066
0.029835091133
0.392766980643
0.47535634243
0.167437434151
0.00542330736916
-0.0209968499687
0.436298306698
0.383620047826
0.367558788522
0.54310050726
0.356733277816
1.0
0.530593881903
0.0490625617949
1.0
0.247914607453
0.389855891934
0.240114600501
1.0
0.546259483772
0.455332327106
0.226870423005
0.121218622728
0.191145681018
0.405551371523
0.478067438138
0.358562034072
0.734008982195
0.474191842544
0.1223474399
0.366708311824
1.0
0.276951495548
0.275681367536
-0.0513967084649
0.207761210213
0.196734682008
1.0
0.478254442581
0.606862081758
0.00534334661475
0.0662464681654
0.185782118659
0.22487139419
0.300576270593
1.0
-0.0125808081498
0.194512903639
0.375027862418
1.0
-0.0501728189816
0.0425858215534
0.254553313707
0.357424213324
0.105723431
0.222257228222
0.473790844236
0.503630994527
0.214182022385
0.0481646905793
0.28931887538
0.169043865702
0.118741853086
1.0
0.187606752229
-0.0843359547498
0.191289612718
0.212007971119
-0.135683629144
0.171713895159
-0.113303494649
-0.0323449104908
-0.117371899407
-0.00141058698552
-0.0359885572628
0.284468194637
0.0943411238608
-0.136443437863
0.0296922458261
0.305090249035
-0.0169940882801
0.0154721511162
0.00026291207351
0.0130319715819
0.0914733422329
0.10276345968
0.208461954685
0.350200510795
0.000575170083362
0.27652387741
-0.000116242624486
0.167641060703
0.142129820203
-0.0550427935318
-0.0404319845356
0.0765223828217
0.224912872303
0.063849684206
0.0425913775888
-0.113737421864
-0.0354547035405
0.00661399475949
-0.0762348656154
-0.109823312391
0.1038965592
0.343530348536
-0.0230597048677
0.135792838831
-0.00320735076743
0.110261552473
0.170539311711
-0.121496769198
-0.0386523277985
-0.100454742446
-0.169235801583
-0.0793557319554
-0.23914031682
0.197143439896
0.249717384348
0.0411664370319
-0.093543651958
-0.141565948104
0.168221636489
0.0992004484646
0.425512858369
-0.0628165283405
0.24747070482
0.164526911367
0.257354411805
0.0850354312775
0.0507449111848
0.0093688344583
0.17882718205
-0.113066978153
0.0976227704717
0.0622777927045
-0.105409501432
-0.189089392875
0.0487633928548
0.0469074472954
0.0607818783626
0.0777685649931
-0.0923257350446
-0.156776997462
-0.0948951811793
0.0808946020153
0.0983911649724
-0.0231129841704
-0.00597606549091
-0.0928003407264
0.145390862991
5.80704896156e-05
-0.0458581908088
0.115615174401
-0.0262042386937
0.143500428326
0.182072205033
0.0675294370669
-0.209150018769
-0.0272005720874
0.0331928530026
0.24744899485
0.0935449916857
-0.00998829125889
0.0717030581503
0.0279342686127
0.0839255169643
0.0393848299995
-0.0354556192711
0.0842228114886
0.317834163773
0.132480681469
0.264800723862
-0.121537494551
0.187266667117
-0.0289505806705
-0.0367949269909
-0.0740238842853
-0.0866580224762
0.17276575684
0.119186643145
0.129572666324
0.0307546051584
0.099478497496
-0.0775452547301
0.22834545468
0.0775520920542
0.0922308518886
0.161064954232
0.042505806004
0.252769898061
0.0230022480018
0.271320750117
0.133776146803
0.0652512046223
-0.00801129621511
0.0295077940163
-0.00309677278617
0.177855521028
-0.0779456090168
0.0172743031405
-0.0317670411344
0.0948627083289
0.158518163988
0.00350472642001
-0.0989855754231
-0.0162122652684
0.0611815088796
-0.0570518830295
0.131159128641
0.172893226167
0.0290267457394
0.247728449026
-0.180254214901
-0.0102234199472
0.209113061015
0.257086625298
0.272350607609
-0.117624230656
0.10742634005
0.196314439772
0.0078584780076
-0.0141234957957
-0.0503928633244
0.0461447087502
0.388553961547
0.397481575015
0.335208156281
