0.158824192064
0.578853164971
0.478921869222
0.469000494499
0.133253908039
0.526848016442
0.245462969266
0.189165336285
0.298136829459
0.251517102241
0.158929564521
0.374736402949
0.268753870793
0.460983063321
0.249628731005
0.0688077967798
0.163408841739
0.308065800383
0.342160706892
0.0601059050967
0.322483445265
0.219237994256
0.163515121702
0.122193605548
0.145101639133
0.163307656865
0.357951993937
-0.0112166302755
0.0344244778688
0.0829148186203
0.161422275449
0.0501848440638
0.16228875883
0.0974458770436
0.0636012320779
0.0787623828075
0.222635718323
0.119091298347
0.286835573749
0.0232121133561
0.0358844409588
0.171615463886
0.144590309315
0.0499386953442
0.0809375034435
0.00753722116345
0.0997929386979
0.212959147123
0.0879057045416
0.0300487655004
0.0847135244514
-0.0250807326039
0.288576131847
0.089114866916
0.097767161616
0.0342447779987
-0.0122098630816
-0.0788188396009
0.124349460683
-0.0135591271748
-0.00216590323293
0.108228978445
-0.0309152773908
0.0474393824099
0.0262025466581
