0.240838651056
0.670706058314
0.522544979803
0.553790570756
0.155396474663
0.609690935413
0.37454797047
0.239861709857
0.392084688047
0.31507690674
0.229090390979
0.489000513708
0.401530192735
0.55850977202
0.384989435646
0.0927870385937
0.229149335115
0.444905127514
0.448557302824
0.132673654965
0.366889797468
0.282427343281
0.238803609468
0.16244676637
0.220006071748
0.226371689082
0.439189522536
-0.020689486116
0.0191362754262
0.132316061312
0.220491080364
0.0673261550557
0.205962019084
0.140116336596
0.0804294322533
0.114023074721
0.287662511668
0.180256299324
0.343039960819
0.000123693476207
0.055413595829
0.243595061964
0.198455037309
0.0852905707322
0.0999387059761
-0.0203392732831
0.137354390136
0.291232070906
0.117377004337
0.0386527470112
0.104897964884
0.00477842860615
0.386438422373
0.158124764265
0.191331862597
0.0588270962315
-0.0473932479278
-0.0812482031636
0.171294529168
-0.045895637844
0.00629258452202
0.150139212077
-0.0450180867036
0.0531189627938
0.0244791806868
