0.237255080178
0.629010737356
0.505852899523
0.525183052225
0.14996436931
0.590924772552
0.327195856354
0.223327002434
0.347645831291
0.285750372376
0.206631192518
0.45072329607
0.35813227243
0.523207980155
0.346887201964
0.0941565012221
0.203944370735
0.389058144476
0.415665343592
0.0703716416119
0.348193174544
0.278112378322
0.193060281672
0.158113646191
0.183167103405
0.205823482985
0.395614778476
-0.0196238128365
0.0425496237493
0.11532538518
0.195238378957
0.0587020717827
0.188641168691
0.124771053396
0.0692551936635
0.108344645767
0.267597472806
0.169444128235
0.341418071981
0.0358409133799
0.0604221292088
0.219347800441
0.170152133986
0.0622359233705
0.0761595471842
-0.0208707172645
0.129476557283
0.254415250059
0.0994768851074
0.0363989163846
0.100788859728
-0.0105257169162
0.34155722909
0.138279208048
0.142646796769
0.0505643102478
-0.0407811808602
-0.084512083128
0.158258434496
-0.030607553816
-1.11967699044e-05
0.131018035498
-0.0380460017896
0.0781762420538
0.00360809540617
