0.229605906074
0.153541150363
1.0
0.116582835794
0.331538270934
0.307805356424
0.23520863506
0.227474884383
0.159725479756
0.422594883334
0.245296486611
0.186919799811
0.289411733965
0.316706609552
0.283180505653
0.100032776007
0.343770929116
0.00523017688379
0.222958287905
0.106816211139
0.222160884434
0.0350362623512
0.093586666763
0.0110435290383
0.0479901120256
0.140671901546
0.0235183169769
-0.0349522242116
0.113717928329
0.2677348254
0.192142906354
0.511935792162
-0.0286138500017
-0.00983076684034
0.464056871036
0.18336202283
0.305364468088
0.257833987903
0.27119899971
0.0585738689346
0.160866209315
0.307507900414
0.661043441813
0.549153847664
0.469001422248
0.164696558144
0.27239417309
0.270653317575
0.0629608844945
0.38009041323
0.306214996654
0.249337763518
0.133098099518
0.310445034078
0.142935982319
0.464376434969
0.0677013194466
0.045674075055
0.174856063098
0.38937102594
0.120127916135
0.0653602150868
0.201470122054
0.483397363435
0.263941442262
0.177716449761
0.786206498049
0.294244619766
0.434556661917
0.575988391378
0.27381175381
0.137576346108
0.537567342799
0.863101933465
0.283962394592
0.262932384526
0.251032230277
0.137705491909
0.173636645145
0.317316150889
-0.0145048544403
0.466105300047
0.0653196608617
0.127392303889
0.285381111294
-0.0172677669954
0.103093888255
0.0827294689719
0.119342322707
0.094237733226
0.100499965839
0.276472268914
0.0655242586953
0.12968835152
0.00952376008457
0.0312655702762
0.382432408663
0.511935792162
0.191664119626
0.339710781189
0.226448361066
0.0365208240235
0.2677348254
0.24173476483
0.0183284559489
0.17279016082
-0.0184080342334
0.252872556046
0.180338435637
0.143088433563
0.0903327238197
0.150220593383
0.00236382498615
0.123612208414
0.258668914933
0.605965404352
0.114762238985
-0.0752422401411
0.107840158403
0.141400459476
0.0303961445317
0.243562467487
0.0485965373184
0.262120814423
0.532696000805
0.187890294556
0.486064057255
0.114528241253
0.289005165272
0.29505020902
0.192102304637
0.347434912603
0.29045170735
0.216226523104
0.206095971556
0.0571826018809
0.032478074811
0.283342017983
-0.0217788953854
-0.00365887502062
0.16730129744
0.104465476211
0.0290934961656
-0.071132324882
-0.0222188548995
-0.0332320171649
-0.0979002135825
0.180187498971
0.0140012225336
-0.0268990890724
0.115499826277
0.160491550569
0.276865370139
0.0621943565612
0.324951375873
0.125637745572
0.363203949276
0.102254990954
0.0928137350467
0.203975476114
0.181194248464
0.0495170491797
0.0960919762046
0.143940234554
0.1684556599
0.211259799397
0.0944841566942
0.37596899841
0.142749579936
0.17468678236
0.673492983267
0.015558320729
0.104340316483
0.170332124617
0.0811929446904
0.31728739276
0.112142039107
0.153844925856
0.333605656553
0.160579976885
0.016969335211
0.167748144017
0.232115843424
0.26724252405
0.176225728972
-0.0647353990306
-0.0402159536261
0.102909362213
0.0587797185257
0.0690241455613
0.112101229735
0.386288049662
0.227896616731
0.365601408956
0.218181934139
0.271868906579
0.17812790276
0.145299073763
0.140217350691
0.0519593334409
0.316163850181
0.225365052236
0.00312665296798
-0.0159134148075
0.543097360492
0.0914040937141
0.0237641076429
0.295910074665
0.0
0.280285635131
-0.00947985948766
0.0465409475805
0.218820411782
0.0564038991861
0.218103816981
0.10857606362
0.125383915523
0.215343849794
0.0838181515511
0.0997406381193
0.111885065557
-0.0101148051101
0.250620524049
0.0711478624369
0.1667772968
0.209101758093
0.30165963458
-0.0692239575144
0.111155918096
0.134996835356
0.207811904722
0.185047561129
0.211097937786
0.357901623648
0.434689504428
0.168345014774
0.212467942762
0.198860009095
0.217164592896
0.202948670106
0.280722466699
0.218849661393
0.129826695438
0.155269161807
0.0155558127101
0.586630926274
0.124338934321
-0.0324730495292
0.0156890446955
0.22693762087
0.303772105775
0.116244273273
0.280076806817
0.0162856333692
0.00635518739717
0.299755515256
0.185228859287
0.840153100077
0.214579735652
0.26376179417
0.124863608838
0.053651423841
0.165981648727
0.0205840305791
0.225210157359
0.47630199088
0.368348550911
0.2470819648
0.149470591845
0.557987719013
0.268906975072
0.0983729184436
0.116195497499
0.218474575366
0.0782540882662
0.108136103636
0.0990630860839
0.323701812749
0.114027622354
0.123212303235
0.13428225003
0.231498008193
0.087783279311
0.130929982292
0.140226721795
0.212678563647
0.455057047374
0.448276066524
0.183684546179
0.148479351002
0.220021528603
0.177950479473
0.195450165614
0.186211366261
0.117529225415
0.129738896527
0.652588643984
0.255321050678
-0.031307037879
0.290427401478
0.198688891498
-0.0811846163984
0.278095978427
0.408420563594
0.361628954113
0.119778558079
0.304290671018
-0.0501165196001
0.354270410502
0.143122975837
0.0280583972107
0.116430317988
0.0710798040262
-0.0299930879663
0.318250618743
0.104112680533
0.176080377962
-0.115388542016
0.287056707451
0.286204872157
0.273245084208
0.266899260904
0.377859642219
0.18034240366
0.0121812083873
-0.0216622180762
-0.01978574377
0.219771364756
0.0119508266431
0.225391827084
0.0698454826348
0.233889781086
0.0710970897939
0.0918689648879
0.126559385436
0.0109161871142
0.296479116333
0.424851728755
0.119056771082
0.0983260910399
0.184970991842
0.262528587023
0.389669005446
0.154170149108
0.133046028396
0.0908029201437
0.101124441904
0.170667945907
0.106472350616
0.244655562268
0.0711797349992
0.37362475362
0.229034893926
