0.260449240539
0.228829219463
1.0
0.149162854628
0.399910590877
0.36364964273
0.284532507694
0.254738006877
0.187474871881
0.503607920664
0.319278102879
0.26440172854
0.4420665935
0.436243147724
0.351571995056
0.124872156928
0.390206548133
0.017590385881
0.295356750225
0.133883336495
0.256413206187
0.0465831873533
0.111988151338
0.035049309485
0.0643516413588
0.19879597272
0.0398053639226
-0.0356831839003
0.145416067621
0.313834067566
0.25668406189
0.569805176523
-0.0293749934889
0.0369062183872
0.570868366822
0.255978193318
0.380809462298
0.376873925657
0.37859195227
0.0771447576341
0.192202305207
0.392979954199
0.735309921868
0.614096282536
0.537510687933
0.271882170389
0.336939831635
0.337703623701
0.0771806498685
0.412735727251
0.3867077821
0.348376905606
0.17623959671
0.376604388929
0.207026948875
0.58584055872
0.0804766310948
0.09721873748
0.212448022386
0.542649692531
0.144979763423
0.0883548198818
0.250320134235
0.540775613561
0.38920029363
0.217490122586
0.816426528652
0.389282831043
0.52351759772
0.642880769489
0.339686331827
0.197163934824
0.660233877001
0.903325223045
0.36921971313
0.330976919714
0.352875285195
0.182397695765
0.214947840129
0.367686043509
-0.0248439683678
0.544819686981
0.08322099111
0.144386706226
0.328250639065
-0.0390696442714
0.14698326892
0.102199142471
0.154764979665
0.137164225661
0.125257774051
0.351909315082
0.105273569008
0.200724623804
-0.00177596692727
0.0334113596825
0.41930515618
0.569805176523
0.201374673113
0.378550161932
0.232542602143
0.0347061700784
0.313834067566
0.26855115723
0.00546679429589
0.243363837879
-0.0261630214269
0.340252710715
0.279331758218
0.186154590575
0.16694130488
0.205918386773
0.00503776296717
0.169774712397
0.324816061679
0.695740635524
0.147727335474
-0.0860445547574
0.122646227937
0.182722667051
0.046944031798
0.305415447063
0.0525310205694
0.290308060468
0.596802714484
0.229149453606
0.545795755685
0.145299533979
0.382341439273
0.381218581302
0.22462922182
0.407841094203
0.367204906113
0.251953237074
0.248709366036
0.0528986893259
0.00839788356937
0.339258076216
0.00262735115203
-0.0150283736319
0.223483062661
0.14680043491
0.0721706528391
-0.0817298730035
-0.0303732533305
-0.0402656291314
-0.11974042427
0.249330035489
0.0338453843647
-0.0313753463476
0.153511914229
0.202540893521
0.349341128948
0.0770546231931
0.366813953299
0.155478318202
0.420279350623
0.138247031064
0.111801535664
0.251735229238
0.199454305594
0.0675851519146
0.129776385452
0.162293254518
0.231022936224
0.251745191635
0.120689649673
0.479316422603
0.166327245439
0.189244769109
0.762087757217
0.0301348912131
0.13213667686
0.210048195679
0.092542622464
0.361831355794
0.129010668841
0.234160025244
0.390201271129
0.18033097863
0.0307806672463
0.178469455395
0.315165202796
0.322326207815
0.180308911356
-0.0816483393649
-0.0471500016901
0.119462973917
0.0821836992648
0.0977369500244
0.126510639806
0.403008450333
0.266678943337
0.423848418428
0.233161267103
0.29542785286
0.201565892316
0.166401739613
0.172799002446
0.0555383589924
0.360951936296
0.262311933671
0.00970910158311
-0.0239425216234
0.603239138763
0.110138117926
0.0215055662016
0.341031169729
0.0
0.431306546525
-0.00031577744959
0.0795277096513
0.275791035598
0.0546004791788
0.275137177461
0.146340551587
0.15749508532
0.24327733946
0.0851925327984
0.143896163495
0.139090050812
-0.0133119286166
0.28723191768
0.0958489792257
0.19862432024
0.241312759098
0.340321744042
-0.0906621100865
0.113149041422
0.173522669433
0.231204512867
0.220301429764
0.232194169191
0.394308638018
0.483641107653
0.169984694166
0.242363708796
0.208540653282
0.266529550874
0.281051716037
0.310117546139
0.26849734285
0.163381540637
0.191360623141
0.0287422284725
0.65349454808
0.154676677308
-0.0434406390368
0.00749617761558
0.267067861516
0.369028811241
0.113260879843
0.342843583128
0.0298004008609
0.0107473890281
0.329702442283
0.230178845771
0.874614639176
0.261502367502
0.34548568308
0.141187088392
0.0629196353133
0.202962755807
0.017263294962
0.240899149051
0.535748299796
0.382777834877
0.29017891252
0.159337817318
0.601907888979
0.295409709263
0.119590592439
0.156159881684
0.268050889302
0.138851753439
0.110227679118
0.096992664444
0.367462717054
0.137971513572
0.145105274535
0.172330754572
0.325479405165
0.107756810798
0.160954694821
0.248073687179
0.262279212339
0.522540357156
0.586746383513
0.243589460741
0.228099116662
0.255942924826
0.217008554246
0.206673270865
0.213068249977
0.156179165696
0.175903308089
0.706882898053
0.310104905424
-0.0395808573402
0.36769531216
0.245170476419
-0.121215932583
0.330036433146
0.453380959618
0.433631974355
0.165678055668
0.379956841767
-0.052548433623
0.424476676337
0.237553387648
0.0463665662024
0.112146534776
0.0795629104664
-0.0329943383613
0.375218662015
0.116386031515
0.22283432176
-0.121168555677
0.323524845119
0.335193481966
0.324787642383
0.356471807839
0.464723454868
0.194050471315
0.0179925480991
-0.0254045148604
-0.0236785504802
0.238061101094
0.0263859202606
0.236548425821
0.0963033192136
0.262541116118
0.0813837106777
0.0889473947036
0.133087195058
-0.00208198585281
0.423306790576
0.535645504748
0.138042598431
0.132913698029
0.211856059599
0.335803395142
0.438204580173
0.174168997969
0.156072742132
0.09127979301
0.114107706848
0.221442873549
0.118839329681
0.289033961214
0.0805214355327
0.42195738809
0.261520565155
