0.260973009752
0.197216966153
1.0
0.149926836288
0.391455353508
0.345978724413
0.278372403975
0.245455856018
0.18209918743
0.479051484519
0.287595585547
0.228230595176
0.40457425003
0.398756685581
0.322113247983
0.110387537065
0.36719072983
0.00914072431972
0.267375587325
0.13712847216
0.251588977119
0.0412921049102
0.109307261624
0.0443046731475
0.0751033266174
0.1764698859
0.0376416631625
-0.0315372229283
0.134298410794
0.293428707201
0.239116835424
0.543382897127
-0.0507269506151
0.018827215843
0.525214992805
0.251653728895
0.372585278768
0.343182574991
0.336598789387
0.0758565930798
0.183455305291
0.367434135837
0.708421703769
0.600722554254
0.515376937554
0.251029835883
0.316969070389
0.304653790975
0.0783911815017
0.396732587556
0.354771282097
0.297355956327
0.157468827283
0.352887633183
0.184836311548
0.553537112065
0.0747993910208
0.0744154774434
0.219985039177
0.487226505278
0.12880226658
0.0850735402443
0.23103348355
0.527894622565
0.336154712663
0.209308157338
0.805859511461
0.378795394221
0.492570290075
0.625276365716
0.307898997034
0.143825682421
0.613733555896
0.887108381846
0.338635996502
0.3264328299
0.300228909844
0.176079180578
0.20191407156
0.350535621701
-0.020933358414
0.512528517356
0.0727526985798
0.124502172817
0.325640494304
-0.013830733192
0.139049261124
0.0991275593541
0.142885878854
0.123515231793
0.110651880446
0.328849658086
0.0855567548477
0.191552365849
0.00902884918109
0.0453689027952
0.407260003423
0.543382897127
0.182087942612
0.36634124719
0.229126098241
0.0189879935513
0.293428707201
0.244957468253
0.0112703162973
0.211770938534
-0.0251492880717
0.340995764756
0.253713319323
0.187895793971
0.142881347672
0.192612477635
0.0270335802824
0.146886468746
0.293234429713
0.664682610217
0.13699279643
-0.0776916715579
0.123286694797
0.17252085691
0.046965722274
0.267293298359
0.0443993350329
0.277198179111
0.570086433072
0.217020459108
0.529489469676
0.134673944875
0.345812743667
0.336500937468
0.204579704216
0.390019424719
0.334150839099
0.247804364994
0.227510322069
0.0562852387122
0.0309657466825
0.33138841054
-0.00147070199744
0.00189295892797
0.224458394073
0.165028232384
0.058616763218
-0.0941084604802
-0.032522709627
-0.0425560517399
-0.100195120721
0.241662592683
0.0227256231799
-0.0450792834762
0.159097270932
0.195045028211
0.326705787956
0.0807285934694
0.347998609495
0.13573071299
0.395003320445
0.125449749106
0.116234495106
0.253835826076
0.194350872024
0.0645677884682
0.105162369032
0.152939089236
0.21096546979
0.231610626282
0.10285662732
0.433532245997
0.15344064008
0.182902956122
0.73406429259
0.0297847761722
0.116329757135
0.204356838349
0.0976997340844
0.345245219458
0.125215707734
0.204146518534
0.361948805777
0.178952316142
0.0223068775259
0.180892451255
0.299990701523
0.295530176762
0.185707196676
-0.0846439902631
-0.0379796675032
0.118320876043
0.0724376162259
0.113745462668
0.118599829282
0.396230581433
0.257450611168
0.39584354603
0.225520146614
0.283551701395
0.190339019558
0.153652278638
0.1534992247
0.062297889853
0.342311697658
0.245192881927
0.0142607152727
-0.0168484357622
0.575041919254
0.0913648840547
0.0247965576416
0.323408068464
0.0
0.368452753868
-0.00766556033325
0.0635507759224
0.251724516924
0.0579337749091
0.244352846106
0.145853374959
0.145274529022
0.231431429407
0.08420396508
0.135126480135
0.127446808084
-0.0147254704343
0.267646465972
0.0956745485577
0.187909219954
0.223706748004
0.324689536453
-0.0788866862772
0.113675734042
0.149518992643
0.218622446267
0.210929662706
0.211833175589
0.379696980873
0.464263684035
0.178086939691
0.232182021614
0.200628502715
0.254355843965
0.271711904644
0.296125839641
0.242910990183
0.166599313248
0.184822759193
0.0200062362449
0.628725648367
0.151448007221
-0.0349015725168
0.00796413363312
0.253816085648
0.341854562758
0.113418652074
0.321964967683
0.0183003333721
0.00275446214456
0.313187201919
0.211214626498
0.862101570043
0.241071863648
0.303891667556
0.134136924293
0.059679110721
0.196327517571
0.0168467380524
0.23627378735
0.522808184609
0.364970707069
0.261880193638
0.155107690536
0.590543726774
0.261803875656
0.113675836064
0.140762355017
0.243762159663
0.0763173803801
0.105690534309
0.104527720103
0.360034030812
0.136583399081
0.137154811338
0.147950064569
0.290653087952
0.101136210003
0.15610589284
0.235437082432
0.232535104537
0.499286720311
0.554273483722
0.228919602052
0.187109337778
0.237341989255
0.194601805736
0.195816585065
0.203176604501
0.138308935445
0.164672987302
0.682956205861
0.281513358887
-0.0424158763407
0.349905421
0.222798577204
-0.10116541224
0.318163626758
0.43309240422
0.407064406089
0.149691102371
0.364824004225
-0.0546628555482
0.394531677417
0.219648896497
0.0286557834819
0.140591064293
0.0763449374068
-0.028377820222
0.358292263307
0.103999780242
0.208973802073
-0.119707689979
0.302365076365
0.310305916035
0.29224619439
0.333176133485
0.428943771041
0.18899530579
0.0121253187382
-0.0314489765201
-0.0240942554612
0.224040802195
0.0280401255122
0.243225596108
0.0773741889906
0.251255478669
0.0853033975652
0.0877991442744
0.123186556102
0.00434658234344
0.366397859081
0.494903232258
0.126630605958
0.112883887182
0.188438597677
0.321405467017
0.419022864625
0.171233656948
0.14145555315
0.0776016258295
0.125842695109
0.195087647579
0.124479994895
0.269454453947
0.0771270272439
0.401920218559
0.235521089192
