0.541032736259
0.585785518671
0.515936559404
0.643199458541
0.302431303331
0.539878494716
0.584981786921
0.647895930717
0.398710725523
0.550778535655
0.583119816348
0.697681678259
0.526126323405
0.45871375682
0.451315723311
0.527629674722
0.564528816123
0.365608915359
0.55067246704
0.378388856355
0.430745332889
0.446281367916
0.566565694292
0.473986249949
0.4122635243
0.441334186315
0.324511213908
0.423874273928
0.393041396721
0.369125423564
0.408830131813
0.650207376509
0.583955430943
0.741488657362
0.466523686786
0.482959219667
0.617543004939
0.493936235569
0.318444860734
0.397222498839
0.394898257343
0.71089244323
0.315767610591
0.586441208114
0.360158947323
0.589914300321
0.444632352507
0.520374531019
0.455148304229
0.436948889145
0.613773915275
0.446379743681
0.505764890961
0.35836160961
0.386447577355
0.825715845714
0.64333915064
0.321211660978
0.53484742112
0.706816638085
0.72343671909
0.442777467124
0.415797938984
0.491769148714
0.420921369398
0.665840655502
0.568862688476
0.29913663378
0.428815756273
0.585655387755
0.485776305151
0.262307889409
0.321380276334
0.578499025141
0.569736499031
0.453698341901
0.548749348292
0.375646901275
0.635291811753
0.432902582821
0.359645104202
0.70493371396
0.44151434712
0.426258316398
0.660969723517
0.479079199878
0.128543576359
0.359388179108
0.439935431643
0.355116798474
0.38560399041
0.670923256982
0.463070281446
0.456710389903
0.490562046672
0.327027364733
0.365992530493
0.510280283225
0.285808385231
0.541515086017
0.318241173142
0.382011510154
0.628573729133
0.286339981443
0.552940771616
0.37945365705
0.373974799009
0.402622738217
0.338281015217
0.440725464633
0.351281903927
0.518869706363
0.506358749518
0.245613278235
0.365729435034
0.341949421299
0.505828476136
0.368813610036
0.402573434044
0.605701469728
0.370563803854
0.278929087757
0.507511905897
0.603000703823
0.457228408663
0.306348486051
0.288865462142
0.404895921092
0.520761870048
0.599723062314
0.544623369814
0.317250615394
0.528087304307
0.652092527341
0.408651149065
0.473411724566
0.407411697031
0.290242498644
0.716005787601
0.425035514809
0.279697911867
0.527804546107
0.4903995348
0.256072928784
0.514364432043
0.355962450042
0.299468815392
0.476252424948
0.363903715294
0.541617965477
0.271046748829
0.313184282323
0.609512074056
0.519572784731
0.238230798786
0.311367968278
0.359967849518
0.506626037536
0.498157262845
0.647176261827
0.514827190887
0.497292338675
0.584211250899
0.50169435615
0.397183859021
0.765595873204
0.379511666244
0.446973604416
0.461960896199
0.360680203685
0.401583081754
0.55378611671
0.307435357372
0.499396166417
0.426602603212
0.601691654279
0.471761752405
0.232822332089
0.528933531541
0.710863705986
0.622181926842
0.568020512883
0.438563312492
0.519614763519
0.462991498703
0.260566790841
0.428082202391
0.411038539841
0.497410063468
0.606218151309
0.302111072746
0.200095996004
0.517184461793
0.638640807027
0.530341307003
0.463194524859
0.340626379409
0.394759356656
0.281978496357
0.0259272476702
0.68973041541
0.213279368676
0.423164417185
0.278813473528
0.464180848108
0.654467649168
0.608414539405
0.398872210596
0.495808078721
0.375300838869
0.388879255966
0.635827003906
0.455063826975
0.459133228768
0.56084865619
0.323849394032
0.391449021066
0.257510151124
0.352924231603
0.369034295526
0.408596222362
0.422392619419
0.535010604172
0.545183599116
0.583979823002
0.411777815429
0.401935933718
0.363565130986
0.443401720111
0.555608925081
0.722979494536
0.305353653986
0.387835211895
0.492685735405
0.595238170034
0.434502756571
0.525772548248
0.293500134649
0.48268839619
0.384547958836
0.327083586782
0.530048263659
0.338487336261
0.594980248698
0.543394792568
0.298417016876
0.475787110425
0.54534214638
0.554130277286
0.695488248143
0.75112903928
0.226706779138
0.399966227399
0.309624877797
0.56258020841
0.727100525103
0.468147663601
0.604624282579
0.444776228795
0.379324642349
0.422068303403
0.480304726885
0.46573633611
0.508997051237
0.419184626281
0.370986376238
0.289164276996
0.510813448719
0.37995893788
0.294523082945
0.532503223829
0.252309923355
0.508571483711
0.259286430412
0.399091998159
0.397476903243
0.501511883385
0.300604582543
0.406568944667
0.414484191915
0.634848591556
0.442690789993
0.322711659434
0.344289142256
0.377335324502
0.517266955796
0.819536036808
0.444857444084
0.571611141521
0.621845780812
0.499763171961
0.419164040737
0.471097726071
0.443347760493
0.241426389236
0.378864345737
0.585612153618
0.489033222294
0.291813323709
0.29031885684
0.355674129418
0.52671931374
0.27463246274
0.347646619497
0.553225932065
0.315491999176
0.523973953301
0.47050698563
0.582428199075
0.418354650894
0.230100961013
0.468377038321
0.426886474734
0.499341695201
0.459877955798
0.355131856112
0.573351130848
0.486826000032
0.462524900831
0.30772728015
0.400482927267
0.712242728178
0.270725579882
0.295981069711
0.472170679749
0.337555444899
0.478552945089
0.232666516125
0.511590235347
0.436789080719
0.210068813242
0.522939335256
0.585941086834
0.550889502695
0.441585066116
0.497545687433
0.275754210414
0.431013986975
0.437899678711
0.449971208352
0.401658371739
0.506229445449
0.387405904602
0.390491911124
0.341932773757
0.479430702373
0.362244075588
0.225484080111
0.406158717762
0.309227804339
0.412669085975
0.567054174139
0.333846260253
0.421329534842
0.296085081186
0.585756889069
0.554268975576
0.490997855358
0.353920625489
0.374190021985
0.516536702396
0.518897866278
0.238352301602
0.453447028048
0.266270852565
0.508014983445
0.387645036188
0.506044295177
0.600352785514
0.415171292733
0.37091005694
0.425990021096
0.453750990409
0.416363601615
0.3980878166
0.323512656965
0.376578874965
0.317807908063
0.360955397245
0.646881523984
0.577668902851
0.802971905279
0.355841346992
0.456175883463
0.655854951817
0.48726504685
0.252713969242
0.300326279761
0.402474606223
0.325680559725
0.514055866859
0.336536065282
0.342841435954
0.396561566086
0.288687035068
0.639834436134
0.265761887086
0.303979257208
0.272254758244
0.247483277357
0.525649136176
0.469031163259
0.25291460494
0.555033303115
0.149504684238
0.270125575237
0.384680308823
0.412934336083
0.366992541419
0.375759302791
0.478580372492
0.469820596421
0.404606148559
0.326812904963
0.295995078295
0.281758380443
0.464793846006
0.396339352543
0.255927628199
0.422258822586
0.568059041268
0.48679390442
0.454787024022
0.406027782789
0.463654666878
0.464752591434
0.233400779385
0.367839354313
0.723556839136
0.322788989195
0.468649736058
0.656600039652
0.538345618403
0.354394806261
0.305744063074
0.33669853317
0.346690571877
0.494207897053
0.548198404815
0.435710238037
0.538188785358
0.23817933727
0.394981753656
0.427399249272
0.641189469846
0.368362640011
0.380675353826
0.224602448213
0.518743879564
0.551984343007
0.291654456328
0.395692008024
0.508143498161
0.414866481118
0.313113459386
0.306025819232
0.435519977499
0.410175430379
0.314318188381
0.519683584371
0.375957609714
0.358978592884
0.519520147132
0.521855946827
0.371862762527
0.362979425836
0.57056073564
0.371072718439
0.431784390499
0.444899573189
0.252400087306
0.375867392022
0.580516084721
0.444945321758
0.317421802351
0.192828772772
0.614965114041
0.563707091758
0.288001552964
0.589603982738
0.389731013554
0.295126598499
0.244614249198
0.277898099352
0.337882901914
0.289223398415
0.435890046671
0.327638117554
0.497560321728
0.347458996636
0.62004181224
0.407566615364
0.205981246148
0.315278061662
0.47901473249
0.514743060793
0.37331255152
0.320452372397
0.146078739032
0.282318738029
0.289804274243
0.604892778575
0.467217453054
0.456961267015
0.374184109755
0.373215229898
0.245992003341
0.288330286149
0.400485343812
0.198533317825
0.399765504143
0.580240435555
0.373261972396
0.355635690447
0.667216680956
0.389720624835
0.34880539173
0.31806109886
0.495870092719
0.40253205093
0.449114136413
0.499510386284
0.707410157967
0.36048974445
0.39565434424
0.313908069778
0.461004846652
0.261017775796
0.459827066904
0.425491941742
0.194634367321
0.340470748088
0.457639143941
0.540801528275
0.364015467503
0.477978363513
0.578306840788
0.334096425087
0.307081142106
0.447643875573
0.607765212199
0.339598861788
0.373820870935
0.311453246567
0.560046801144
0.564176547814
0.299190969273
0.318454281896
0.307839937228
0.376581304538
0.283536099875
0.67665652524
0.40147596901
0.419033778804
0.376545075394
0.366943874424
0.391560026253
0.310217236863
0.733197675663
0.454190844781
0.348882746562
0.497418881005
0.336086876098
0.230489729089
0.601421919771
0.359811189258
0.478860608849
0.379431880856
0.603554434837
0.223716609143
0.69373716837
0.306775487575
0.490174694375
0.363138446458
0.392296589561
0.536470579693
0.437255962358
0.251988357343
0.486299532675
0.481526964054
0.287679325908
0.349468401897
0.359636380509
0.491137469191
0.525937077053
0.491255259313
0.438364288792
0.294907610421
0.371066524723
0.338344581474
0.379393358424
0.240711472649
0.462934546697
0.320055626135
0.271570971846
0.325485985188
0.509000160847
0.306231003478
0.507555588929
0.34985778007
0.289184569524
0.483518037487
0.685872896489
0.423211857166
0.424458929768
0.375793755696
0.277468255053
0.442354110663
0.394736540616
0.467477800941
0.481100221089
0.209518880797
0.364462667103
0.389336352466
0.61451713201
0.381160185327
0.513728342595
0.54896788892
0.402909543091
0.345775071012
0.327491530899
0.192119090961
0.353693371345
0.400541552794
0.425051782807
0.609492518964
0.416009364784
0.292765815051
0.373535214024
0.545851514054
0.104702062003
0.466428088306
0.411748488075
0.577473504534
0.217081487711
0.453185716833
0.418338931224
0.360676949105
0.414850017705
0.463345218766
0.339784622477
0.350179104898
0.383052844209
0.658062402276
0.229537619019
0.677440958583
0.24227881526
0.284761544261
0.305587092299
0.173127948058
0.251238435296
0.434879639808
0.479165217261
0.40990188273
0.361195650663
0.528004486297
0.553948134805
0.618868151361
0.34044669056
0.398563889949
0.420470074792
0.320959968232
0.394635503765
0.317713114052
0.385322228048
0.39378228718
0.105611374021
0.125200570383
0.592323046479
0.462541081812
0.327302061682
0.419769089923
0.531115129098
0.404048828626
0.408469983112
0.338030523634
0.32910515022
0.278960141235
0.487002515432
0.332701731553
0.254589558404
0.462709647075
0.260365726003
0.36821854935
0.447483226307
0.473474617057
0.603339054856
0.450175542813
0.340955529267
0.300680462473
0.257927935419
0.30360263518
0.39703345524
0.644863735987
0.363577648725
0.394525466086
0.3956701542
0.346201619786
0.299676447839
0.533048084324
0.315037507008
0.620393910754
0.368445243951
0.226959928657
0.405811093949
0.343704718919
0.476515050038
0.329381394325
0.267636484595
0.403953509666
0.29878008993
0.315668187591
0.293454517891
0.630514446655
0.473773531809
0.56293755372
0.413417798137
0.50364962945
0.327328725742
0.492108444246
0.394535101247
0.42686125094
0.416555799084
0.198726973641
0.359155052346
0.477219429064
0.348253699859
0.239075477552
0.155726529846
0.425412282613
0.381187648684
0.411192374143
0.320616947303
0.41643610145
0.280208425028
0.490026083602
0.311997014537
0.40345267542
0.568448355921
0.372778913171
0.257097938264
0.512114973227
0.400178531653
0.597122563738
0.355729505778
0.208015168495
0.350127767857
0.357043409063
0.539051267254
0.266755847633
0.439933507987
0.494255528716
0.462093504898
0.429171040145
0.393991218393
0.482522839564
0.621569124269
0.184698225703
0.339815310831
0.588785145281
0.389557634574
0.311027024289
0.270791736064
0.381064822931
0.321406572729
0.440518554276
0.124057972329
0.467344486789
0.353558516757
0.369986611949
0.332842743883
0.42422447604
0.334829278079
0.450061672914
0.319882398622
0.268447443182
0.429935821384
0.270789264564
0.406544458229
0.403635011295
0.443116952109
0.284670228196
0.294221326837
0.182716404657
0.301693288852
0.395762628448
0.539426575334
0.20222587219
0.39481090323
0.542271400989
0.374069925337
0.190103151943
0.314003504625
0.386712828497
0.312806429867
0.413876162836
0.812632170707
0.498768227444
0.366530328464
0.419682754841
0.305928841962
0.456982665562
0.400163540276
0.373927833016
0.311858589388
0.550585061281
0.248591799107
0.579670006772
0.361715103487
0.10560958539
0.336712402531
0.285755726861
0.474851295612
0.345106518278
0.357302741418
0.252216246279
0.392749869594
0.390145929032
0.352557041988
0.497878606072
0.347079021617
0.493628914186
0.396580508601
0.342161392226
0.543915166481
0.34403079389
0.199466897245
0.24132350251
0.328899050016
0.437741621806
0.383348158158
0.322566380865
0.354072715867
0.309901825702
0.138679883854
0.276175663709
0.34715432132
0.355444757322
0.23348195672
0.257133931486
0.482540713898
0.34965772991
0.476518961149
0.491809490484
0.33808960972
0.287713071927
0.248273012439
0.372504189986
0.41398350379
0.2822831904
0.222950113344
0.347082248375
0.329962520333
0.126110312037
0.492827287571
0.462309702463
0.369381123987
0.674403938504
0.232411180381
0.431000041511
0.536887399639
0.587733446635
0.223073920447
0.276207493301
0.489677858557
0.573790463609
0.433033322501
0.288993542176
0.391720959874
0.383745604864
0.363781283276
0.514558899047
0.48919480604
0.374066392832
0.48884858092
0.358554024916
0.167948896401
0.249861263799
0.300650038306
0.390324322757
0.258188436722
0.416149712173
0.406928959301
0.420243246045
0.351356665413
0.460460936665
0.455344294933
0.275769193906
0.336459754293
0.416003569674
0.284223061631
0.241989790624
0.440494911664
0.307116158809
0.290855190963
0.323090092656
0.465130099605
0.288684543671
0.291491257085
0.516604793746
0.157644318888
0.328214868936
0.333214210135
0.27818241423
0.301436094577
0.391394778908
0.377490304849
0.379217195345
0.345128877036
0.363679332263
0.256860838085
0.423585283368
0.35713205717
0.315962085317
0.411287033871
0.398091676254
0.406166657517
0.219097700498
0.528183148096
0.343344173341
0.524954288045
0.416595541891
0.438377025754
0.427598568697
0.274373198918
0.465279270669
0.164254110604
0.396990904079
0.325605563484
0.283344292656
0.438397925807
0.563429484338
0.688041223952
0.296106386812
0.333781413576
0.352267089074
0.459544120416
0.506577035356
0.34100064091
0.256849191073
0.375662704997
0.284906150967
0.392617305415
0.24611116017
0.272885696634
0.283320569496
0.382878758248
0.303078959857
0.366435388367
0.4336977587
0.29224160549
0.470426040402
0.212659810571
0.290541393733
0.34249070283
0.538700119163
0.339676066781
0.530557500326
0.488892797951
0.377232353672
0.53685918544
0.467039536313
0.36652217991
0.329590354489
0.549089905861
0.455141339734
0.430007214036
0.339465984046
0.296642535742
0.35005641133
0.525901516404
0.28555531103
0.575688891835
0.485047569295
0.412904070783
0.305555634901
0.406039289197
0.358236627109
0.430099049602
0.315273015392
0.411025456862
0.30190671354
0.326930662001
0.241833177897
0.507884862983
0.449391881243
0.281148692765
0.470529565202
0.411118567406
0.353621657391
0.365777962147
0.551620347563
0.287534942511
0.303057628657
0.299572704855
0.262805760321
0.406865086578
0.435753137538
0.295574657505
0.16242506178
0.227729145901
0.244877594629
0.190755232708
0.457851386778
0.400397223998
0.253396499341
0.47601558255
0.266861370507
0.246522158515
0.322891839745
0.325465513854
0.123523492933
0.331917310496
0.373496946819
0.302813316384
0.248092073558
0.616549741603
0.296443486897
0.211246480691
0.380380036957
0.414060397454
0.314786045924
0.242473390078
0.45511473066
0.365687484943
0.240107562463
0.358215650737
0.24645433502
0.306155828985
0.467058656196
0.386997642719
0.368004997727
0.32310555649
0.321955948243
0.326917151869
0.576126946799
0.248642268149
0.387683936298
0.318412762976
0.723591268741
0.370781620302
0.344433460729
0.309148757169
0.314658201113
0.480723850345
0.260705609526
0.635607260416
0.243182434267
0.640437505104
0.321439422587
0.549617881177
0.238987665037
0.179152190186
0.376454222278
0.430804685708
0.273555638533
0.246323093875
0.234129728695
0.237714356319
0.35382508474
0.127786108493
0.404850784907
0.555469378564
0.378114309257
0.262630105642
0.455694910788
0.416428891601
0.273588223547
0.384747745073
0.399037821044
0.532833824368
0.481515288364
0.364663876169
0.310371609303
0.403673835279
0.291804091083
0.162109215718
0.173765032404
0.2548892501
0.148682783322
0.387909987955
0.457180709478
0.475585214069
0.172630529118
0.338146064722
0.325386990352
0.266120329646
0.224142613143
0.439187360577
0.300653153183
0.195060638883
0.207398583235
0.34623260099
0.356284152273
0.41378614074
0.196588511535
0.287014730315
0.265743326672
0.198940750837
0.207216133082
0.321203621156
0.168943802753
0.252341181298
0.324136795825
0.328488551936
0.520271234653
0.416010323131
0.254536972975
0.390994019894
0.475462907271
0.237913325289
0.580369333628
0.191745734463
0.462277179104
0.387033615125
0.425396678543
0.409153954413
0.41419609042
0.351773363812
0.269854794718
0.166097130915
0.372812045284
0.248625944013
0.0799787433346
0.386716064836
0.394194432172
0.372357039622
0.274443345404
0.396673115954
0.259841947596
0.174780580849
0.402439354847
0.532489256378
0.359758123833
0.384352132356
0.175213079108
0.263840494294
0.313657747519
0.3237843157
0.407311149341
0.38882947648
0.292180691957
0.456855583162
0.356717771063
0.482805318563
0.452114984218
0.323173791489
0.41016354195
0.170459234772
0.651183311422
0.426229802
0.434652148709
0.33809434221
0.282209611839
0.257353151035
0.24831558388
0.342069988477
0.313629925822
0.379473376709
0.259701687242
0.431197801823
0.397172411611
0.29175055518
0.304962804705
0.313452457241
0.373421349095
0.386843839243
0.299828031654
0.268971013441
0.252372340383
0.190972111247
0.44062988329
0.432553542291
0.387041961714
0.282258047904
0.514159646255
0.392882352927
0.314770942071
0.251690953683
0.187839136594
0.359178089143
0.380009825073
0.414917324632
0.445391433749
0.330387209052
0.627318047661
0.494360932576
0.206375857638
0.485008900551
0.312872695869
0.216082583348
0.491189095836
0.403135967227
0.22286107136
0.219043146467
0.294097540685
0.389159544031
0.440992178001
0.382363381741
0.314568124515
0.282828416514
0.394578082212
0.359513757913
0.199863990524
0.418769751586
0.173407033775
0.352392424328
0.194711475965
0.2805549578
0.139774063371
0.331975731843
0.636957773676
0.251448613403
0.491788905806
0.359940727611
0.272188747888
0.435644875946
0.41463552192
0.297718260606
0.371478163647
0.230453729728
0.486577657417
0.302219916881
0.428526870234
0.0716001238994
0.417911517145
0.156128734083
0.366144524946
0.345610911127
0.254230247476
0.330019651841
0.370901973848
0.506522085129
0.169658773829
0.257689317695
0.339792817445
0.389523519516
0.234093936607
0.35343235067
0.289833179134
0.4023725484
0.292787960564
0.382980319695
0.384149070107
0.423533269404
0.345912892563
0.546999950332
0.32001426693
0.440876704503
0.436863127499
0.249537670094
0.187648749681
0.229029066328
0.323615434357
0.404461391398
0.228321756488
0.426305503598
0.17422488078
0.336641561845
0.181164281363
0.39488454278
0.215427909991
0.185291754006
0.217826995684
0.480649752502
0.383743927494
0.221792041061
0.381540493028
0.284304013065
0.32642940175
0.225155325083
0.280127719764
0.290716448917
0.215766558297
0.338678718045
0.417473829222
0.340325121119
0.273000431721
0.19558297516
0.432065823474
0.497375666989
0.335805003849
0.267433232243
0.398405833196
0.383836161597
0.416932788093
0.164210584447
0.290816729854
0.187112870826
0.286248495285
0.306388448198
0.277041149511
0.272242307443
0.500032737905
0.263527723157
0.383294810024
0.38963099454
0.259518020502
0.390314313334
0.352254804691
0.393871781728
0.354162832182
0.448789828643
0.484465222255
0.335994992752
0.318832122792
0.436717847911
0.324067541912
0.252870462364
0.302299730251
0.401299781415
0.300256740599
0.27452033146
0.40476502889
0.282189851851
0.385448590231
0.324009246843
0.217480410135
0.311886484948
0.263265939677
0.263065166651
0.347197902521
0.44811148564
0.313764323271
0.479094584902
0.225710593827
0.122562539235
0.501738149402
0.437303550113
0.24313127202
0.179619587762
0.455757940885
0.223059134155
0.361708723687
0.265173121523
0.462366230859
0.171604313757
0.420794873253
0.238216884979
0.388609507566
0.3735854808
0.344458526732
0.167799333314
0.343973400575
0.44962233826
0.333993176979
0.258701090378
0.263354411639
0.450328577625
0.237924514716
0.294076015736
0.198385239178
0.268746255153
0.275764827176
0.270983191509
0.405984112227
0.380920509002
0.357907080407
0.231231755645
0.236343813385
0.394877312368
0.141687371452
0.390198878708
0.122678003767
0.267510687956
0.355740370739
0.210181963958
0.287041181221
0.471859236505
0.122767631988
0.296051465178
0.192261389643
0.265176618749
0.231599508492
0.38092238389
0.376124880786
0.30072338795
0.40595729498
0.266497429078
0.0590243021231
0.198753020347
0.278086499147
0.163150280334
0.386706582578
0.402519892517
0.274392151885
0.559037034539
0.2798385675
0.393605907128
0.299597204821
0.28857692474
0.404494735223
0.34563239659
0.287801774213
0.252961625524
0.275395931515
0.176720282003
0.421784942267
0.0891652515966
0.406649361618
0.294338914309
0.490989197337
0.260550099559
0.377932996536
0.202036751221
0.159518316491
0.22749340884
0.281139294699
0.294012991685
0.495849597546
0.240348050749
0.336825768979
0.379247936842
0.273347965606
0.332494907249
0.24471390411
0.325445598713
0.370686544018
0.197874189504
0.38341839049
0.306081992618
0.266751248845
0.170469496815
0.221955578364
0.211768771615
0.235379589583
0.145720824923
0.145819682375
0.24668450549
0.290526851711
0.307632365993
0.18369297424
0.370727619594
0.315109938346
0.335899495318
0.31306509176
0.280999953949
0.456072853639
0.227150760125
0.312589401599
0.143402672754
0.236155062955
0.212624745822
0.290235490883
0.180335758312
0.26607158621
0.433333090549
0.342352157861
0.0528015018885
0.340103568481
0.437444344839
0.190642208949
0.507945892039
0.406445694737
0.285595572812
0.204276189411
0.179083631684
0.423849335406
0.206007570384
0.289290110654
0.274412466875
0.245168532826
0.156814467972
0.219816739417
0.227335417179
0.214860010749
0.209823843014
0.251420833265
0.351269376533
0.447899773534
0.316269883362
0.49127148791
0.485264483555
0.26463765594
0.407792698735
0.398018782901
0.157384123442
0.361979295936
0.181372466557
0.309172165094
0.493133135155
0.268318912678
0.395855670107
0.165106844537
0.353345777583
0.186033851905
0.317553728928
0.244162496214
0.259511768169
0.289925467817
0.380442841285
0.180462142499
0.191756396863
0.159769016178
0.187907281331
0.214686828717
0.330671858329
0.26889437728
0.227513126347
0.179580724473
0.200978968048
0.204420303499
0.308555479709
0.393431066785
0.296130784817
0.337746046083
0.338731582376
0.467655505343
0.150475058219
0.356845037771
0.163316994523
0.304450607358
0.413518944754
0.303815410192
0.28558635019
0.245821777419
0.190828447823
0.146307573838
0.332625162545
0.364198889428
0.195496079277
0.151704698081
0.359980651607
0.155822843195
0.215363802898
0.213757192623
0.182890648235
0.515208720844
0.489384540234
0.217528748363
0.415414952472
0.269008266186
0.280160996131
0.277005643363
0.34763733587
0.254026342466
0.320346237613
0.316399778376
0.392627467003
0.339900025923
0.378489930925
0.172607560501
0.365765730064
0.263760606871
0.27168374752
0.397485423473
0.314419443014
0.318706511699
0.128592848676
0.133871229348
0.194481891913
0.311134057611
0.219482472069
0.233688053087
0.402062559568
0.283947510917
0.288255276569
0.199162912194
0.332661662619
0.455660395249
0.184999553104
0.32805796231
0.264063040425
0.299595228723
0.230366869633
0.331813968043
0.318353252146
0.308359189173
0.224566627006
0.359493433277
0.288052981021
0.129574545407
0.406395980659
0.330662064575
0.144491087495
0.488148142846
0.36250443362
0.368627720535
0.17299114599
0.302894365351
0.237313647672
0.223933044738
0.343768112088
0.280058746326
0.296728796079
0.332111592895
0.111963952571
0.173156612354
0.466325785128
0.42188481145
0.274375634604
0.175470542704
0.293921958761
0.316707810056
0.222850664022
0.182500266586
0.202901361929
0.112693901261
0.306235102733
0.276387424595
0.52359436048
0.105235144626
0.439375661381
0.327410520219
0.338696938331
0.384648593536
0.465893697225
0.163804076859
0.212660730703
0.183185167709
0.386535204361
0.246035815711
0.178292822203
0.214441782347
0.194105624571
0.307088114458
0.229682120806
0.261894413457
0.23863855107
0.247425457429
0.217125460646
0.370151179587
0.241893186824
0.45537127027
0.403553170053
0.224490869167
0.306531649852
0.228401064584
0.331946537165
0.197954332978
0.198838109655
0.378576705703
0.265695828709
0.371589777622
0.178853626841
0.156806565227
0.309459019587
0.239091931514
0.153510770266
0.266367274576
0.204892825481
0.25051012876
0.285205924952
0.221525281308
0.195578154849
0.416600745498
0.0894996196454
0.231473480891
0.36124023469
0.157894960513
0.0464611709106
0.531812087836
0.163971898181
0.29060865081
0.238060583983
0.469756013815
0.331609909976
0.354466979779
0.24631462737
0.184791797125
0.166392845621
0.208164535148
0.100585336808
0.218457885786
0.2121529629
0.228852027715
0.273940866255
0.273649425601
0.162499766553
0.219405686888
0.252215217363
0.0833039900907
0.161619228905
0.16513339763
0.420303152775
0.236588365094
0.238459922435
0.587267523319
0.223531820337
0.245176114465
0.141452858903
0.222291966213
0.183095045441
0.0937298888085
0.183528294112
0.26373768109
0.25563939494
0.194217581987
0.132744187875
0.292457126746
0.128309992824
0.112100739449
0.251188964789
0.259130361505
0.520484068832
0.344949277814
0.432218444634
0.261340937431
0.521477883709
0.288416408932
0.202862913494
0.499273140873
0.258248740695
0.355465633433
0.236471405628
0.444866123871
0.24757541333
0.154540435066
0.169963456831
0.34418165021
0.32235334055
0.413550453775
0.162962240075
0.21875856667
0.0945094436237
0.259498907618
0.256096315208
0.323290936652
0.299384442043
0.286781773898
0.224926173612
0.211019004407
0.235289610457
0.199429608601
0.362532832636
0.233612150953
0.365115401454
0.226230258836
0.222463260363
0.319865963409
0.254486335385
0.290559811228
0.162490614353
0.114596760612
0.262837649494
0.281546758886
0.303019210158
0.461395688347
0.22249355756
0.376950552661
0.474418170261
0.274565947252
0.210309096297
0.282504096198
0.131615809658
0.247837107613
0.215173733158
0.357998181589
0.286111783464
0.354041753422
0.280699824594
0.331121905206
0.275102798256
0.207422731983
0.259797836407
0.314876647848
0.0808771807327
0.127457761981
0.152161601661
0.17218166381
0.187662968749
0.349688299064
0.238182557766
0.0705510694722
0.04559518707
0.453231867042
0.275482251124
0.44435476796
0.273421361601
0.147752376254
0.276225912744
0.25257216771
0.384275668231
0.31593595845
0.217135307009
0.283217871937
0.18835263998
0.385139288148
0.117293786789
0.29682702343
0.127040388057
0.248883842642
0.284086415371
0.166849649978
0.149250101092
0.413359369226
0.16621108779
0.0892035729863
0.147788830224
0.280925979402
0.150899800816
0.0688459165815
0.223095146368
0.228513878522
0.296739780006
0.279242736808
0.13711952952
0.311990257759
0.125597043782
0.262775273674
0.397424462991
0.0739625139712
0.136753447971
0.0238833372515
0.115984186251
0.340772024039
0.146359521418
0.27391544459
0.280085322318
0.169349097629
0.245280620514
0.331149597393
0.334340951399
0.111652883907
0.256521682413
0.42712954824
0.266870632429
0.384229244908
0.106855056809
0.206973617095
0.178352036839
0.314457172571
0.281185938684
0.250100566273
0.109636937937
0.206592704791
0.393616321046
0.241382597957
0.348131255726
0.242544927645
0.31121100057
0.246046214678
0.208391858888
0.205011294639
0.47638214556
0.185412453471
0.284241742231
0.221026350818
0.151453644192
0.15149877395
0.328254620278
0.504807180894
0.121165902024
0.289263127353
0.311420191226
0.184527311353
0.177737807415
0.128991078491
0.283899441436
0.105664217913
0.18054181017
0.253547825691
0.150023205693
0.397488878881
0.345448071942
0.153223819466
0.314209817013
0.079379130383
0.314251947467
0.114625279668
0.181189122029
0.207961537831
0.111139958191
0.185248242554
0.14955783282
0.20214475312
0.212985482105
0.143269798759
0.233773011297
0.134834897205
0.184244232613
0.104822941705
0.218578342927
0.394169143178
0.290653759498
0.31907428778
0.253115618229
0.0998633802874
0.214062670678
0.33552099794
0.281481179523
0.216423145945
0.273504377952
0.249065378672
0.0927412353918
0.225247952657
0.15857229901
0.244047593559
0.416331674891
0.377716145416
0.274716954525
0.269548906652
0.153855570985
0.337856331135
0.260476744242
0.229378990455
0.240318398355
0.210476616994
0.231899729769
0.13811346349
0.238688805512
0.324548146716
0.410903337816
0.407543901816
0.155910029062
0.233276024044
0.17721453969
0.374901988246
0.23333527694
0.119933613889
0.453109148285
0.227756630176
0.3404280362
0.161378900941
0.129357400429
0.13166784847
0.222529874954
0.254404788739
0.281535537022
0.187237526127
0.266219747365
0.120792787929
0.258111764294
0.268122821175
0.106985780228
0.265434625178
0.24051260491
0.0919228925461
0.349122517241
0.124307664752
0.176983645988
0.309831424638
0.273356197802
0.157706145148
0.0810344355349
0.27311737103
0.352945812278
0.269040300302
0.134780388923
0.155757578013
0.188947319029
0.0985850136882
0.495364582246
0.289118914774
0.321910664789
0.18733334905
0.164096012546
0.290406517247
0.183006005186
0.271856146086
0.351488549697
0.271518967355
0.184075416058
0.228574095449
0.153615027582
0.20354696871
0.140916774809
0.373606044384
0.190764333014
0.226775266561
0.132863935454
0.166294725137
0.206691948799
0.155745763852
0.254592851787
0.30909899595
0.190071595237
0.403872792721
0.202886854156
0.233495649704
0.112477297951
0.248066749382
0.103236539887
0.381591872258
0.0748328188696
0.292789200605
0.150158811764
0.280766695289
0.278814697973
0.198953728876
0.101073971301
0.219873464635
0.224082304707
0.21401140847
0.281128238709
0.411617701675
0.187440728618
0.0815550571422
0.512737356456
0.188966274638
0.0595508975839
0.313917926997
0.126127657461
0.293705678135
0.0313374202739
0.271335327938
0.102509390523
0.197475528218
0.285627479751
0.19525273726
0.278796721095
0.319024468873
0.0612892462614
0.332156835803
0.107898048262
0.215597161258
0.255319416205
0.170513762592
0.102281400169
0.36947340148
0.111640401386
0.24714492788
0.236666720192
0.295375429377
0.625549677918
0.15005181211
0.15421056948
0.0835568215011
0.230330794422
0.189426005279
0.315253998323
0.0917368939889
0.0723060167511
0.259710929221
0.179641149017
0.210148294194
0.0730555824691
0.243877478882
0.212725467676
0.0840552001396
0.264396676574
0.152588789701
0.074247866913
0.103310789237
0.167804734114
0.280766339338
0.218106814712
0.12912976109
0.226810647379
0.18743933017
0.161402160334
0.450871994968
0.246620706155
0.25161739234
0.0779418233443
0.135305725563
0.199151418869
0.259491546138
0.299267532885
0.255548887222
0.365994901049
0.0702473829628
0.25426645352
0.175399196679
0.161482297549
0.166671223615
0.138980240847
0.202816343943
0.0672323358126
0.19704595412
0.0264162607459
0.103072110716
0.217779660655
0.338525402639
0.273484170994
0.180265723475
0.203874871842
0.157612194521
0.281402370635
0.0834289675462
0.169932326533
0.0373471834889
0.080286753208
0.310480104885
0.221483411687
0.224754800606
0.215868065234
0.305508901613
0.0855447472301
0.0782536888763
0.347307096157
0.091831540184
0.181710593975
0.370380044249
0.180688487691
0.339031921173
0.218344329989
0.344601985889
0.17744600762
0.285421821141
0.198715643069
0.0805050850428
0.146654254481
0.157722089119
0.143254252939
0.420148860902
0.0802211947623
0.168880897552
0.084507665993
0.116292398735
0.351910889635
0.123873772083
0.184687400749
0.219116611847
0.181630045807
0.231196344974
0.272486354048
0.124548812815
0.18918028946
0.0632736715989
0.130301768565
0.143756016389
0.0989720985056
0.178716101905
0.294572254118
0.24092583218
0.203874528752
0.158988662655
0.143838940548
0.189544986583
0.273872529639
0.183809917453
0.192256777897
0.392367139995
0.149314916757
0.138353990619
0.123124557634
0.224324928219
0.31892840542
0.179088012923
0.0712610046762
0.155429508795
0.120327996563
0.0944439700721
0.2970966696
0.338697091932
0.284766481245
0.213159314828
0.157106325261
0.108286225131
0.162597812031
0.181198196524
0.421109084565
0.119231902269
0.0574875655458
0.128117616172
0.257314769629
0.304320291334
0.133295058618
0.187423025626
0.167041028376
0.378440447963
0.172776273723
0.11481679779
0.127348331698
0.350320469956
0.14484871068
0.16398159436
0.130674539639
0.106935703961
0.186923633913
0.253038547148
0.116976259864
0.211064562081
0.105298019389
0.0828336361085
0.0802083035184
0.190821800324
0.196602403527
0.160992165456
0.309505524263
0.180920130327
0.268263405828
0.109968732931
0.157221395256
0.226664703239
0.130199322376
0.253534928614
0.101305277527
0.158083059076
0.0726172761864
0.084364616121
0.0689470457743
0.219134663971
0.341822957692
0.205777256779
0.0731544180078
0.0920049157604
0.135108708087
0.0857080167461
0.128139190603
0.208899700953
0.177958353467
0.197901840965
0.280971907359
0.364702613474
0.0300634292792
0.2728670591
0.114269032121
0.108600031327
0.132284966156
0.141653470321
0.0815029678378
0.0962318580895
0.123863891314
0.16883746037
0.163119083778
0.219358491323
0.306900288951
0.192392776652
0.0685744015575
0.137355048329
0.526034425769
0.171998745713
0.177535994308
0.129934950497
0.223328070307
0.237830095829
0.155192321987
0.114770431777
0.131107412352
0.115160181918
0.0987258556791
0.0998660795715
0.238672735799
0.0112160794825
0.194341754353
0.124113353047
0.15162251719
0.235623527794
0.0294094175044
0.411276564159
0.179504957025
0.0841101657265
0.121794032755
0.155932941395
0.398736176949
0.124321028149
0.193246784348
0.199472021676
0.0445779984425
0.115215279251
0.179024881087
0.225112891952
0.1400940501
0.166513897382
0.175887248112
0.076219260527
0.148690839497
0.188136199523
0.169426561374
0.150893345613
0.236185340266
0.143286718466
0.157565791501
0.30201525266
0.111551340543
0.114810194498
0.10717588411
0.173905428257
0.179849277288
0.0761122465511
0.170588968159
0.157946086663
0.152738715254
0.19318753638
0.0894345048786
0.103054131711
0.175916641578
0.0114929388011
0.14842436401
0.0816336837594
0.124372083296
0.150688370689
0.251754658281
0.404637703386
0.295542901351
0.0953937430183
0.209636378134
0.130689065573
0.109101800943
0.137551905942
0.30773188925
0.0725450326947
0.173894094799
0.264372833567
0.147990574771
0.118648982346
0.225321400883
0.191722169764
0.217803735496
0.243421210234
0.236860463263
0.0873778808278
0.157214722523
0.107781648931
0.348556377457
0.077887246941
0.0965700529949
0.135546872073
0.194685996052
0.115772969914
0.266291550028
0.186672929752
0.200572364444
0.179795862234
0.128055865915
0.150144165084
0.170877488071
0.210992552614
0.282254941629
0.0013560948122
0.12957097735
0.213905615885
0.289104335829
0.157954592861
0.187277043864
0.158155418077
0.107233454528
0.0727629850571
0.0635719219335
0.0517205107639
0.0367761956232
0.166989725632
0.126785145781
0.241685487624
0.208701990403
0.0853724254345
0.0779264319133
0.188349120514
0.112267666818
0.149149240316
0.282037897572
0.0102576799071
0.143752829429
0.135124101872
0.256954864261
0.293755172834
0.230700962895
0.0936113408352
0.158325982837
0.400952111305
0.16498279578
0.296226781161
0.147223446514
0.21171589897
0.138506479228
0.0847621363809
-0.000834264300776
0.208965239279
0.129680302227
0.174083858274
0.113846554307
0.144503892823
0.117604057252
0.112886968448
0.216091816348
0.0813935378175
0.103489277903
0.117124071896
0.134154528633
0.186372895368
0.177162601663
0.139395209954
0.211478422816
0.112293800815
0.246842888574
0.10271404949
0.096574467698
0.177263595332
0.143607659153
0.102959968484
0.0392950318369
0.326136512692
0.188287953809
0.150135264847
0.207446200595
0.161170761096
0.207673684668
0.345769999808
0.0533447512825
0.256352899169
0.209145041271
0.164974156307
0.130120161483
0.106605457295
0.10912640183
0.311710223413
0.20076241835
0.156235452254
0.206610299153
0.261605177467
0.124763627474
0.125129598831
0.139699421023
0.0633578093553
0.226399258048
0.249235956442
0.0709796555709
0.146444528944
0.0485579505899
0.173971031959
0.168871337944
0.229922279211
0.0518340219828
0.123307583824
0.117161929886
0.044714873259
0.172908820471
0.145347998581
0.146472726263
0.108184769769
0.090612583523
0.0892556485306
0.162601644853
0.170319001362
0.281668705531
0.198587067952
0.0784425529737
0.222316481119
0.183784209021
0.101090493485
0.110331575511
0.0863963767246
0.262887554948
0.153377064303
0.228526142338
0.13889683538
0.177566603682
0.210773872943
0.22619943874
0.150514217518
0.0675707284923
0.0436863301045
0.208337532817
0.0776041874563
0.102183734895
0.0996522584132
0.0626663191228
0.0607920811974
0.148297358664
0.302797557604
0.127085382389
0.0464766939012
0.1382932218
0.0970706536161
0.0781180338483
0.0899099066797
0.139103351299
0.109093821451
0.100669754365
0.15806120725
0.270041767514
0.147456457139
0.152658938764
0.0820653009977
0.118414304508
0.0964242298968
0.143599085641
0.0630270796658
0.191727214761
0.15699953614
0.139189038826
0.0614998032598
0.194822450514
0.0982272638878
0.113706431434
0.0881387072643
0.089327710221
0.0787996709897
0.150709609855
0.18214756199
0.189780183724
0.177507268003
0.151891685435
0.21135245025
0.0881383553348
0.121664106393
0.0912879532375
0.142939337555
0.238191144209
0.161990385207
0.124879132828
0.0360312476369
0.214176687753
0.20782642223
0.0572071837505
0.123829657937
0.106100072926
0.0705835083383
0.509532389477
-0.0131324210006
0.0841568783229
0.317751220667
0.0484728579462
0.084884887137
0.147762933383
0.261986969369
0.173772749086
0.208037880986
0.0886218853809
0.202119053963
0.174012751291
0.12603908586
0.210195332603
0.146121559634
0.250630559879
0.108390829838
-0.0264285082147
0.157549723437
0.237284090941
0.139120246663
0.206520143508
0.214676351542
0.420213041254
0.172114882969
0.186873622203
0.080820713173
0.192142714987
0.314443936092
0.119578618763
0.057697176165
0.121274462401
0.0739935618716
0.106040752624
0.0876984428032
0.0878366764173
0.357979999204
0.135915578374
0.111495082146
0.0884891059043
0.101299285002
0.151046093271
0.0979638029703
0.0785530094243
0.146683112512
0.165275609155
0.115916873117
0.0617392766337
0.114333510066
0.0677173066216
0.0590702355089
0.130322659007
0.120343607615
0.0317874168409
0.146476721553
0.100966513887
0.192277489092
0.0763516247709
0.258685507767
0.107871473394
0.228342210326
0.169747066799
0.0391604330558
0.216857393266
0.156708381998
0.102914814197
0.119110672195
0.0997230723555
0.124172752255
0.169924818509
0.0923421942374
0.166773659527
0.134381773129
0.132766934126
0.0750612061209
0.139048547725
0.223238968622
0.218010467286
0.113614846659
0.209221626573
0.108696365218
0.182393737733
0.148826722181
0.102306866736
0.0514762019846
0.120939386252
0.0871793867322
0.187609275988
0.216633211847
0.207022431716
0.115370638261
0.0833278207189
0.223009648963
0.108635876568
0.174802246606
0.300800548092
0.189366873071
0.152014463509
0.104503032694
0.304312038492
0.113074979073
0.160561984336
0.120304902091
0.139165766262
0.182931727801
0.134665440726
0.147428774549
0.147559983967
0.211779571434
0.100467798309
0.210123172227
0.170687715849
0.122882789511
0.0939669599592
0.112842941449
0.0931236391782
0.091842297066
0.108855644001
0.12475404244
0.0913948165463
0.116526365818
0.109141696616
0.232715787261
0.101934328307
0.0344613446763
0.147275949939
0.100246518566
0.0846493542441
0.15720215778
0.164227054839
0.155561365697
0.150379830965
0.133856374189
0.152105281186
0.0965649921437
0.129770909689
0.0760910212039
0.09772243366
0.05962057068
0.170119717592
0.145946644302
0.100641807027
0.146659401805
0.0822603135967
0.0998942685961
0.077644913364
0.138497027691
0.126990764236
0.20815653858
0.130366328988
0.108969934862
0.309075099931
0.0577791698453
0.106027808404
0.0935086705996
0.293580733352
0.187018484024
0.121777927451
0.302342720183
0.082728479594
0.143496963792
0.0982494764443
0.0892154120055
0.052752160503
0.119837495799
0.180558437253
0.214277884176
0.142079952092
0.131875255886
0.0915624437835
0.19157820276
0.158841059492
0.168518229437
0.0670846428409
0.0969352861329
0.124167229492
0.106859110676
0.280990761103
0.146014799321
0.153087805756
0.0728348538878
0.155672939394
0.0610938156797
0.08713922732
0.138272719732
0.112543083163
0.0928883042475
0.120822410002
0.116443988268
0.0954248837051
0.0923515635691
0.138242943599
0.0553239125062
0.158473935956
0.227694848383
0.143348846079
0.161030198671
0.169533054699
0.101502288898
0.0680636056804
0.163599552407
0.150954352853
0.109240145476
0.0604260494682
0.0989669713698
0.151324666063
0.162981008456
0.151112306045
0.0822814251667
0.169459851831
0.101753215185
0.104247459182
0.066518143574
0.0850316178454
0.248337686556
0.248139276749
0.160145059827
0.153160791447
0.229751400676
0.151733708344
0.0967555943164
0.245210613844
0.0880722249067
0.257022066732
0.134882998717
0.0887589979975
0.092963711234
0.12200048334
0.179581274746
0.0887054367739
0.0940196039974
0.113983360077
0.120098441194
0.226764880858
0.156805622015
0.0462398144181
0.0909555212241
0.273705882821
0.135380426864
0.110678157576
0.0505867674188
0.127803485534
0.102707772138
0.172737892478
0.113607787655
0.199374671153
0.180685454816
0.156080098441
0.0976171892646
0.144272046256
0.0715703727272
0.0827028037769
0.247671289025
0.107097956738
0.0845668119904
0.0707026945852
0.126069087818
0.0595247781234
0.0717754856333
0.101513782112
0.190247683033
0.081803781299
0.0818240747495
0.209935503506
0.076934279646
0.0516648615678
0.239718130347
0.120571004441
0.225301218222
0.0902169059366
0.111899951729
0.0837722909335
0.143535235634
0.0852385669402
0.103642440114
0.289831947599
0.181551366139
0.153830537626
0.158959679885
0.162960564503
0.100396869916
0.224044063171
0.0756518286252
0.224649296518
0.162100780635
0.0526397405998
-0.0166007345127
0.159430482719
0.156313378767
0.160252763062
0.0624598185131
0.241658606819
0.0853098577738
0.162354362789
0.250192227753
0.112370895502
0.032404008652
0.177132472646
0.104554952044
0.12410788207
0.232975743792
0.105778184508
0.231222254048
0.211216067381
0.0892185501224
0.262095831257
0.185853047822
0.152935344232
0.0406739824455
0.0657475319346
0.190382843359
0.0590444112412
0.17475125692
0.0661053690199
0.108033625874
0.164863531066
0.222851353899
0.0781889873542
0.195393627847
0.129534771351
0.140492644009
0.102068334441
0.169274606561
0.060746895972
0.108068903117
0.101898747247
0.0784903036703
0.111361669042
0.0921476927811
0.0838537072424
0.0630742970395
0.202909929562
0.159520387057
0.0992970726512
0.102897363566
0.0487623715375
0.0880503634457
0.0806796336841
0.118280496996
0.0965933601832
0.0370189598653
0.120802995868
0.084653705458
0.02381788758
0.112704333708
0.154565534078
0.0744093109624
0.0692160115906
0.101511812136
0.166719023904
0.0672264318274
0.0665231030912
0.180382301286
0.033534397474
0.176074193327
0.117304232579
0.161529211446
0.200060654886
0.151633169468
0.16518330495
0.229613960344
0.0660088152434
0.172987234671
0.0285195634173
0.0887268322753
0.108976539038
0.0455543451933
0.129749584281
0.126615738072
0.131039656745
0.0604286834287
0.14018868572
0.0914122766392
0.094948031257
0.0574376359342
0.0943138791731
0.0628377950425
0.061633415606
0.0798561334759
0.128195902762
0.20530738188
0.0653226381295
0.165725809206
0.160248067716
0.0918607009786
0.0772807389131
0.103017309857
0.17252993732
0.100813770958
0.0552014023848
0.0526440645889
0.147173891666
0.154421137914
0.168425885413
0.131885538565
0.103104640759
0.102792190744
0.151332381543
0.0913928488598
0.198629883928
0.00882462742636
0.116420243087
0.117691749772
0.117793182929
0.0825586158548
0.232449175372
0.226053404792
0.212902921539
0.171004489434
0.0660952925261
0.0579489910481
0.210482804796
0.0978590609958
0.268091240078
0.10373746012
0.107008570525
0.127333767744
0.109936262564
0.167250237899
0.0499001122566
0.183725708496
0.197774800708
0.182391470493
0.0766026347657
0.11774454317
0.214122388981
0.088842184939
0.0963666441477
0.146050549745
0.17946244275
0.0735673179224
0.094370401972
0.0998605428182
0.0841536802777
0.10818650116
0.0921060936545
0.104904928425
0.0576402109375
0.187886354392
0.132674827249
0.0880113847036
0.0882337460147
0.157220018409
0.159936857663
0.0718177035136
0.19806299229
0.126143713183
0.121423213043
0.152659507352
0.148552022185
0.0839504655498
0.0832987019617
0.103630313717
0.072490154102
0.13113398304
0.028780808672
0.123092214417
0.150846777257
0.0391946398748
0.0935299838258
0.156234022569
0.130833559116
0.109306215326
0.179145586393
0.0844962327742
0.14089676449
0.06006423978
0.133833975114
0.0917331472956
0.0971147215715
0.0713279080415
0.108053837345
0.131279268082
0.0700657372718
0.0859293882961
0.105997356561
0.043901007797
0.175991439535
0.144380708144
0.134873721173
0.0887236993699
0.125607151472
0.149227937886
0.0853445665972
0.224750634612
0.127625650228
0.168304802207
0.0872726003648
0.0174789673233
0.1227322988
0.0765880764083
0.139299354839
0.0952811059324
0.037783997714
0.0290223210036
0.0326521700303
0.0758390812225
0.140928404072
0.151873997619
0.0464430197669
0.192913184752
0.13486921492
0.0451376323523
0.069780877874
0.0888670771993
0.0348067870377
0.0544302644463
0.212626070891
0.0547712888229
