0.119013210281
0.21348820837
0.219817675826
0.122504598988
0.0480915122141
0.176773551349
0.0598999808908
0.443460006019
0.416241422087
0.182379293771
0.0525133819931
0.0939350791864
0.161316313722
0.131812347668
0.103218917991
0.0213036468939
0.130053813925
0.670881767408
0.0286292769255
0.187260520032
0.0466883054476
0.641254441838
0.667590223418
0.164749201904
0.585120773186
0.154481614586
0.138182125221
0.582938090665
0.284822131709
0.116520032512
0.110298277639
0.331543046214
0.541116103987
0.394111264932
0.197117151881
0.269757180122
0.156050588191
0.398620174668
0.174190135033
0.117695184185
0.185247120268
0.064329110138
0.246890238537
0.30568073034
0.150861494953
0.095101433315
0.308947396971
0.268699035048
0.160686683831
0.383036731982
0.297759079094
0.124237598726
0.14598123423
0.163415261832
0.729172892718
0.122746511554
0.189102260402
0.200944570021
0.179771810235
0.162171742818
0.125686896864
0.0984688851726
0.0636006718131
0.240069863815
0.476612473145
0.187549861733
0.0691850289597
0.199243314267
0.116249787035
0.118195158857
0.0213186633506
0.140499018012
0.176615513758
0.20508891413
0.201135849735
0.095315799316
0.261552207371
0.224405227165
0.0878107910961
0.0647231927746
0.0339053285908
0.466611071582
0.0652188762063
0.151427676012
0.390452258718
0.457646790612
0.0804399857575
0.325999769907
0.106297705191
0.161077142952
0.0796671214396
0.0787950116847
0.614577118697
0.503911849664
0.616239412041
0.250737166196
0.340424046668
0.0202987952111
0.0625613482803
0.0782698099166
0.291802676417
0.147531262656
0.0430790107247
0.0788190344038
0.381319446224
0.0763408250457
0.0814482267628
0.1552642307
0.0807730264916
0.766601725215
0.199835931226
0.262832207169
0.0505684638296
0.152852827415
0.605435792118
0.0498303971015
0.189919127016
0.250767531189
0.104459251692
0.544678631729
0.156395842277
0.152582625807
0.0946461561529
0.589614263636
0.139151086611
0.383113162165
0.460782836432
0.100791130056
0.252891419462
0.125793384115
0.167001640805
0.101383801141
0.142431639408
0.13051535271
0.401206390286
0.29577712563
0.141093630623
0.15779283811
0.402085912431
0.235257414975
0.207130407639
0.221662525501
0.14374676134
0.297395040842
0.355016102159
0.701750273037
0.65879361196
0.240136255533
0.491251171739
0.139832374938
0.162257221675
0.0812485904989
0.19565645527
0.148252375569
0.158890763065
0.158864289583
0.137089985705
0.0430946386843
0.426618728318
0.148862767036
0.0765713137131
0.262190993145
0.159808901676
0.124593763957
0.166287811118
0.315986769939
0.136155337595
0.0924875147715
0.339222447414
0.14519225226
0.287955379794
0.367511318447
0.44101096013
0.341418996762
0.19165975945
0.328073570788
0.20323535111
0.119667521734
0.122778664918
0.240879684292
0.321535043636
0.0817300291225
0.67069363704
0.116438005088
0.325026998995
0.0881849973191
0.119567379684
0.125930014672
0.337209834036
0.0690330918207
0.0629976848613
0.473730118249
0.168762103225
0.209020618878
0.140504991446
0.0874835063974
0.10741522166
0.121890471442
0.112328751142
0.211715662328
0.162968042761
0.118092159088
0.382665468714
0.119244834264
0.195983965209
0.20958685129
0.447991241798
0.107296952333
0.19029285146
0.11933219467
0.159256939368
0.0230466549724
0.0186965173465
0.118995483401
0.139077520021
0.380561107228
0.400790547016
0.205798786697
0.20069639088
0.36328661652
0.189209308113
0.421791403631
0.0735020238332
0.115839930812
0.517211459232
0.536854312311
0.396070896032
0.199293287848
0.213594932962
0.0728496754705
0.132121661006
0.0659007024537
0.147679467173
0.0431432675444
0.199510523181
0.184620573488
0.214141244182
0.126239902006
0.12823811101
0.131889364689
0.122974046821
0.138189396701
0.281394354279
0.0874398522194
0.212516005828
0.0648721265514
0.147679467173
0.604811246897
0.251962483252
0.15852643334
0.145344808971
0.123784137213
0.376364470827
0.378372946896
0.268951006326
0.121815333975
0.0561464496877
0.329594237626
0.46924089935
0.237282332306
0.265656898138
0.678159023465
0.253918116095
0.140111254062
0.0490830482103
0.17809505497
0.235648509904
0.182630865701
0.157501840014
0.13365133953
0.434847660397
0.207211665245
0.276102835489
0.330517496853
0.111648857083
0.188303493875
0.65328978687
0.383838123162
0.518863272138
0.375736767321
0.632555312495
0.593778631591
0.109168695801
0.774431529744
0.443232486167
0.353466513204
0.181362354681
