0.0920447779598
0.186519684823
0.164908033709
0.0968099113583
0.032131728462
0.14899639597
0.034490409578
0.455128640826
0.389337081601
0.139522598637
0.0424493165625
0.106120896796
0.12812961472
0.131032010661
0.101308838106
0.0195963816463
0.129399473119
0.624120200189
0.0251688750479
0.153709474259
0.0430501790445
0.602780877095
0.599398397837
0.146116378278
0.554816107397
0.132438129317
0.1411400148
0.559833998407
0.225834580483
0.0992860342041
0.0959596901038
0.280137828249
0.522246218224
0.32413627565
0.155688246873
0.278563612845
0.167627075951
0.353098030062
0.161774902277
0.101265394708
0.162300786597
0.0386334442749
0.170218462255
0.233303878677
0.120172250835
0.0904323202645
0.254984586134
0.220818808348
0.126958521395
0.307499449101
0.273122491564
0.141348025604
0.0943488601409
0.140545996717
0.692831575687
0.110486457871
0.146592061279
0.178025376705
0.139587680947
0.155018848228
0.109358583984
0.0506629009573
0.0550931598575
0.195202132917
0.432150684762
0.1703888116
0.0248919917927
0.184011755891
0.10765157908
0.0818821131026
0.0242760883464
0.119540654237
0.159815348221
0.210184101495
0.151501499472
0.113909853697
0.204083762106
0.236055366803
0.0796212660171
0.0538992018242
0.0267026006449
0.413919891662
0.0545712750741
0.163128652829
0.3680847504
0.430049524021
0.0497450145432
0.277514329512
0.0774437100222
0.130875376688
0.0765471248863
0.104868772679
0.554662674018
0.462427118362
0.547212547003
0.178487692594
0.287126195611
-0.010515236136
0.0801536720029
0.0820347868477
0.279784832238
0.113817285572
0.0305627409562
0.0627049118286
0.341055866666
0.0951300314338
0.074329428598
0.135799363357
0.0700169488159
0.70899911149
0.176345954637
0.242485932168
0.0617156042768
0.102974915933
0.561807676293
0.0299812930338
0.178293763633
0.21069706378
0.0674902460821
0.542807496633
0.140548616312
0.132353448876
0.0895480007329
0.537008071642
0.0971083137362
0.340530678652
0.422406341293
0.0671214855503
0.247931514384
0.124306419361
0.152135370146
0.0751793871165
0.109786743549
0.120612253662
0.3728220514
0.27838918037
0.10862049298
0.152965784855
0.351531131707
0.204731118556
0.16171907164
0.208433199986
0.124781990694
0.223978498005
0.362305225213
0.704071525414
0.621431357872
0.197942922167
0.476439949176
0.096253623312
0.143667461165
0.0727723105968
0.172307302708
0.13041007583
0.141642544903
0.170430834647
0.121062390251
0.0684663053141
0.403842541598
0.140867517524
0.0740337173633
0.236713964781
0.139595904087
0.141161727707
0.155269882739
0.285392927756
0.141190220061
0.0724349469261
0.339212571536
0.120892082905
0.262562539751
0.319010817963
0.410773952017
0.300488802278
0.165463048151
0.285864707472
0.154618391637
0.0921766972428
0.130940114265
0.213614739531
0.262593585325
0.0778097494077
0.632918023906
0.0983544833975
0.288350280036
0.0839399458249
0.103696346941
0.107988245675
0.315518913654
0.0616103633182
0.0844218295801
0.445640229749
0.159999798684
0.177700140862
0.119879975729
0.0949220389607
0.139110601256
0.102224657677
0.107711128655
0.193347468307
0.129005465311
0.0888769074038
0.379324934911
0.124729866603
0.151506409194
0.166115392597
0.400971723537
0.0965342956149
0.186408672071
0.114491664438
0.132889493375
0.0231043099577
0.0285290834736
0.0755762921966
0.0948921537992
0.345807880519
0.369772496819
0.181829154932
0.170434239418
0.33785061808
0.163269080702
0.405431354888
0.0753459529041
0.0815141835237
0.528656281883
0.517334969666
0.347292044081
0.140570284321
0.161469335018
0.0213097771598
0.138573841942
0.0519009287139
0.144963372718
0.0401223763793
0.177245017446
0.155111224315
0.184258776527
0.132386066151
0.129678326817
0.0978636150098
0.142755293518
0.127317102957
0.271970615404
0.0890256995259
0.21142215842
0.0391648526107
0.144963372718
0.551804359454
0.243431101124
0.138417148801
0.156151302925
0.068046249559
0.367045049169
0.375314917439
0.22675461717
0.12372159248
0.035485570905
0.291677598616
0.421192893829
0.217497087496
0.262856466903
0.635961086218
0.243769372692
0.129710601779
0.0134912135168
0.196193825172
0.230349004841
0.171289281747
0.137895030349
0.118708882901
0.39345368445
0.159010162466
0.259375815174
0.269074109137
0.0891490782566
0.151839415527
0.595853132722
0.363035686837
0.514022950335
0.310611768326
0.567579515668
0.567191495538
0.137378196856
0.718400280598
0.409909838211
0.324455783029
0.12664640074
