0.0814322243453
0.320983419166
0.467655150426
0.542594159034
0.396708778459
0.230853569398
0.522767299433
0.137808176701
0.770841383193
0.515538802813
0.270951836734
0.477376791927
0.55095800476
0.468813151542
0.212743021074
0.318883099454
0.585048341011
0.269620492906
0.367799674823
0.254318710684
0.145098641295
0.152051318635
0.32121047567
0.677373865611
0.890405561232
0.476690526028
0.285972683257
0.19195505872
0.513337363044
0.0942239237535
0.701584917545
0.677803647606
0.31606458662
0.159698736389
0.47940463517
0.293138277016
0.460239572834
0.472113504585
0.360534290144
0.71911561746
0.452990062578
0.459694832192
0.37289372407
0.179848625268
0.564785585175
0.0871188040588
0.174684891126
0.49496257779
0.28606165718
0.413657476774
0.248645442439
0.293978606358
0.514972681284
0.205820057419
0.222866736423
0.149135450247
0.282491363953
0.37133863356
0.607223669589
0.587282510371
0.237845844867
0.525956986863
0.865646131068
0.564816523726
0.649517039966
0.276382216408
0.426779817453
0.268754759571
0.11583451531
0.248506442189
0.25173413422
0.526597665792
0.365857925122
0.118509989232
0.385406006875
0.0582345236368
0.274129066866
0.129533475356
0.295726561196
0.337536242302
0.435393401022
0.160669986266
-0.030418182569
0.253470029709
0.438017661398
0.733498691003
0.493705057842
0.550343135896
0.264321615341
0.507717553634
0.517052931942
0.240493611803
0.729598350206
0.356329910506
0.566466772451
0.165446076378
0.303489531908
0.56706952309
0.211799394745
0.187466406345
0.14310094691
0.2477277485
0.2477277485
0.178145815511
0.231171789252
0.207925923064
0.251351986929
0.0548997547856
0.139961109439
0.196861550739
0.0666303152039
0.500934963548
0.295245921456
0.400809405346
0.577795398842
0.711888339841
0.330884679242
0.611170783817
0.272540404714
0.290656723908
0.472287297921
0.749992804567
0.37911566096
0.244703383986
0.364197484222
0.379956841767
0.395484396764
0.747167833922
0.946731509313
0.610176627949
0.229000495015
0.319940694923
0.336726135715
0.434392573911
0.805091425241
0.62378270146
0.180251926501
0.281051716037
0.720490761692
0.532655732746
0.394848390829
0.155201350583
0.471263406321
0.640654375872
0.323222864335
0.423203725329
0.4586379417
0.683634274815
0.24109691015
0.393651888864
0.619612114865
0.172181401689
0.562630189573
0.299632916501
0.326010037535
0.517623216623
0.309585395546
0.965770217301
0.136446582393
0.232673652777
0.145529142501
0.612839725388
0.426630702502
0.344804295369
0.311346057889
0.173626196671
0.357089419794
0.413293579718
0.310000551061
0.356840698683
0.355298286441
0.499069730603
0.329753073496
0.20158307781
0.322754868244
0.415234193946
0.19181172616
0.16084141476
0.538573334569
0.239059436788
0.102276033659
0.123733678659
0.794989993898
0.206500018372
0.212493448553
0.252518801083
0.710065436333
0.223159198341
0.626986045135
0.579543284753
0.414357179445
0.402631668286
0.241574556323
0.275268469158
0.262679282495
0.612861262634
0.261018551894
0.49757997023
0.0734303531241
0.271597550419
0.35526851921
0.284094482706
0.370258418892
0.298937954896
0.294492066548
0.528203135279
0.587407189367
0.191265054697
0.297394146686
0.470254502894
0.422236972158
0.449309436841
0.217199505581
0.247384882727
0.403196542143
0.169284687125
0.410340898052
0.339957614071
0.165886090401
0.133210671506
0.164225404911
0.284793954819
0.341893199385
0.147363880399
0.382187678281
0.431959689353
0.252691581313
0.277300429973
0.535645504748
0.0689467442457
0.478006312578
0.925052005554
0.286740726894
0.16702409302
0.972492619785
0.432353474997
0.323002237381
0.317890158661
0.507267175462
0.235154725303
0.21061624428
0.191419969024
0.214579795462
0.860947923773
0.516578865299
0.636877459248
0.163568362175
0.471625659307
0.214667918051
0.313573776871
0.273642107357
0.558418140298
0.269198658911
0.299555058433
0.443092286013
0.334437599224
0.453729038392
0.349594439204
0.292264323553
0.578409952021
-0.0229295840863
0.151701657685
0.241435164088
0.569302446918
0.44970350672
0.244098810704
0.0767111114634
0.224160687392
0.247620852262
0.352339918477
0.560616227704
0.493320285793
0.219977326248
0.291199604641
0.217372569715
0.326622987677
0.26949251575
0.350919478153
0.575862714896
0.230234826611
0.277786310879
0.245988168337
0.427440730674
0.345351367631
0.388309657649
0.339686331827
0.180203154576
0.22002474953
0.280087738611
0.423582072515
0.336819755793
0.575918454685
0.0657412995966
0.33415239185
0.481863203515
0.307158920652
0.50698143662
0.364912343011
0.396238757728
0.152676392076
0.355349052217
0.257190917829
0.49900661486
0.571797714346
0.0479899118513
0.400147578933
0.188181195212
0.277064271061
0.232959066079
0.127243487241
0.422714160011
0.26575095797
0.475425777524
0.230205304604
0.0585803175549
0.171811610835
0.0630501545819
0.597419539368
0.286665433595
0.207529060289
0.190654821512
0.673987243178
0.219921380074
0.299614084805
0.209471552018
0.4285257222
0.303596654281
0.620133718047
0.108381124452
-0.0246481113388
0.286201377027
0.379887509192
0.199266061648
0.219551367343
0.31126788676
0.328900568032
0.379419044493
0.75117881378
0.425240616347
0.192144979882
0.337510557306
0.103125802356
0.117591177718
0.46578794638
0.39139185575
0.245619790638
0.314134999387
0.525860501032
0.25185035023
0.349601139924
0.737303914344
0.564711125859
0.775719817894
0.440413146402
0.206468081957
0.197990702223
0.210206146478
0.530679417388
0.228035356618
0.790985572168
0.476171414192
0.474336875845
0.317704109144
0.531507863632
0.214858916311
0.445978375515
0.174179952988
0.541984834417
0.342917412274
0.178640399219
0.590517389817
0.445431654834
0.632291056842
0.310881811958
0.155604565872
0.375970014648
0.546327052156
0.192028319121
0.596075048302
0.148888286492
0.330036433146
0.32175687383
0.124872156928
0.127724284973
0.255402115932
0.381169592873
0.183070361961
0.293089209921
0.249734049823
0.179561262972
0.338203183248
0.319661022089
0.222994969607
0.417906619566
0.537673586194
0.193805144673
0.1363163568
0.595697263168
0.699731578337
0.526203891068
0.436439149063
0.353235492844
0.163734605771
0.251539155819
0.52906557613
0.221136240505
0.3772074095
0.529035635309
0.561885261225
0.12391385206
0.563257563708
0.527391560341
0.44726704184
0.176410486756
0.485172764499
0.156107706435
0.00276180082514
0.596802714484
0.205783108003
0.24780969701
0.405810113518
0.276626520753
0.200281955839
0.407413946299
0.440157929719
0.66879795945
0.163215856719
0.461690066124
0.356657972901
0.504329509284
0.31994628241
0.403422507424
0.282772351264
0.212836231114
0.361196754444
0.211124084718
0.450189975029
0.146737108675
0.169030735285
0.189120749838
0.130068615367
0.322034030365
0.638675314586
0.337062237504
0.76922661094
0.688293139707
0.137846347832
0.292196544084
0.283953066293
0.192704776826
0.146958572505
0.231473630414
0.169857584668
0.303451084894
0.390724135186
0.291602818847
0.346289313435
0.30082625727
0.43870542839
0.211942634446
0.28473489359
0.0970427443677
0.232709824517
0.531625124294
0.381218581302
0.150472100226
0.179712527021
0.374076479301
-0.0500854365935
0.311789769724
0.221907902986
0.244102311738
0.170673524556
0.403437614377
0.201682292444
0.541336705216
0.236640308227
0.261514922484
0.428778360794
0.0724472578002
0.273784074288
0.400635644626
-0.0422370781981
0.360144583594
0.0775257967088
0.473239069222
0.32196983869
0.202673521663
0.212091396515
0.314092223587
0.244948481466
0.355011653177
-0.0297042268517
0.355492900097
0.333292032665
0.253364309186
0.169881516532
0.473069635085
0.458893665748
0.404958963563
0.208152442573
0.435850944621
0.452591998659
0.215988617726
0.241703744662
0.416525025156
0.29440725987
0.167577855279
0.532485756843
0.081460728763
0.0242207084452
0.111531710641
0.24707461746
0.185648711352
0.262955534799
0.24318730447
0.253179421657
0.436351629166
0.406350499118
0.288333100072
0.267361110753
0.0748408970484
0.498101488386
0.454927358822
0.558912120714
0.465038030176
0.495912347678
0.276923064478
0.331420157634
0.43855828201
0.261822397441
0.337288016471
0.263483223012
0.11977831648
0.1933700257
0.292243574182
0.213616396795
0.153963457257
0.280011800517
0.492350022661
0.595284727397
0.258217141486
0.204869788399
0.278424479563
0.565810951262
0.240887895891
0.00640183046899
0.724423438708
0.204261912814
0.278008141316
-0.0558129558945
-0.00547760945859
0.199818620977
0.417450425226
0.254764743645
0.167994458728
0.129787435416
0.106851812768
0.0340900995614
0.115231569133
0.309356819823
0.0502609229383
0.558350466702
0.621861184823
0.236271378064
0.666726947378
0.46963151444
0.279692018753
0.229894362085
0.312326092092
0.180552023369
0.237979723867
0.189096068793
0.516647822369
0.335666858499
0.574724161698
0.468784657142
0.39002514378
0.469891091631
0.817247390623
0.467560428591
0.316021634697
0.509679701198
0.0956029890277
0.278276018708
0.378627095028
0.366213255725
0.542046559044
0.511045092752
0.152574090797
0.135652196325
0.335890529367
0.368219561778
0.405024420797
0.278240107829
0.374085253289
0.0947941376025
0.386110791023
0.331628379183
-0.0469754355402
0.0826279579759
-0.0651666381271
0.125644961217
0.0607774879604
0.0660178655693
0.0530340864262
0.661206913005
0.524469988851
-0.00944181731036
0.158324270657
0.642579693559
0.0865167016536
0.244563239135
0.0708778996107
0.312422878962
0.509360123921
0.204928869247
0.312234397273
0.211241336832
0.496676378015
0.321191352384
0.46236604308
0.238016789138
0.166869732549
0.0902371169754
0.272992972422
0.26893780362
0.365185252836
0.32932009712
0.621842123015
0.403363208893
0.476707167734
0.455121373342
0.265282733849
0.10567017056
0.288279333202
0.411700061877
0.167789535867
0.53797623843
0.278299101
0.543670410628
0.390206548133
0.395178930087
0.182066221368
0.414821570385
0.155979746906
0.539119100423
0.105632230067
0.356972151831
0.431621550714
0.37645645292
0.230674125518
0.270977972801
0.178367236919
0.272831565282
0.345257762866
0.213439466001
0.24297709165
0.48867184881
0.292447001966
0.706049002909
0.220170835765
0.313153089377
0.334043024951
0.335302879023
0.147727573561
0.367242144659
0.519534142381
0.341168644839
-0.0573111065689
0.321206553194
0.270065384077
0.31752483692
0.253074442048
0.0708728975253
0.402291220411
0.143232425169
0.499162313861
0.148216896579
0.72219448927
0.27356154023
0.350973266596
0.334185405126
0.205800017329
0.235404188809
0.175590510624
0.2608695175
0.194891509458
0.319718277694
0.358259100133
0.411645507585
0.388834658762
0.548041631815
0.253907860073
0.607936745299
0.594723640617
0.194552492665
0.371446620887
0.275103578546
0.0879364079167
0.199354695627
0.697173945387
0.357722354865
0.364025659481
0.235213612774
0.402740287526
0.0509920422869
0.114469318924
0.352869346075
0.149568874392
0.3176369695
0.151918593788
0.031177855198
0.185093600476
0.0230211718069
0.0399414545225
0.310473780935
0.0156441095381
-0.00551209974263
0.159177263191
-0.00724809388705
-0.0983808888716
-0.0815273164825
0.0843922212183
-0.112144774879
0.0494172085487
0.0100873211373
-0.0527867338968
0.218949731011
0.112863126336
0.0423581565556
-0.0351161553238
-0.0120618131415
-0.0234890301203
-0.0239951218343
-0.0888678893839
-0.118195019726
-0.137502460232
0.068937780755
0.0547062088798
0.0516615654009
0.00858021951478
-0.0539034884736
0.0855308108581
-0.00187542054242
0.15030248029
0.0224284240293
0.0622201526544
0.0391865206182
0.194004041286
0.0196190091909
0.0515121836692
0.125072927241
0.0808242928729
0.0363694185306
0.154113701384
-0.205527276795
0.0641641566256
0.169453726582
0.0645771357964
0.0208717715694
0.0572632154778
0.126205556269
0.00353390806154
0.0752301514406
0.225573437583
0.0836627850345
0.109787907131
0.158848391493
0.177438017915
-0.00075395053878
0.0203699317121
0.0399878945824
0.103111794377
0.110323979144
0.0640966649522
0.151252518448
0.343763960941
0.191846107189
0.681039909926
0.291210601029
0.497481247167
0.734895360557
0.20757317644
0.300046658632
0.333740329015
0.675608451162
0.510874242364
0.475595592786
0.487131932441
0.533450075395
0.342689724043
0.362505836531
0.291705597227
0.441619807675
0.577434848984
0.890873456066
0.239390716938
0.264782601944
0.588048585658
0.65877515206
0.195675716649
0.260259251742
0.742047071712
0.479308922255
0.472824920172
0.230820923232
0.235199939764
0.581479011516
0.527172650483
0.236329488958
0.250399051558
0.707839763594
0.765930382691
0.281523930272
0.708262330477
0.650458338054
0.60522497228
0.198442167897
0.53174289436
0.383637268027
0.333414800065
0.209403484418
0.427638605739
0.738696800239
0.198301602242
0.37296662496
0.629301676035
0.274886172772
0.355606554404
0.384659282977
0.26980517788
0.621356594802
0.763712134796
0.565928814662
0.440604357555
0.264082052596
0.186806457653
0.281887292776
0.306327830242
0.409983292394
0.333173444817
0.271770825432
0.213129841127
0.471897277699
0.419508717962
0.387066661381
0.520839261847
0.248367219535
0.270500639262
0.698713290506
0.805371158916
0.491447805657
0.2680759164
0.444031887494
0.312365937813
0.151456714329
0.205236480006
0.42708416122
0.241377880975
0.793506599927
0.370054082021
0.161920623435
0.696730115911
0.270260508933
0.271175300815
0.276128136774
0.47510255783
0.446337134926
0.326142797682
0.381861925793
0.337361001748
0.565448027296
0.584015189164
0.173278464787
0.206725950375
0.446048673122
0.479006834404
0.508675784157
0.559364121243
0.190815140832
0.223978896268
0.267010409651
0.117260122073
0.703756351374
0.617243879557
0.367626303408
0.182879445196
0.385275820334
0.499598243335
0.576025033178
0.0669817310798
0.638063227563
0.286644736816
0.16464751278
0.544774254609
0.491071712527
0.438164224385
0.535878511489
0.560221001995
0.389000018491
0.357500812634
0.656569125979
0.318220513394
0.430065041394
0.633393318871
0.353755819848
0.342576881499
0.55269269389
0.504664412569
0.265089328389
0.574826024939
0.72381915793
0.414120325663
0.632364902175
0.379355682412
0.660237531371
0.346113637966
0.487750739268
0.208415166301
0.307828521436
0.418402066493
0.46889781685
0.44986473924
0.143305102325
0.753565365462
0.503284651908
0.374687818965
0.616692773256
0.481215069355
0.353342414594
0.28016173192
0.435642946935
0.625516603044
0.285610070662
0.552185270193
0.544151694992
0.244577145931
0.371958115113
0.31169676213
0.32528281494
0.404490133419
0.473030558611
0.522122066897
0.439309802303
0.354644161848
0.516792866887
0.249679073155
0.682980490254
0.26392325104
0.319939756476
0.435721236449
0.621724158301
0.170670543037
0.431054973108
0.230514387627
0.446275963578
0.16697572737
0.318097222585
0.663722030353
0.345462696464
0.429807934791
0.174071591759
0.169423098346
0.436687895299
0.290118579337
0.379109661967
0.168721775811
0.487101832038
0.255061100012
0.294660270531
0.494585106601
0.261665612748
0.181296588198
0.201318549957
0.273095300881
0.39905945129
0.539668822912
0.518980529243
0.442919332216
0.19052377206
0.299731858653
0.459899088309
0.208483872186
0.337562721154
0.42360319333
0.252780146799
0.486046553831
0.233826691635
0.290289948697
0.113001664257
0.137285981057
0.103576181348
0.411626724188
0.203189243491
0.284703239961
0.340295049063
0.358363143397
0.491611373005
