0.449303414523
0.371839380901
1.0
0.44792915641
0.453689844211
0.52535865363
0.422604826705
0.448586032244
0.392964465317
0.653623976178
0.405696880796
0.419189940567
0.682016115729
0.633126228779
0.567690077344
0.248876396773
0.429474687884
0.255284410693
0.592468540744
0.48933505924
0.51290157841
0.216992261953
0.208011280794
0.177137347006
0.299533159448
0.400803800967
0.330215045474
0.29349472309
0.325179005072
0.476593947569
0.649302789792
0.623639297692
0.13048750077
0.178752354187
0.693010118158
0.33284032356
0.335132513043
0.67712081383
0.622988852379
0.188904921099
0.372208421665
0.361547942939
0.7547011179
0.676711827807
0.55288380902
0.456221869331
0.39817559455
0.369721280978
0.141576886808
0.510180781729
0.487074830054
0.37911121301
0.259516825441
0.472992189496
0.293233576627
0.721071368242
0.203459564635
0.222526758736
0.492363274008
0.561772728327
0.290898236604
0.262896123697
0.477920720764
0.673397203211
0.732493972696
0.442036879636
0.863325436554
0.789744852064
0.65538985334
0.67934264448
0.651881233803
0.318837007634
0.696910143221
0.896715490667
0.515423988371
0.470732799448
0.535915000461
0.34850176364
0.357569288441
0.370996481082
0.0628065631529
0.605071600502
0.283799715442
0.25453738216
0.355717839458
0.15644359135
0.392347383558
0.277553196521
0.400266350489
0.215111071869
0.365728141958
0.399058627252
0.202278011318
0.330221504908
0.159933448104
0.215331454584
0.531002589549
0.623639297692
0.362088115673
0.400831711939
0.347238573227
0.306267264199
0.476593947569
0.36049571242
0.198010031726
0.351683416923
0.182863103623
0.426565282124
0.315961625124
0.307266418094
0.265567665994
0.301688136001
0.143522454891
0.302053832915
0.385960480558
0.689325641711
0.258988316064
0.17069277178
0.256025947383
0.263559091535
0.169640313447
0.401613935661
0.322778364295
0.387648808906
0.570727441903
0.437953356394
0.582360929699
0.43469241058
0.435903271873
0.514691142204
0.374232172974
0.450609641871
0.442794257622
0.446795838177
0.371906278167
0.146635143445
0.15441442693
0.458197928304
0.201372534473
0.188323815808
0.315872404836
0.491441250717
0.210273689922
0.0831170411749
0.176726945423
0.210787567234
0.110142083079
0.54059742363
0.278611550706
0.279922203811
0.413078722836
0.352454623522
0.361994804237
0.288774414092
0.408899345071
0.253100606822
0.409357547709
0.362952932849
0.313505390457
0.444512694993
0.383876947008
0.186554247362
0.23534071087
0.503280858819
0.354147326197
0.438418862931
0.322221487391
0.563880086145
0.306981841792
0.341295203573
0.707931087105
0.232952579379
0.262052678877
0.293612920428
0.287569969725
0.58192819216
0.497626638895
0.519842975572
0.441843770407
0.372786735241
0.192889922603
0.324279982416
0.411398412949
0.445507985607
0.39683837768
0.137703419239
0.30541006653
0.414028431069
0.305083732816
0.28941345153
0.301404541198
0.430928430641
0.307006745948
0.3267561196
0.286216076053
0.505379685003
0.423235334204
0.327698293116
0.276330576501
0.34492966257
0.457734891137
0.381870357745
0.191202301502
0.115722207712
0.607004359483
0.415900532649
0.179152353205
0.502659793587
0.286319934028
0.777223229554
0.185701590849
0.31936433814
0.403182546822
0.240927689067
0.471772101763
0.37241970915
0.232052247017
0.496166504686
0.221377625396
0.211721962575
0.301648079184
0.182915725684
0.294753233061
0.328465595641
0.404248410712
0.274889683537
0.243642979937
0.157351231884
0.309983106901
0.506342651296
0.40007373624
0.378083817497
0.324768928521
0.360805134625
0.475869812006
0.210544526255
0.660627674804
0.349091887436
0.548865673882
0.528674880033
0.517236827215
0.34684282141
0.332332081915
0.302836861808
0.298159299358
0.684319058917
0.305574780618
0.162198121303
0.161028054573
0.513395105449
0.508721509283
0.198603188285
0.428493358842
0.0988469025183
0.237785695159
0.350043985208
0.190637046768
0.860475733943
0.417044709018
0.554682796524
0.297535866454
0.214993412356
0.434154096395
0.264858350351
0.426659999149
0.559853832586
0.686299306714
0.458850142126
0.267051305162
0.634976260061
0.447609978159
0.288177162585
0.155322408177
0.295899789253
0.47375170057
0.386533206148
0.202753563235
0.542347635364
0.324917432815
0.386665397074
0.405010766047
0.296007320468
0.30864091738
0.422091183081
0.442138869452
0.321017729217
0.521914152028
0.622368837381
0.360025874136
0.375116865976
0.379729494812
0.320676661632
0.448160819981
0.456178009464
0.451727022896
0.335156780727
0.701083633255
0.478994190306
0.203006038147
0.510891268227
0.372947661267
0.14381937869
0.56611984459
0.455095637387
0.456018962449
0.298426981151
0.686925648952
0.23101750384
0.533050690518
0.350050621016
0.194073298073
0.40547942968
0.35182686627
0.239062809868
0.523730615442
0.400186507895
0.291095183351
0.19811102081
0.413961402767
0.373384096127
0.410080602788
0.537809402521
0.500993092463
0.417397897422
0.324655665896
0.121738854019
0.168985314052
0.453432644264
0.262802476957
0.541667067773
0.293500150682
0.429532690516
0.284115701915
0.373729775924
0.382115849191
0.268210115308
0.56587897427
0.722878600431
0.304116400401
0.292128793519
0.340356183571
0.540431323475
0.407771914389
0.199144146908
0.3652599858
0.300165277924
0.377806075632
0.331852863763
0.313806041496
0.61785338261
0.239077891445
0.422929622087
0.248843142285
