0.486192023661
0.891905134354
0.840670353306
0.898977818972
0.286789953328
0.597917465006
0.634281345687
0.266918700098
0.594828678449
0.394639171108
0.268292474354
0.51554702828
0.487076911143
0.646900119595
0.475219302334
0.242323680507
0.380966320251
0.664424609305
0.372350876157
0.321822697748
0.285599169676
0.36201594097
0.42482805998
0.278672963173
0.357272857314
0.299587039642
0.500720601514
0.0537112916966
0.402225243635
0.32779755243
0.320604708513
0.223692490254
0.254641846734
0.245482561674
0.0934458728497
0.201983195553
0.339765141622
0.280025019021
0.369767656625
0.159036114676
0.222041463219
0.405030740935
0.232105910481
0.209799088267
0.165284535689
0.217586269144
0.220611929252
0.36255309233
0.222207439308
0.233293839852
0.127742671643
0.181260131823
0.387855633149
0.268630441129
0.306559043367
0.201115874359
0.124101058422
0.0460868112727
0.267089471415
0.176069864339
0.142326775639
0.175174105748
0.157449497891
0.149743668094
0.150065334927
