0.518827466477
0.628030607994
0.643201986758
0.530629795151
0.348584939934
0.593606161126
0.505460382945
0.32561723112
0.610941869451
0.557819795537
0.256328683053
0.65176493264
0.458206788115
0.772703416931
0.427187147682
0.214742050851
0.362007489831
0.444062884264
0.52894313283
0.212826350452
0.363554146602
0.389204905038
0.370187308819
0.307724750236
0.326300836627
0.248657947096
0.472054585636
0.0422499542583
0.211832515957
0.253107264535
0.357820713276
0.203137910252
0.298449274317
0.222150351381
0.0131678554111
0.310847149305
0.344792360341
0.353521993844
0.349253568869
0.100040199864
0.199646270307
0.23509256947
0.293907051399
0.168136514244
0.146621025662
0.123545367994
0.278290638626
0.342808601753
0.268405062048
0.142013969243
0.164703599726
0.163439569987
0.397064567659
0.205289693128
0.217812238642
0.134903722274
0.0771779562733
-0.0368281458366
0.2342769799
0.062491479822
0.111344421178
0.164366439315
0.0639011445659
0.132827720936
0.122732714292
