0.452133864594
0.575812237075
0.623515328057
0.48769900223
0.325663472928
0.553106152267
0.425237869126
0.332041787596
0.557460994703
0.526202402754
0.246496150818
0.631577956435
0.428963929909
0.726840694549
0.412090413931
0.171591137619
0.297456341784
0.396794243713
0.504728662242
0.172381507827
0.321212559983
0.383806088349
0.334279318798
0.295040760632
0.290573052511
0.242213801998
0.402962355045
0.0309573561255
0.180026054478
0.202482971574
0.325466160325
0.180274347966
0.262519315848
0.231658785159
0.0219175242165
0.278605951349
0.290380317912
0.34308361421
0.326420602336
0.0631178485523
0.164891176725
0.248540164177
0.258619968607
0.133135918344
0.0991979189073
0.119520907175
0.227879907144
0.262843576179
0.259647783786
0.15313927278
0.152258548508
0.0896241332462
0.341644934647
0.194836781681
0.185114021302
0.119599353438
0.0818877740492
-0.021594472891
0.218921793832
0.0552455833049
0.0734605362535
0.124397481543
0.0256944030322
0.106838545384
0.0947805992568
