0.170623689268
0.150549720589
1.0
0.0949439081412
0.318047949427
0.344385193575
0.184237511636
0.202389848291
0.168111380031
0.437978019219
0.250926633212
0.195369299594
0.276293525776
0.298812160935
0.262943509415
0.107145316851
0.28232766562
0.0217590194298
0.181896499494
0.150182890631
0.238684127836
0.0372952086376
0.0968525475085
0.0384847068578
0.0306695592939
0.126111816762
-0.000247725542214
-0.0770881800164
0.114287582345
0.246119885963
0.132613184948
0.511918725912
-0.0191849546552
-0.0221197628742
0.41136188606
0.103895026376
0.305337119664
0.257834005592
0.271199150004
0.0437005816163
0.144795384693
0.307506250558
0.661031389332
0.589667490223
0.469017512482
0.158607644452
0.28350347129
0.265024139582
0.0629603895109
0.308735057155
0.282669771536
0.263973663518
0.134363207159
0.320270143136
0.152093048499
0.486615565264
0.0595039333065
0.0550937089927
0.196496506558
0.389370494788
0.165940557513
0.0617810231641
0.149716750754
0.495112144011
0.216485690411
0.152305923871
0.478921869222
0.158824192064
0.374736402949
0.526848016442
0.251517102241
0.0601059050967
0.308065800383
0.578853164971
0.342160706892
0.219237994256
0.163515121702
0.122193605548
0.189165336285
0.322483445265
-0.0112166302755
0.357951993937
0.0501848440638
0.00753722116345
0.286835573749
0.0232121133561
0.0787623828075
0.0358844409588
0.0997929386979
0.0847135244514
0.0879057045416
0.171615463886
0.0899991708265
0.089114866916
-0.0309152773908
0.0474393824099
0.370327282055
0.511918725912
0.241249904899
0.320540271377
0.231641143476
0.0178849708512
0.246119885963
0.268719329533
0.0411508291456
0.145275645304
-0.00262415896787
0.153389701234
0.170656767124
0.143077235679
0.103340102485
0.128576951725
-0.00381702345237
0.0401355010963
0.254116237661
0.544099841093
0.141850346952
-0.090757845265
0.129478034849
0.141422384558
0.0404900505976
0.243542127669
0.0327264755987
0.201338928587
0.55248914421
0.16816642747
0.473006930196
0.119039568592
0.170647575169
0.288345982592
0.165621979245
0.392979567606
0.195984472973
0.145823060014
0.178866157286
0.0622467460698
0.0203803701782
0.298729824723
-0.0571567929385
-0.0189095345247
0.17054503415
0.0842358490239
0.0197056853826
-0.0527009050916
-0.0467761112936
-0.0463395358671
-0.107804144003
0.122964722056
-0.0335462242408
-0.070814856219
0.0661991294818
0.0937526539085
0.287395755439
0.086394295983
0.35829087064
0.165769523214
0.345241025018
0.118492843726
0.103913839733
0.212841381104
0.182983855368
0.0482297787289
0.0960917598001
0.18341978541
0.144895012864
0.197691249689
0.110943156163
0.297183983544
0.0950080654614
0.21962803474
0.629613047537
0.0367135971465
0.0922176954748
0.143445107988
0.098448821606
0.3457111533
0.101314445479
0.123930266439
0.333605571258
0.137781963353
0.0482135231797
0.130098109852
0.168591872956
0.220287186051
0.251341996501
-0.0529745710352
-0.0165734742832
0.115894448522
0.0832814882414
0.0888395871609
0.0922853729348
0.365738468661
0.197173786764
0.379467697421
0.215581279173
0.312698486335
0.175989840169
0.135406730879
0.139010472996
0.0874395452148
0.237404151781
0.315625281443
0.00347126720536
-0.0216658807946
0.431530910911
0.0850461555692
0.0185040348251
0.226853006863
0.0
0.280285979702
0.000108841420006
0.024809316815
0.271793065924
0.054072432537
0.244994793956
0.0768654993663
0.102826305593
0.188103593888
0.0988214913636
0.118684428518
0.0858555607164
-0.0513562744913
0.23855545144
0.071591099646
0.189516989158
0.233578928069
0.319957584752
-0.0562219551009
0.105994657795
0.173041091209
0.128004173813
0.210460934453
0.166251646415
0.205492817094
0.30765251763
0.168346669383
0.167882288452
0.200566747669
0.196190605875
0.168362043564
0.273264036884
0.247504658664
0.102496799681
0.119624139342
0.00898541535209
0.564221627355
0.136229294418
-0.0324722027795
0.0345436993155
0.239688646599
0.231054401087
0.0187362129988
0.281862717429
0.0202381473909
0.0289590391596
0.33288954613
0.183478126087
0.596363496454
0.293327396714
0.253719025105
0.134227174904
0.0630747011422
0.172804363919
0.0177817322771
0.22190295975
0.549143019026
0.108046387085
0.250745521132
0.192292195211
0.630673015698
0.288221492622
0.0921092029382
0.153017150248
0.211596393983
0.0996844892693
0.0467966123094
0.0990635293181
0.30946919206
0.12783279443
0.126231807116
0.131703918378
0.232838804183
0.0998925712595
0.11084234014
0.0894517347384
0.195962742216
0.464606657838
0.448275966111
0.190666565465
0.149426742481
0.138500395276
0.187199114917
0.221131796186
0.162102874258
0.0875255186463
0.1115876655
0.700486636606
0.242764274496
0.000303757704228
0.280759832537
0.158836585126
-0.0936689714806
0.205429620391
0.377730504036
0.414671319259
0.0607694342212
0.311714440012
0.0119800069539
0.390515937876
0.163364422927
0.0907054967728
0.0920631466815
0.0480593502856
0.0481752690827
0.323772857386
0.172136575976
0.171326203952
-0.0816771414175
0.207775253794
0.224362327036
0.285726993617
0.266922755981
0.38927189885
0.179250747844
0.062493642974
-0.00784390285476
-0.0248241206044
0.178746049651
0.0193237618121
0.225839150908
-0.0141964211103
0.191976923412
0.0885490151701
0.0596465491899
0.117369821383
0.0369758175059
0.257041072823
0.400113564427
0.0916124311204
0.105488492223
0.189313249402
0.221106101212
0.368093904402
0.154947466566
0.0871177451731
0.00583412741132
0.117493904248
0.183360348945
0.0749910443738
0.236145477945
0.0950548443442
0.328858659143
0.209495669487
