0.199644697817
0.230610977276
1.0
0.117700451993
0.394760986867
0.416945579806
0.237475230418
0.230717609299
0.204736371044
0.532341350598
0.328472228222
0.283543546071
0.42935556574
0.415526326628
0.336281439786
0.128468134366
0.314097339183
0.0246273120341
0.245555206676
0.191823502955
0.299036932062
0.0535635778215
0.118704881708
0.0602060583014
0.0434686344117
0.189147164079
0.0129015694553
-0.0979138667704
0.146490586072
0.287093658855
0.191674996288
0.569787188622
-0.0127794261364
0.0362400758617
0.531085454419
0.149828129043
0.380816335334
0.376873905445
0.378591737523
0.0596616705125
0.186080272402
0.392985604121
0.735313019771
0.667826609474
0.537592108285
0.271261622037
0.357752321443
0.342921110233
0.0771815817436
0.342172184702
0.382243368333
0.371873775975
0.173737581012
0.403339643885
0.223356637838
0.599041326567
0.0726182883761
0.0877813337925
0.248918158723
0.542649684482
0.20486381083
0.0843813842656
0.198917032187
0.57368029821
0.333914211051
0.184224753656
0.522544979803
0.240838651056
0.489000513708
0.609690935413
0.31507690674
0.132673654965
0.444905127514
0.670706058314
0.448557302824
0.282427343281
0.238803609468
0.16244676637
0.239861709857
0.366889797468
-0.020689486116
0.439189522536
0.0673261550557
-0.0203392732831
0.343039960819
0.000123693476207
0.114023074721
0.055413595829
0.137354390136
0.104897964884
0.117377004337
0.243595061964
0.135474970113
0.158124764265
-0.0450180867036
0.0531189627938
0.405260774353
0.569787188622
0.266090471498
0.36264298438
0.238720467417
0.017809255416
0.287093658855
0.309353825852
0.0373164998172
0.219462631257
-0.010870289065
0.213631282219
0.263177656037
0.186176447779
0.194773767068
0.186832387382
-0.0100657671041
0.0595495055586
0.34262827303
0.639014127964
0.175034155354
-0.100701036079
0.147081207897
0.182774844406
0.0549329432707
0.30538497126
0.0326787232415
0.225179964413
0.621514621417
0.210992078244
0.54582847732
0.158856101155
0.260806432975
0.383908427434
0.217348343014
0.474417915532
0.248698317253
0.172481280494
0.223126615941
0.0561960067921
-0.00369547197503
0.366399192049
-0.039422911866
-0.0344713645858
0.234556664997
0.127290741972
0.0490673743377
-0.0603456608009
-0.050842178975
-0.0571450850643
-0.129461481891
0.159078747668
-0.0431038809255
-0.0986555925129
0.0876870606506
0.107181659876
0.353147843009
0.121923254162
0.401737688864
0.208894145825
0.391169430067
0.172354789471
0.12672331736
0.260829188969
0.201816363866
0.060481615204
0.129776476727
0.205553717006
0.204276328901
0.242679419849
0.147858656672
0.42141290627
0.123436301028
0.251257012591
0.745591851406
0.0552322515143
0.121957377022
0.17541918455
0.112937998136
0.403567399811
0.119841503021
0.1934759841
0.390201385511
0.151739493007
0.074323908274
0.165852476031
0.264466532519
0.247119287119
0.272921334455
-0.0717064015937
-0.0228568350391
0.137294063259
0.114678719766
0.107278389244
0.106082620106
0.384336464896
0.233472680199
0.452287788363
0.234295683358
0.363148526335
0.196344918026
0.161580549709
0.172615602949
0.0901629288524
0.274352696696
0.369837492974
0.0106999720245
-0.0387788555532
0.503782608847
0.104607402817
0.00814089485234
0.280188011964
0.0
0.431306619465
0.00476191822294
0.0520679276951
0.346616518194
0.0493867490284
0.321683374743
0.10361256101
0.133138351944
0.217941339775
0.110349862312
0.163448425655
0.101062852674
-0.0598318695653
0.276945997909
0.074828696192
0.240144792256
0.276027915712
0.372612716776
-0.0728565310593
0.110259566558
0.224966327444
0.146877203748
0.251568934844
0.193599730708
0.234888480091
0.352031146738
0.170011493461
0.189148118829
0.228812644533
0.254058487402
0.249041542803
0.303313920008
0.307440133435
0.131232933585
0.146016377099
0.0188047591169
0.634054655339
0.176613373512
-0.0434408529611
0.0478714349095
0.291083503271
0.299147330696
0.011679063311
0.3406589617
0.0318703388571
0.0384202720914
0.381688861885
0.229185194806
0.669427195611
0.337771361972
0.333778480548
0.153574352339
0.065634663248
0.20752046923
0.0250329743445
0.255535558828
0.626362705922
0.107068599484
0.303304034706
0.20034293168
0.685350359166
0.340413204167
0.107236206142
0.207104096563
0.268091678022
0.173131974259
0.045738789101
0.0969925675239
0.359164282077
0.154366821516
0.147641475451
0.173117717692
0.327280871219
0.125297794717
0.145264163397
0.191573984596
0.244749448196
0.533345617319
0.586746484169
0.262323005436
0.230072313159
0.182705569825
0.22902281833
0.240980209461
0.191863860514
0.109704510993
0.151778402297
0.769645347288
0.304126395808
-0.00815134560982
0.355415399424
0.208588517812
-0.135125537415
0.258934241663
0.423950455527
0.470051992443
0.0993806126534
0.384516140061
0.0184618141885
0.484118004425
0.289882867389
0.121249963423
0.0828911902364
0.0556464258
0.0533114075201
0.395200848966
0.215861701707
0.217684282214
-0.0864270294124
0.225798485718
0.274722678503
0.362780320192
0.356445567845
0.497925392146
0.205077201727
0.085380080951
-0.0136276677148
-0.0191203518786
0.204345651298
0.034999834481
0.249824951949
-0.0150542782543
0.21610525826
0.121793627906
0.0627316075864
0.125761129922
0.038992542202
0.385402090464
0.51459975657
0.112389970362
0.142382093698
0.22836365916
0.299609788595
0.425875674273
0.176893865917
0.0967796056908
-0.0111355719258
0.148994529126
0.253876515259
0.0730743626776
0.292518870735
0.11821118244
0.385824886785
0.230194123532
