0.200016000397
0.19922548286
1.0
0.118427920819
0.386598784822
0.394086765241
0.2377331428
0.224453173629
0.197883192372
0.505558782213
0.297629443935
0.236420376187
0.390095011245
0.371310538411
0.304326854087
0.112012822839
0.298681353169
0.018461345878
0.2098548624
0.191872825848
0.286591948247
0.0516131665203
0.113233559091
0.0680357421769
0.0512094789047
0.163757821995
0.0133342486226
-0.0832378357829
0.138113780012
0.269744795153
0.173656389763
0.543372844947
-0.0264638633829
0.0144583441411
0.485556847078
0.163529127407
0.372602475094
0.34318257047
0.336598681499
0.07089886528
0.1705356504
0.367400271219
0.7083914384
0.644594014312
0.515380267934
0.244500499929
0.339571500947
0.306386392481
0.0783911371686
0.326068996241
0.335975380135
0.31320518944
0.152222325261
0.373515268552
0.191100596304
0.56320423075
0.0663714253201
0.0716627285952
0.251892433975
0.487227038728
0.179741004976
0.0809525087822
0.177667849463
0.549383705442
0.285580462727
0.177062919245
0.505852899523
0.237255080178
0.45072329607
0.590924772552
0.285750372376
0.0703716416119
0.389058144476
0.629010737356
0.415665343592
0.278112378322
0.193060281672
0.158113646191
0.223327002434
0.348193174544
-0.0196238128365
0.395614778476
0.0587020717827
-0.0208707172645
0.341418071981
0.0358409133799
0.108344645767
0.0604221292088
0.129476557283
0.100788859728
0.0994768851074
0.219347800441
0.110739813359
0.138279208048
-0.0380460017896
0.0781762420538
0.394522240313
0.543372844947
0.251135415183
0.351137467086
0.236438809101
0.000378743605341
0.269744795153
0.28212734784
0.0352335560412
0.18750721842
-0.0120633925997
0.233507569844
0.236809258959
0.187892783899
0.165780988226
0.16860097971
0.0140827138539
0.0374775099429
0.309819243647
0.611906182461
0.157453367774
-0.0977891392586
0.143482278274
0.172533948714
0.0508513425917
0.267251378543
0.0271567416323
0.214360287291
0.590004197929
0.200821368927
0.522025948114
0.143275444267
0.230475895126
0.336362788578
0.189689521445
0.445920989324
0.220392268167
0.18264457093
0.197683095395
0.0655620762783
0.0115322891435
0.347092443223
-0.0419208801632
-0.0168379051371
0.23368534645
0.133181238949
0.038262642578
-0.0671102179633
-0.0497525423524
-0.0581798453961
-0.11595458212
0.157300754049
-0.0328104218254
-0.0945269341337
0.0899315630595
0.120448667561
0.332718302658
0.114694040573
0.388941113842
0.185413918949
0.373294979537
0.152927802173
0.132743807078
0.260242073843
0.19325372748
0.060346368362
0.105162023653
0.195581994056
0.184123305267
0.226822129559
0.126932762741
0.381420418138
0.112193794906
0.23991212672
0.70557335664
0.0580646574729
0.0983594795698
0.16901604131
0.118146337045
0.378530093311
0.114717160083
0.165550657424
0.361948890813
0.151577881686
0.0651703508353
0.156288390008
0.249538626697
0.237294599718
0.268186393219
-0.0689960527373
-0.0157118730959
0.137949888857
0.10130346947
0.11320591649
0.101167543177
0.375017354999
0.226194976304
0.421385390235
0.224051040492
0.338761059223
0.187576182177
0.149431785941
0.157272868485
0.0944451573181
0.257009982555
0.350994216384
0.0100336290575
-0.0267754231789
0.476770642968
0.080555791966
0.0130513110367
0.259341644984
0.0
0.368452724668
-0.00329759415836
0.0366569889035
0.317233449544
0.0593074587283
0.28870731976
0.109747266207
0.118767173742
0.206718830644
0.106628108108
0.153695948249
0.0940959878384
-0.0648862526295
0.267695390714
0.0766644416223
0.217952875754
0.255202203362
0.351091842344
-0.0626246200973
0.115660778332
0.199628329566
0.138058813958
0.237976719336
0.171137519338
0.222297157045
0.334863323573
0.17810278132
0.181948094566
0.214054778737
0.238070379016
0.239170859051
0.286940612251
0.277641426424
0.123068777801
0.136924460173
0.0089491846256
0.608565814781
0.170454409566
-0.0349016041279
0.04073697761
0.271384704384
0.271445482358
0.0189465307701
0.324105683887
0.0229998045886
0.0282329752813
0.363563065766
0.208498967422
0.641911442472
0.3147444233
0.294341647701
0.145849789743
0.0600106365194
0.210345409827
0.0174934031511
0.242474559902
0.594232863013
0.0848217795747
0.268954701406
0.192888077202
0.673921622555
0.325266828221
0.10689105989
0.188022163767
0.245067173356
0.110794867244
0.043626091367
0.104527638954
0.353869017668
0.152384857256
0.139206691048
0.146681389703
0.295269967137
0.121775391974
0.135675719892
0.185078657044
0.210465400437
0.503016485504
0.554273161366
0.242975023721
0.192893590248
0.152496069381
0.206827653076
0.231726703516
0.180670604186
0.0976033334104
0.13954267717
0.737173118165
0.27083020472
-0.0055259916544
0.335939989985
0.193086949626
-0.114126858809
0.242650960897
0.405254166117
0.44887818049
0.085833133883
0.367961843986
0.0183699508418
0.446518694266
0.255579749532
0.102670906245
0.114902462788
0.0476017054124
0.0587947790519
0.373414105981
0.18913103154
0.198925095761
-0.0830997393579
0.216486596485
0.257707152319
0.319657136355
0.33316338866
0.452839386809
0.194188400373
0.0719997862479
-0.00991224358041
-0.0229219572236
0.189015333779
0.0351482031257
0.242052520118
-0.0199945508223
0.208377462398
0.111800719495
0.0570749632463
0.123527068923
0.0351737004848
0.333711330465
0.473545385231
0.102954360929
0.12216594945
0.195336042989
0.284968096002
0.40492793081
0.171467655436
0.0864471280927
-0.0147924757581
0.154324620898
0.225041232991
0.0780105432502
0.272314337838
0.10452334466
0.358698387197
0.206173516111
