0.441209571322
0.585785518671
0.398805174026
0.69733019383
0.302431303331
0.34119398998
0.394396141562
0.661670672009
0.398710725523
0.450740530522
0.583119816348
0.697681678259
0.27632521388
0.388873141023
0.348507774919
0.426699153599
0.439344790353
0.409285861114
0.55067246704
0.378388856355
0.373734702
0.31027507373
0.437253560661
0.328872181759
0.306915760096
0.554454296352
0.306648250389
0.32467955178
0.41995426792
0.3402284045
0.303174197456
0.650207376509
0.493575920456
0.741488657362
0.466523686786
0.370815753187
0.4374647289
0.373299507774
0.380518872914
0.313427234362
0.288645708251
0.71089244323
0.410427002999
0.480940036522
0.403643447966
0.589914300321
0.317062330444
0.332288891252
0.36884792505
0.521872252378
0.487841727954
0.502904233852
0.416715997566
0.177671373012
0.297853651794
0.599126931005
0.464257561536
0.216323783774
0.465766438493
0.5130986376
0.642176062644
0.419055676943
0.300748653455
0.411449978279
0.440639576017
0.650474818687
0.404783477403
0.237106746922
0.496925266108
0.482689245957
0.485776305151
0.281274093556
0.218754003547
0.48478832912
0.348282580857
0.453698341901
0.461897939479
0.287355014805
0.404035147174
0.286375698469
0.362713671709
0.461094482954
0.282383769433
0.419580905127
0.385562173877
0.604409022629
0.149486725362
0.262277686757
0.348756780367
0.244736003689
0.352391569171
0.454329683015
0.52019179584
0.387223997117
0.368391173826
0.306970023469
0.293333142938
0.515221210654
0.266016019219
0.485148767046
0.221523556694
0.277041709642
0.628573729133
0.20218726688
0.342253477977
0.354036780693
0.295776971886
0.494513691957
0.296594870378
0.462000670485
0.231399416899
0.330519458558
0.506358749518
0.210660575389
0.31401466491
0.279516321284
0.414030117744
0.350602007076
0.255260423443
0.441221532602
0.392067932645
0.294971001497
0.322411992856
0.395294370436
0.457228408663
0.30566203125
0.273766930873
0.492792993853
0.428804536
0.539336472761
0.461473819721
0.278221440465
0.365806471144
0.486866904042
0.408651149065
0.471992166361
0.407411697031
0.180429741919
0.359817495429
0.340455740548
0.279697911867
0.30459632133
0.291770176597
0.260362332062
0.375142808479
0.30569993145
0.299468815392
0.365628965903
0.285894377553
0.458704932706
0.270308977014
0.257791839951
0.391384552348
0.519572784731
0.278806570834
0.249651669255
0.443550642409
0.357333848115
0.498157262845
0.680070987584
0.514827190887
0.562824675105
0.331867501008
0.329745891367
0.341607371691
0.546627376868
0.391253342727
0.44064933878
0.461960896199
0.307788732954
0.384865566232
0.401349238079
0.271518769935
0.400010118066
0.329681144487
0.325199167548
0.471761752405
0.232822332089
0.528933531541
0.51621759455
0.622181926842
0.521833962284
0.335123852282
0.519614763519
0.354123117404
0.273303658124
0.371010010947
0.343030601923
0.323371436867
0.320471521959
0.280921232303
0.186976713561
0.517184461793
0.638640807027
0.489959411768
0.463194524859
0.269236162545
0.249856130914
0.21436552023
0.0521991585413
0.68973041541
0.23807200902
0.352334162798
0.278813473528
0.368984642842
0.538392144545
0.56357632031
0.35095157917
0.31942506748
0.323891923149
0.297352022709
0.635827003906
0.384994604954
0.361121023478
0.480971327085
0.242134019282
0.33420321749
0.257510151124
0.397021362466
0.369034295526
0.388576533492
0.27654843925
0.333931030483
0.34559946754
0.445065621759
0.327477707029
0.324369724118
0.309724308267
0.376458864542
0.555608925081
0.253680306011
0.305353653986
0.241483634201
0.396607894098
0.595238170034
0.422943979428
0.348581199939
0.340371497391
0.59256103181
0.247772641551
0.315871467031
0.413089546969
0.338487336261
0.468276977851
0.477364273543
0.319573413497
0.334303489527
0.458546740246
0.517771827076
0.67630384095
0.517528260184
0.312275863912
0.399966227399
0.306954609527
0.466538564074
0.465523060013
0.47462815596
0.34621849537
0.274094668533
0.340966808469
0.353975790771
0.475860283206
0.402303355694
0.481423357332
0.394598368947
0.303809546616
0.273345671612
0.510813448719
0.218985410949
0.218919702603
0.379784739617
0.277841398679
0.390697063858
0.257835767252
0.302938486515
0.295438875373
0.489369749922
0.357749667062
0.385701826672
0.38213519932
0.634848591556
0.308904880976
0.26149527391
0.365362957953
0.380821735328
0.444062691692
0.819536036808
0.365342553469
0.790630939815
0.621845780812
0.37784448578
0.419164040737
0.291137605328
0.320687725297
0.195646103537
0.353277687949
0.585612153618
0.433635496444
0.288303802579
0.233592898108
0.300100916726
0.494567641386
0.450396606583
0.340877212364
0.400033111074
0.411612743701
0.389511494702
0.464625584902
0.37505010228
0.418354650894
0.23873720076
0.434811143989
0.298830177903
0.499341695201
0.267560044098
0.279406474208
0.42199617866
0.411147021251
0.278050061914
0.230842134349
0.351134252128
0.55321258752
0.256465965838
0.335744302866
0.59942740514
0.292089713318
0.466899867817
0.201716216958
0.511590235347
0.436789080719
0.209704474951
0.347658551019
0.585941086834
0.350648938663
0.418145454427
0.307901361009
0.275754210414
0.322500725876
0.386086297568
0.46803159238
0.52015684797
0.469127375381
0.354978029926
0.380933150998
0.305283191869
0.419770050835
0.280478662007
0.221314941384
0.470039194346
0.339413222557
0.366177004987
0.431492616088
0.345156028292
0.281792388233
0.255214693978
0.446738730665
0.431857164617
0.334022246749
0.303996319954
0.374190021985
0.39216123932
0.518897866278
0.296849164447
0.43909865341
0.340885188231
0.412628121568
0.316628391581
0.506044295177
0.600352785514
0.354422891259
0.378777063539
0.237865466275
0.453750990409
0.416363601615
0.370900087524
0.333463250607
0.270076343973
0.317807908063
0.328293888067
0.734312619257
0.468446974957
0.629891727501
0.419054935826
0.456175883463
0.459180895268
0.430716783299
0.235485502798
0.240308445857
0.356722966317
0.325680559725
0.345181920423
0.336536065282
0.327669023925
0.430588891682
0.246772221804
0.317323512395
0.188344427338
0.219086079463
0.251116466567
0.247483277357
0.504594985989
0.405092519568
0.36732410549
0.425394655058
0.139740190516
0.285618036934
0.384680308823
0.379811225561
0.314251711582
0.231427526421
0.29605734648
0.318948716467
0.404606148559
0.280942638831
0.231105628283
0.226868929825
0.423054981471
0.380210332188
0.296152567804
0.456446310515
0.326758665443
0.363758418675
0.340313762865
0.331729378611
0.463654666878
0.464752591434
0.19793123228
0.367839354313
0.575868728158
0.208244616216
0.571820450005
0.385072240094
0.538345618403
0.233904074062
0.338457012988
0.329024697513
0.302929475124
0.494207897053
0.336330553218
0.455670906028
0.304703988837
0.18814777756
0.329020631282
0.429596958763
0.529139332893
0.268809863971
0.380675353826
0.271629789606
0.677460363117
0.430120400576
0.291654456328
0.372415957651
0.289102606349
0.414866481118
0.318050696189
0.339870959417
0.353867921637
0.37113083729
0.229605267381
0.399198589619
0.287647836644
0.262103352258
0.344187650311
0.301294743796
0.371862762527
0.432020145966
0.420997604575
0.35262618276
0.34531152255
0.273512196111
0.201767172605
0.384512346968
0.457800585969
0.406483403056
0.239438514251
0.17850274502
0.574921418274
0.563707091758
0.336864926266
0.589603982738
0.355286591218
0.238813109702
0.244614249198
0.304869663198
0.218650352977
0.257180202406
0.336061991434
0.327638117554
0.345162483494
0.290944363801
0.512711204793
0.346694008518
0.205981246148
0.213924547211
0.554985850587
0.46099620731
0.424170215547
0.298855766469
0.136378923064
0.459907443716
0.243110873611
0.604892778575
0.384516420865
0.469441917241
0.269571267494
0.222737747069
0.240438105575
0.21126189836
0.361315496
0.370313145914
0.244651361646
0.499179299852
0.338618133734
0.231175787141
0.40305827843
0.37025651407
0.295639251982
0.241635473868
0.354744492622
0.40253205093
0.342569132164
0.386928306682
0.412585440525
0.36048974445
0.330053088366
0.267165010198
0.327870650635
0.239903823684
0.281022535427
0.303846932011
0.233863974842
0.305513181417
0.328988994198
0.540801528275
0.311309729124
0.379440075254
0.49618982884
0.268966904459
0.307081142106
0.374986517959
0.426420438245
0.384542162603
0.401466801813
0.253290357394
0.598386150687
0.415568839916
0.428306365806
0.295101898668
0.227328215779
0.328057715619
0.209196496205
0.436416547898
0.254541686188
0.423469847717
0.334556732103
0.23007177241
0.377991533257
0.246254268168
0.733197675663
0.339314187102
0.391676049503
0.365023576055
0.336086876098
0.241545250459
0.431240087998
0.285874733414
0.389899435742
0.379431880856
0.603554434837
0.242268949678
0.69373716837
0.306775487575
0.406577307774
0.317430140373
0.322147343226
0.431192069496
0.28780201605
0.193547771568
0.323157010584
0.466060829748
0.370337680084
0.301927128196
0.378449133036
0.44390389924
0.43344819805
0.320003707953
0.376594564338
0.181205273401
0.428225642065
0.348844488854
0.342124589626
0.182661270352
0.46088097428
0.320055626135
0.498106476848
0.325485985188
0.297782205014
0.213564363455
0.398448848353
0.304699532134
0.212469142265
0.483518037487
0.637072652553
0.245881013867
0.32358006293
0.622014039327
0.307608543021
0.483729117831
0.394736540616
0.467477800941
0.481100221089
0.137423675498
0.239419183467
0.331549536687
0.490850413648
0.291801885417
0.733325808722
0.528546735721
0.382690407508
0.332042745885
0.243172297912
0.13555616617
0.353693371345
0.359568320637
0.33074514034
0.440965460375
0.333267957969
0.292765815051
0.270956226451
0.545851514054
0.123192391401
0.32009866106
0.432504695772
0.462261956472
0.268193378753
0.351871374717
0.317198363565
0.286985664627
0.414850017705
0.464247059488
0.339784622477
0.326957979443
0.292477599944
0.472648418051
0.245613760942
0.521012654336
0.204243687352
0.235304265772
0.251226454129
0.183152653643
0.236704492178
0.444311633461
0.436708572973
0.374263536761
0.364586440458
0.528004486297
0.420832094148
0.489149640295
0.246021684614
0.262893811725
0.420470074792
0.27014734137
0.394635503765
0.172192141657
0.234518788939
0.344550635485
0.114457893649
0.356952076682
0.324314662143
0.418771966242
0.327302061682
0.527343549631
0.412603283229
0.358811129212
0.499491277404
0.446858930095
0.248872458747
0.246705888076
0.372780071572
0.329487843891
0.229346488895
0.36549267037
0.280686492229
0.329524016946
0.406797621338
0.248068566755
0.482728327911
0.35893986878
0.259320896238
0.314569661876
0.312000551581
0.274943779869
0.361925073206
0.76609691401
0.326672040552
0.363341029524
0.230451847654
0.282092723623
0.219635590486
0.351731539085
0.21129804295
0.55719803802
0.27883252934
0.216004879782
0.225408676157
0.215771517445
0.435925391271
0.306118044532
0.306115866876
0.388009509055
0.244998615175
0.23383652195
0.293454517891
0.467209394756
0.373522715336
0.482025829156
0.413417798137
0.386681271127
0.324227114927
0.38177840896
0.357919129556
0.42686125094
0.416555799084
0.167294922648
0.230253062
0.477219429064
0.330267934017
0.244106799104
0.366415286655
0.309338955562
0.367859170645
0.337688407736
0.307482497775
0.319837834918
0.258295513529
0.318086078629
0.253358855739
0.409688117086
0.477178180504
0.299666996163
0.283806516149
0.46912363233
0.327185473079
0.597122563738
0.330902235837
0.150513011755
0.299020784968
0.357043409063
0.539051267254
0.220509108255
0.320057546006
0.494255528716
0.462093504898
0.355333395561
0.399587917135
0.355689559755
0.40068638719
0.274388955279
0.245763536737
0.588785145281
0.214054861402
0.278653425705
0.270791736064
0.3421338019
0.322258285698
0.293005555326
0.153001340239
0.467344486789
0.278692610398
0.369986611949
0.476229770942
0.42422447604
0.208043437161
0.339730984508
0.21482391816
0.310680610071
0.241606592346
0.270789264564
0.392899183197
0.284022757644
0.360954437395
0.269135216874
0.31033985977
0.182716404657
0.408979990525
0.356453588632
0.432587934401
0.135629940467
0.31469501649
0.334294162708
0.374069925337
0.276781546003
0.209246979715
0.41091395684
0.219716063103
0.357841212235
0.795610188822
0.498768227444
0.319333042193
0.311618507439
0.312444855239
0.597813204982
0.298488291601
0.289690581261
0.271532576796
0.278788049316
0.356888755028
0.417662435172
0.264845129326
0.245107973231
0.299304991795
0.230565666447
0.44316079807
0.363912585621
0.335869619201
0.188933537953
0.392749869594
0.390145929032
0.280286867609
0.557195381006
0.228478819356
0.386887586927
0.380373938748
0.302705679592
0.411655994298
0.252793234492
0.232357680459
0.290810497333
0.276525412206
0.346774797436
0.344167935119
0.294058056176
0.296298881094
0.338366058913
0.292083198097
0.197035962037
0.280610840087
0.287553340819
0.16703677659
0.17807378644
0.482540713898
0.37051054337
0.390107045427
0.42355303028
0.227469516647
0.209769849166
0.190781864454
0.372504189986
0.408374707368
0.219907561551
0.190608640867
0.321077694035
0.311567812718
0.178413397762
0.492827287571
0.221818102473
0.279327099091
0.507740312488
0.234157367082
0.49433391232
0.452995035165
0.587733446635
0.205418654999
0.257107595644
0.326503986423
0.463577304642
0.379829667567
0.373569420381
0.497237486857
0.265850065642
0.386597434711
0.341431849345
0.496470373464
0.283902804077
0.396892900634
0.165756148827
0.142624795353
0.171598531921
0.203624652426
0.277555025213
0.207693721508
0.351815784727
0.430435988255
0.314249640065
0.338365436323
0.336397714587
0.486165944079
0.266772683033
0.336459754293
0.346818485671
0.201875459205
0.219905136149
0.227765025096
0.35368814201
0.244207269577
0.369910865747
0.399208007739
0.206416346952
0.18390331189
0.585889585756
0.154031403776
0.258005311912
0.280796300143
0.29137462496
0.234269271827
0.313621066617
0.340931736098
0.255216464557
0.421141354003
0.323933052403
0.274542503499
0.354536873878
0.296736018959
0.212796151916
0.398229130409
0.347968012193
0.407210342703
0.221648368974
0.388920238149
0.279427444733
0.410515428182
0.58250653253
0.296054313459
0.417807453761
0.284483793347
0.365506016464
0.141875037053
0.391085114427
0.284299856637
0.285312655526
0.438397925807
0.563429484338
0.593146073405
0.210203041753
0.23729785914
0.308445429811
0.442172392673
0.437166186259
0.451377348324
0.220956270163
0.282025134302
0.236744844287
0.359798773123
0.294182294002
0.268927454322
0.283320569496
0.262434774811
0.231496931766
0.309589485926
0.495369298306
0.326191964385
0.470426040402
0.212659810571
0.242460969263
0.279510196787
0.337115280562
0.271036135544
0.353904823085
0.488892797951
0.334786928508
0.434135083058
0.363296401842
0.336168785194
0.200178917379
0.549089905861
0.378841162469
0.430007214036
0.339465984046
0.243552315654
0.35005641133
0.525901516404
0.277853326444
0.398032078785
0.29563580497
0.182064122296
0.305555634901
0.260620451022
0.338804505715
0.432223292808
0.269852091372
0.34456107692
0.273185531283
0.222797336341
0.202884604327
0.256010858293
0.309098529207
0.255614227017
0.382809729179
0.411118567406
0.235221646396
0.321608498296
0.487240395812
0.308644914397
0.303057628657
0.193627476904
0.224203173958
0.399793557377
0.399415037146
0.283139578334
0.195523995967
0.207351204201
0.231329949377
0.207793819761
0.26320839757
0.242694177379
0.299432786822
0.326887200298
0.310619883864
0.170111619317
0.208171079307
0.294993535125
0.118736097023
0.411353219364
0.454249467756
0.235628514371
0.210408261842
0.616549741603
0.296443486897
0.197087837187
0.296085181527
0.287153140866
0.256879417925
0.182555181158
0.417229444228
0.339315546129
0.24925261599
0.286459819645
0.271700777011
0.306155828985
0.437544584454
0.259573371327
0.263361791595
0.32310555649
0.266681994269
0.240259082262
0.407045257464
0.200728281758
0.289780526878
0.288116207769
0.527219866099
0.231491004678
0.344433460729
0.214679866766
0.314658201113
0.309244965322
0.260705609526
0.641407129079
0.199098632981
0.305594847156
0.321439422587
0.504151646205
0.223757561757
0.179152190186
0.409311575148
0.270313462699
0.208718271581
0.250993903188
0.254417099614
0.237714356319
0.421201378683
0.454663889971
0.39590732469
0.541665221487
0.256957783741
0.262630105642
0.455694910788
0.416428891601
0.220634057242
0.319512334398
0.346553931845
0.308099275897
0.481515288364
0.298763688115
0.310371609303
0.354696138267
0.381789295386
0.160762756311
0.189028191821
0.238293046207
0.0985580003457
0.390038582374
0.361676416534
0.475585214069
0.164003827033
0.222015385515
0.321337007399
0.242909177982
0.302235066373
0.439187360577
0.241948040045
0.238686358207
0.154949189835
0.269957723509
0.364298680449
0.216819335821
0.216605520477
0.255782838173
0.265743326672
0.198107206059
0.155102315653
0.37274402227
0.155698783047
0.269032424295
0.279028910464
0.355438991841
0.377934094149
0.308253974896
0.246706179773
0.477193963678
0.382430678819
0.238444017045
0.419726433878
0.191745734463
0.349721289453
0.387033615125
0.425396678543
0.633373090658
0.314710078936
0.377004586599
0.111441020463
0.140774547893
0.279365450305
0.431437702821
0.0937791252021
0.285424683906
0.311958143702
0.372357039622
0.270973339009
0.215329560124
0.277577072806
0.169452880697
0.240839710252
0.436558050201
0.362977678477
0.384352132356
0.129465741437
0.254997822043
0.29106399465
0.194016132872
0.326041025917
0.373428905898
0.230859451141
0.345614727431
0.273598936046
0.406361483261
0.333846302607
0.320749790974
0.375928509559
0.133142019887
0.651183311422
0.471211602767
0.334827230561
0.260048086045
0.236237787187
0.178089305064
0.193823386075
0.30426159291
0.239316356759
0.319676256683
0.259701687242
0.431197801823
0.433670743525
0.235397428028
0.209656514666
0.350921655739
0.231004800421
0.28705384081
0.214396600742
0.264945055316
0.191834198062
0.192241466141
0.52992741081
0.432553542291
0.280410116449
0.245197372137
0.401352938129
0.384420447991
0.276243754527
0.215356510965
0.218143567112
0.264733676515
0.380009825073
0.320968337359
0.445391433749
0.28752841363
0.627318047661
0.448816118476
0.281820810533
0.363554537104
0.270381341999
0.287462783319
0.379479734689
0.454345090035
0.186870849405
0.169346329519
0.258469681949
0.19498435194
0.294603281283
0.248383278533
0.307285021415
0.282828416514
0.327991470796
0.249107675039
0.199863990524
0.349204450971
0.141216148605
0.242144778184
0.25951866678
0.273146248015
0.151635569821
0.271117653431
0.636957773676
0.208323706475
0.428461287736
0.23675401813
0.221254624932
0.264333505066
0.334478635439
0.233568532814
0.310796888896
0.220146786491
0.454534619368
0.260350603541
0.428526870234
0.119073228216
0.400742202656
0.0737343011507
0.367870992859
0.519985200099
0.230942757407
0.330019651841
0.259682469556
0.672927052977
0.169658773829
0.220347739268
0.283512425498
0.339918401648
0.20804864435
0.300694914745
0.352153475136
0.454820470768
0.25613833781
0.604673373097
0.360466664422
0.423533269404
0.259106330415
0.478090383068
0.32001426693
0.204200208002
0.635965831141
0.203599783168
0.190502747531
0.210093613885
0.292394832728
0.272174468653
0.145829888773
0.341212877209
0.202078891999
0.249812675004
0.166512454736
0.308356205371
0.218744980143
0.139025848039
0.217826995684
0.480649752502
0.3396933178
0.171776295456
0.300500157612
0.307917297466
0.280277549528
0.141380249119
0.216542807947
0.241246112176
0.212247512681
0.227536612297
0.305273809598
0.307830524886
0.273000431721
0.151663133428
0.361152800259
0.358861790147
0.242026445889
0.277058773461
0.398405833196
0.380957050766
0.368176068426
0.136992468316
0.303801029902
0.208594538138
0.20838938149
0.238010603508
0.257846900398
0.301520419104
0.439959588324
0.101069606404
0.399494380066
0.38963099454
0.23970079567
0.299391579856
0.270503723725
0.351982064063
0.240334810682
0.448789828643
0.357745893403
0.386394906132
0.30880841702
0.358724553636
0.333499355219
0.252870462364
0.256585979471
0.243019865778
0.271843485086
0.27452033146
0.283124676927
0.272338408962
0.283021503711
0.379745334442
0.193481674188
0.24925112755
0.273352186758
0.229385191921
0.260144986444
0.44811148564
0.313764323271
0.479094584902
0.266029997546
0.402967497222
0.62870674624
0.292723795976
0.160058850381
0.175446643958
0.319759016957
0.238404510093
0.320513938236
0.265173121523
0.419141381557
0.13848314216
0.275764810095
0.152725986764
0.30244434798
0.243168861443
0.228757767468
0.192689302819
0.203533657773
0.474802363142
0.282345499231
0.258701090378
0.263413338769
0.282785299045
0.21202349613
0.294076015736
0.198385239178
0.357027399254
0.275764827176
0.282106348332
0.291294064124
0.423193490263
0.422069196369
0.202522948125
0.189505463808
0.394877312368
0.234290006338
0.265633097248
0.121036216623
0.336767093384
0.244212896201
0.302173201432
0.246084952544
0.471859236505
0.148984531513
0.367598913716
0.1395246913
0.301980078592
0.226733743385
0.298712114733
0.330436012134
0.205615984836
0.603162071373
0.221848573692
0.0842493194963
0.214698584996
0.254526936947
0.14297044336
0.386706582578
0.401161218927
0.259783777777
0.559037034539
0.208601322352
0.360736689968
0.205306249954
0.264005067113
0.301142371395
0.34563239659
0.287801774213
0.206238295257
0.275395931515
0.172345021128
0.470959608972
0.157513729464
0.286743892093
0.165811442817
0.445951740121
0.219180854634
0.240817731299
0.0827348183668
0.196063722099
0.22749340884
0.334566805473
0.288730514584
0.346393642148
0.158382276086
0.282820458497
0.313309400688
0.168828462831
0.298047439051
0.229336432066
0.377469300548
0.157534766533
0.159373519434
0.203546507379
0.406077831782
0.226078555347
0.126612939589
0.233633315926
0.185799361305
0.15940790289
0.11514628644
0.186348481708
0.227325129142
0.290526851711
0.310477556672
0.177273078181
0.3392757999
0.220066004504
0.335899495318
0.31306509176
0.152050392723
0.245383565098
0.227150760125
0.340818774405
0.143402672754
0.1750062752
0.186924452621
0.22990887787
0.13326976841
0.282774177553
0.294813417431
0.318484784773
0.0771714194779
0.262612478484
0.264192835287
0.162458499513
0.433649199754
0.259540352615
0.285595572812
0.20987863578
0.300992099962
0.302928098736
0.214052287297
0.196260778353
0.229889450622
0.178353143726
0.142393600877
0.184109909324
0.227335417179
0.2734187862
0.133204106904
0.264746364618
0.285246514654
0.456141710447
0.235261045427
0.423759600148
0.459418345532
0.252083133161
0.407792698735
0.369904605558
0.148811756289
0.272989600294
0.0996310484637
0.309172165094
0.493133135155
0.199394722112
0.304802274197
0.122855310786
0.358027683023
0.127421796621
0.187781311572
0.227686398966
0.18235914008
0.231234136019
0.227275084575
0.161630212541
0.152005643161
0.119881769769
0.228695105292
0.152451380501
0.297263948164
0.26889437728
0.246695952039
0.194618209706
0.151121872622
0.204420303499
0.246575831291
0.305139045926
0.253049945896
0.290907393637
0.303440796733
0.467655505343
0.119912220446
0.377310711905
0.157044922223
0.250591988492
0.407594634342
0.271457649975
0.234002909064
0.195775084249
0.252571039253
0.178582777828
0.307711568953
0.387559178065
0.145806795069
0.13346378459
0.359980651607
0.135991797544
0.215363802898
0.271153678745
0.191473499288
0.749037028888
0.489384540234
0.233483579076
0.307325070697
0.274755245638
0.195425145259
0.195243635383
0.351271853774
0.132651389571
0.289589352688
0.131611740257
0.19324476326
0.229530538095
0.580402787827
0.118313331341
0.244355555688
0.256967570826
0.192036010575
0.397485423473
0.261239255492
0.207713028042
0.117501656885
0.187027342576
0.166341408319
0.307632433603
0.174964710904
0.233097788721
0.320874985137
0.28922061451
0.274041428354
0.147327344153
0.312036955182
0.453847324067
0.132442309099
0.228367912132
0.269682484825
0.14770705506
0.182498112552
0.146643781171
0.309127790887
0.237609134326
0.259163525807
0.392965196182
0.288052981021
0.0897795993099
0.403133289016
0.242829796757
0.124005765116
0.347982893135
0.318587781095
0.253515357723
0.166537346102
0.270735492789
0.167784837373
0.175535346951
0.343768112088
0.274145809194
0.251963264648
0.296394005903
0.136214471179
0.0911173488209
0.401627880787
0.285587572561
0.274375634604
0.133336806889
0.273775326986
0.300773927552
0.239327633799
0.178758552859
0.204297302996
0.0965414972027
0.434621929675
0.246016453161
0.448802973268
0.110131960646
0.439375661381
0.242298743459
0.219396220557
0.364471602009
0.399068837553
0.116229053341
0.205535389356
0.178872429932
0.386535204361
0.217705080544
0.226004297657
0.199252880678
0.22459103864
0.307088114458
0.172854312815
0.215577921425
0.222674354328
0.172123214851
0.164405248579
0.370151179587
0.241893186824
0.378449979718
0.416637177014
0.192410342205
0.208372527968
0.1451071649
0.327627046802
0.149326691384
0.201509739726
0.35575478898
0.271028375036
0.328291502644
0.178853626841
0.0915933169291
0.22224498175
0.286472930175
0.125118721905
0.250420580877
0.26053121716
0.213680576879
0.211599497586
0.199183278611
0.136538155265
0.330796975591
0.0726706745243
0.168580112101
0.36124023469
0.178554011849
0.0695809369978
0.409482884073
0.18576537812
0.29060865081
0.192779450763
0.37547955134
0.264145347897
0.383692737817
0.205091236118
0.141667601613
0.164767806967
0.146790915027
0.100585336808
0.218457885786
0.179569581493
0.248192203585
0.26024251322
0.273649425601
0.177851337814
0.2007559912
0.181551818877
0.0936585068532
0.216097259071
0.158398407472
0.422478751481
0.241053747911
0.193587456013
0.257162494083
0.115650843675
0.20321082773
0.198536518569
0.215449299814
0.166085241464
0.0738482196985
0.161378242629
0.159778066393
0.174430708961
0.194217581987
0.104183468002
0.273913051988
0.0826741242514
0.0751709452273
0.196042795493
0.283026916531
0.358225930763
0.344949277814
0.342304885171
0.217219770503
0.460622244732
0.288416408932
0.136383133502
0.499273140873
0.176597270625
0.312110591031
0.236916697622
0.34596102863
0.202056949572
0.149327903339
0.153086483638
0.264769237285
0.243665893322
0.213165828439
0.159949033139
0.256582332482
0.0791313858913
0.15096773258
0.256096315208
0.323290936652
0.299384442043
0.299936240584
0.239570324392
0.173184708509
0.239904904486
0.297790973297
0.319595331088
0.203481332116
0.341752038713
0.206580312886
0.208391664513
0.255002832744
0.248616534892
0.204113053905
0.10885860774
0.108814428623
0.260081896477
0.202040103
0.221133473353
0.416611197034
0.212928196196
0.369264950884
0.495373653283
0.17745184872
0.126368067694
0.234371245724
0.141446037625
0.224517509452
0.218311402551
0.358112924901
0.287972799163
0.278462923917
0.280699824594
0.274788051923
0.265084390358
0.225564818591
0.245791480832
0.219770723693
0.171489634119
0.127457761981
0.132965521279
0.27168245136
0.249020829803
0.31140786319
0.246653146988
0.0374658378128
0.132223522769
0.453231867042
0.188449194506
0.385044445005
0.244126002732
0.186642524817
0.270190303867
0.181779424406
0.35699521847
0.299478485557
0.181702074948
0.245377400275
0.150890344837
0.385139288148
0.11043930955
0.18214205576
0.125597116025
0.233263969103
0.253331938355
0.124663735316
0.125246209047
0.344368795543
0.149224228821
0.0830408840765
0.170397961073
0.212957939338
0.150899800816
0.0509840166257
0.16971172378
0.112574548006
0.302846238621
0.214334958932
0.099566183523
0.199727931606
0.0839312065511
0.259853545996
0.397424462991
0.0477429123789
0.134085125393
0.0312312833934
0.0902398359078
0.283316269611
0.164386604653
0.197596446952
0.283938482607
0.168569932523
0.3738674169
0.253787765747
0.334340951399
0.121143849436
0.170859083118
0.223934253106
0.196461382795
0.37154133057
0.0700997085157
0.206973617095
0.0962649616403
0.131058873242
0.258952683109
0.262956364541
0.109636937937
0.211987319763
0.29886582386
0.169867567933
0.307495402386
0.271422993139
0.288592111336
0.193026508394
0.182687287174
0.0976174108033
0.47638214556
0.200096816544
0.284241742231
0.122108605748
0.200941511642
0.0998865574427
0.328254620278
0.504807180894
0.121165902024
0.204245043882
0.309934963705
0.171603629704
0.179982736891
0.141061633007
0.288633924079
0.08101298694
0.16468042432
0.214756900819
0.175370318478
0.290709751079
0.253225547243
0.159182590287
0.239970971778
0.047033214263
0.314251947467
0.147332248005
0.282186924132
0.18269043953
0.0368307827943
0.212434012441
0.137220879137
0.148071784019
0.298198820032
0.137941273864
0.224407474358
0.0873939871554
0.211437005522
0.141105963202
0.195838040833
0.30841123099
0.255799748577
0.316559584573
0.225492178662
0.0646393753451
0.194856678593
0.263597798801
0.242179399535
0.258457424739
0.243139697819
0.0856511244228
0.0995233984462
0.162849704258
0.242320201806
0.2190078674
0.317090107325
0.288542745927
0.248062993854
0.263740368103
0.163520018043
0.327250880266
0.223733767364
0.204629696224
0.202229442005
0.210476616994
0.162448000235
0.288569871693
0.268752631853
0.220710031198
0.209290605699
0.332594172395
0.131768108609
0.248088716833
0.188969363217
0.281059390756
0.178318954694
0.104998325063
0.453109148285
0.24708380089
0.16060073573
0.101579589036
0.0785712506406
0.158330093602
0.171743340558
0.256325339396
0.214410104262
0.125721080014
0.266219747365
0.150209600926
0.196701109258
0.228754880724
0.125346138119
0.232681165423
0.192110206415
0.0729042447021
0.374707403553
0.124307664752
0.142589385826
0.311580484117
0.213881661272
0.113263544683
0.0730365822817
0.249973168114
0.352945812278
0.320275188662
0.106575324156
0.196881970578
0.174071887116
0.0663638165185
0.469275969246
0.287099664401
0.240520797813
0.367087529656
0.196906050895
0.188902425816
0.153069883306
0.195423659633
0.317668667325
0.256215217519
0.148771687771
0.221824253207
0.188869934623
0.15369409842
0.131359848738
0.325664608897
0.195353846311
0.222090824091
0.118492633383
0.203064473102
0.213686233329
0.158188463
0.169600718468
0.310484496817
0.166030117082
0.24811996329
0.202886854156
0.204777960697
0.120954327219
0.186178658573
0.192175199144
0.322874024477
0.102168440831
0.281973593394
0.151867100224
0.296358173482
0.304704888136
0.101473086989
0.0942412618382
0.235049699825
0.164076025255
0.193658870524
0.19623216134
0.262647849467
0.145674264607
0.0623041108923
0.512737356456
0.188966274638
0.178696832956
0.156570043759
0.128512729195
0.329045880842
0.0972043743397
0.267714444498
0.0934724522907
0.155052370392
0.190871446572
0.172415224672
0.227754074801
0.220915647531
0.135739306608
0.289251178942
0.0733200561396
0.188795531829
0.220503523799
0.169608375278
0.0803338964509
0.287645773784
0.0787786116193
0.188491805933
0.192731981029
0.235065579158
0.643813975508
0.158664231629
0.197553033806
0.101495743068
0.200666107602
0.131273979282
0.213686277259
0.0971304105837
0.0726295838748
0.200737879186
0.186259797435
0.168501422608
0.0435853327134
0.246124297356
0.186263606854
0.0914662608964
0.194796743613
0.118791589984
0.077692202625
0.136500046817
0.220541364354
0.1704384105
0.193226228157
0.100451289275
0.226810647379
0.179360603208
0.1332678434
0.367199687032
0.184223209946
0.163617925212
0.0505214044631
0.135305725563
0.127578986728
0.127532394753
0.243756360785
0.236436749485
0.33479862935
0.0433072212316
0.241581149905
0.151285862336
0.0868872480993
0.134564550469
0.0974954500143
0.156573530551
0.0672323358126
0.16010668502
0.0925991873106
0.154961192082
0.180309908239
0.338525402639
0.169438358856
0.155808774245
0.130384499763
0.157612194521
0.231137425262
0.0834289675462
0.135847366734
0.057924328425
0.0557899278557
0.263386459265
0.204458951977
0.220733734962
0.178601675779
0.251657401343
0.0821971596093
0.137849528656
0.471432369074
0.05642160731
0.125080103668
0.339493858835
0.168522594816
0.297015220171
0.159392083424
0.344601985889
0.140393058374
0.224478847399
0.198715643069
0.0651142002919
0.132899013307
0.154496242675
0.117023127412
0.420148860902
0.119122227953
0.139421536877
0.118135552948
0.111977259918
0.295248294078
0.120356965315
0.197076658166
0.169720988003
0.175461291932
0.140497458225
0.334536505147
0.124548812815
0.18918028946
0.0660475712268
0.188174887941
0.113618804207
0.0442444078621
0.172056517416
0.22593751549
0.147108439296
0.135324609573
0.158988662655
0.117637727387
0.192578470952
0.33429586413
0.187866303893
0.192256777897
0.383675421038
0.128191311702
0.0867931063793
0.123124557634
0.134992314238
0.264503595673
0.184109542259
0.142309497594
0.17983407994
0.132637150991
0.0891214309281
0.17441767494
0.338697091932
0.241607673591
0.154502318176
0.108826828306
0.108286225131
0.169881399036
0.133620799346
0.421109084565
0.245145216457
0.0497396978855
0.090767400238
0.179918090846
0.266858988022
0.0646930612501
0.13937639096
0.175642368706
0.349871408736
0.120281649516
0.0765560847798
0.109414818451
0.300687003627
0.110219885333
0.175115329463
0.148137883248
0.106935703961
0.183727767548
0.301879914119
0.107880339558
0.165144132393
0.11820357767
0.121190726188
0.0792571751638
0.118855145302
0.196602403527
0.179310112683
0.24859927022
0.19758086596
0.21014114841
0.129881861197
0.101238229722
0.144404189311
0.130199322376
0.253534928614
0.123385562304
0.113628099079
0.0564533301459
0.084364616121
0.0444610639678
0.206257450735
0.189101928844
0.174521791128
0.0431133106885
0.0488927156972
0.0912967143178
0.0795975522958
0.138110581875
0.164607267863
0.223791845863
0.10307955061
0.19554674315
0.309530977501
0.113114092538
0.267211940557
0.0990523412664
0.0815752208442
0.144885749587
0.0780532886415
0.065848990545
0.0495823816578
0.099968847661
0.111455275196
0.118135277756
0.19421400034
0.277699348102
0.194228346112
0.112344102704
0.108975873191
0.35129366401
0.130984624029
0.13033385942
0.124238132869
0.251112915957
0.211105070225
0.211580798698
0.139264681546
0.122168845969
0.0965254999281
0.0588018693757
0.160098571419
0.304649446199
0.0112160794825
0.194341754353
0.148895479896
0.15162251719
0.178529621534
0.0294094175044
0.411276564159
0.170556159436
0.100800932856
0.151982223452
0.167942783051
0.27609834561
0.0837246573022
0.149568742896
0.194588831756
0.104425306147
0.102925134398
0.210326774325
0.202707511732
0.131767759676
0.187961479779
0.141219124837
0.119111609162
0.0960872926304
0.188136199523
0.136176901112
0.117094105541
0.225615932807
0.120704694848
0.145145318491
0.256689970392
0.0871299182415
0.0800457871002
0.0773205206074
0.143750087381
0.177888023701
0.0860923751884
0.14269352497
0.0694467812901
0.101912172924
0.163057833805
0.146668197239
0.103054131711
0.110115700706
0.0196663437611
0.0954001527213
0.0796026322001
0.124372083296
0.0848286960013
0.158179320538
0.187162386694
0.257105958925
0.106434801433
0.201029179643
0.176168451372
0.0996055774143
0.118042267364
0.229415270479
0.043006196477
0.126997200993
0.224312153788
0.147990574771
0.105462229252
0.112277383712
0.151103346831
0.217803735496
0.210186640697
0.169375047825
0.148879215375
0.104987229611
0.107781648931
0.120402011574
0.0874384779789
0.0581344649245
0.150729061988
0.278091682974
0.115772969914
0.185215696748
0.141203447435
0.190825350106
0.167227344663
0.113630104974
0.119489595368
0.246127548637
0.160418574528
0.311318879231
0.0224927324572
0.12957097735
0.199577082279
0.20375268301
0.1041907254
0.155730547321
0.180785932237
0.0878275334724
0.0794933860996
0.0862947921124
0.0517205107639
0.0367761956232
0.161076450786
0.0932094314011
0.213541357541
0.175468509836
0.0963873064696
0.0256686108456
0.190315963047
0.112267666818
0.169759966162
0.209631664373
0.0102576799071
0.0830953758205
0.101791302905
0.168267629327
0.272094511547
0.230700962895
0.0551829578502
0.13437822361
0.193035304902
0.16498279578
0.201759883413
0.181821633286
0.142539157471
0.0747979280696
0.154092236331
0.107360790405
0.166580868915
0.153345655067
0.174083858274
0.10999503528
0.100346783897
0.0620319253636
0.128175380282
0.210325967973
0.124662843287
0.0325489651661
0.0625769280214
0.0917998761699
0.124805207629
0.177162601663
0.120980737596
0.199184136379
0.126821085924
0.246842888574
0.0933068181777
0.123749506036
0.163760380781
0.12286097088
0.0840935603388
0.101499766745
0.336836657493
0.1682954313
0.0780083563045
0.127482232112
0.117920054064
0.199761934565
0.272307173385
0.117518409461
0.252937037051
0.15635565866
0.127981591236
0.181499849056
0.140251648684
0.113916044672
0.298131258774
0.220748088026
0.156235452254
0.139849627737
0.261605177467
0.13744993392
0.113037003501
0.125488650556
0.0455543794139
0.20310245943
0.272385272129
0.175825488236
0.146444528944
0.0621084458404
0.113332899547
0.139708422581
0.217858968607
0.0624082798172
0.114588234337
0.138161935375
0.0614217732563
0.149252639524
0.167296209932
0.132649233966
0.126393675852
0.090612583523
0.0764536752014
0.149451159903
0.0833926852036
0.281668705531
0.0998070285948
0.0880481192047
0.187237718656
0.144183598777
0.0795917371302
0.13483172956
0.0863963767246
0.262887554948
0.193845998556
0.161394792517
0.113695036721
0.161613959837
0.194263070871
0.22619943874
0.200047884604
0.0901498183861
0.0497417824941
0.16910243181
0.0964600586966
0.0882093148024
0.0702454374206
0.0995903444173
0.068760876216
0.187368470642
0.264772598432
0.0944040622824
0.102824128878
0.1382932218
0.104920472398
0.0749964594165
0.109915129422
0.0588580170513
0.112949747594
0.122050188575
0.121785504747
0.207451161202
0.114413900451
0.152225152497
0.130216724372
0.0722801700199
0.0858086583867
0.167334336182
0.0916967785212
0.160751083193
0.15699953614
0.139189038826
0.0628205534863
0.133808828062
0.0996083402063
0.133906877754
0.0812368020602
0.089327710221
0.0888313439879
0.162480942851
0.227362377562
0.178415092523
0.152996579371
0.128567164692
0.144744913035
0.0838564954675
0.121664106393
0.0828828164724
0.141010230783
0.200999657709
0.126905981769
0.0931780237915
0.0710195492854
0.192954275436
0.200092377902
0.0572071837505
0.123829657937
0.111917903944
0.0580137865212
0.28187779438
0.000364253503448
0.058075565587
0.222092223718
0.0304589286037
0.112251136918
0.147762933383
0.239660584969
0.173772749086
0.181594830337
0.0854756954232
0.13069246179
0.144844566948
0.186713265766
0.103788442267
0.102026700162
0.236222844168
0.0542910603062
-0.015419329828
0.105020236058
0.157788563871
0.118115419418
0.1613709744
0.214676351542
0.187159641796
0.150058326829
0.200829818734
0.220952056786
0.186647860855
0.269214032844
0.196235896054
0.0535038735986
0.121274462401
0.0785553609723
0.0940114280301
0.0907027250221
0.108633850538
0.325949411068
0.0766708183653
0.172094372191
0.0838492199149
0.150157024073
0.128649439666
0.0949836390342
0.0462146362433
0.126023371793
0.165499963544
0.0735592725761
0.0822340618184
0.129943820643
0.0677173066216
0.0826834388653
0.135091733569
0.119090884174
0.0464238887736
0.146006296731
0.112960416801
0.189360632176
0.0794302407556
0.212280022826
0.119886529544
0.207061329679
0.146674303937
0.105913403388
0.216857393266
0.198720249045
0.0815123730807
0.118032249333
0.0997230723555
0.235271536849
0.163567858497
0.170495059586
0.187576318632
0.132996846678
0.14871885686
0.122128216968
0.139048547725
0.171690348976
0.163425302541
0.0494521120664
0.141772358431
0.0747356552845
0.193637789532
0.179883918304
0.116104026042
0.0773704432327
0.120939386252
0.0885356785071
0.175604896584
0.0672469531661
0.22916324651
0.0615066963111
0.0970887952151
0.144794194751
0.119075058868
0.18664902257
0.173035642687
0.147735103994
0.152014463509
0.103451074602
0.193436155303
0.0984401038169
0.160561984336
0.0934411298571
0.105219297444
0.104085525747
0.117959105532
0.119998396638
0.137869037257
0.207743454493
0.0970488601803
0.210123172227
0.189948802886
0.114375588663
0.0920581815875
0.112842941449
0.0931236391782
0.0912185440737
0.121077781974
0.167795930353
0.0865807832592
0.0548859085597
0.0954734664336
0.193655534462
0.0996250466461
0.0848133647459
0.228406767914
0.121229918528
0.0763168614037
0.187262902025
0.157345728226
0.148847594616
0.10661265008
0.117813643005
0.110305065676
0.129647006423
0.129681382108
0.104172808008
0.0566121288951
0.0478267252021
0.148704485068
0.102139829806
0.100641807027
0.112661088633
0.0443370282033
0.0848107512697
0.0631511439132
0.122478823271
0.119311738653
0.172830875415
0.098567126208
0.0964866355942
0.220361299159
0.0716765949137
0.0834895817497
0.0293268224937
0.207483630719
0.126250694348
0.0781690824179
0.194185964586
0.149440713864
0.257789294959
0.0990779289957
0.0625477530855
0.0639270562396
0.145432010176
0.125561031365
0.310323571688
0.0862251800726
0.16586462596
0.0915624437835
0.184871090522
0.0934172685864
0.158718157781
0.125154637285
0.0475920444936
0.227541789782
0.0652877729367
0.225016839333
0.0949498040291
0.110262910013
0.0575173092811
0.104830244292
0.0840769609113
0.05706548893
0.111656728265
0.16498165437
0.0918193131905
0.105380950988
0.147146415626
0.0883356287328
0.103679336507
0.11588802039
0.0599321812561
0.166492938314
0.146456089781
0.139471844251
0.159340670997
0.203537607086
0.0844905693371
0.0839100452202
0.0848441180443
0.147573359302
0.0801187156474
0.0604260494682
0.0932841612508
0.164216686177
0.141800327337
0.105136461068
0.0710639966329
0.166935563637
0.109225204765
0.0775358117939
0.101571086891
0.0317550557902
0.195237418233
0.198537033238
0.125920547072
0.124157341331
0.199151137472
0.162050801049
0.0967555943164
0.220062550218
0.096931382523
0.249590399062
0.132755714753
0.0798716492414
0.0795249817456
0.101656008765
0.1974006331
0.0556517905666
0.0886575507443
0.0797390119499
0.120098441194
0.153969757064
0.141720253974
0.0424729247579
0.0809661240591
0.218688840361
0.167497940586
0.121066972112
0.0505867674188
0.0867313297452
0.0771069468547
0.125967968558
0.133906548585
0.153939295102
0.148660569748
0.123219499148
0.0930470989174
0.117471734718
0.108960268198
0.0719802437816
0.168063618125
0.108835165508
0.0824538942716
0.115037612383
0.142228901559
0.0632201940669
0.0458692203632
0.101513782112
0.10121422477
0.0470531220124
0.0687546236443
0.184546900039
0.0720072126968
0.0847735474997
0.197628313158
0.0553816468652
0.194236805874
0.0674492315804
0.145692628267
0.0638639648321
0.150428879396
0.0818662313602
0.103642440114
0.289831947599
0.118668030695
0.185939908738
0.191832906701
0.124608409724
0.101931257308
0.185548171593
0.0378061998276
0.214507477509
0.169573496209
0.076641077935
0.0976291816564
0.128830333898
0.110185152006
0.122066961779
0.0911027491407
0.178002748546
0.0584904276928
0.140275937716
0.250192227753
0.103564196125
0.0542675140765
0.177132472646
0.101186712628
0.0827625110516
0.274120531963
0.0919678935631
0.197088820576
0.188826678881
0.0943966383662
0.203175525951
0.211125810923
0.152935344232
0.0290673940885
0.0688279370872
0.190382843359
0.0590444112412
0.149573317991
0.0881758295723
0.132155126026
0.179584008579
0.181654556656
0.0547633977735
0.13102631796
0.11759143156
0.110837295763
0.102068334441
0.129659301639
0.0653809106701
0.0632744372521
0.124344056433
0.0895232398272
0.0724372166392
0.078905391943
0.151332850926
0.0259712517378
0.128425006286
0.159520387057
0.0881286547313
0.0828321285585
0.0453814715622
0.109639756784
0.087023379976
0.118280496996
0.116567866646
0.0302174192632
0.103888920453
0.0702420767085
0.0738928923592
0.0734362473648
0.160703951212
0.0744093109624
0.0636220933047
0.101511812136
0.129352965957
0.0807995717732
0.103718864221
0.153568100046
0.0263978319037
0.0753958830117
0.0782817964328
0.0433850632267
0.105922907557
0.134004088945
0.16518330495
0.229613960344
0.0877006144637
0.125373300477
0.0271928235578
0.100263389411
0.144921314126
0.0682520665664
0.110395966777
0.11645964445
0.122827939293
0.0838880109304
0.0791979243694
0.0914122766392
0.094948031257
0.0751554423619
0.0864138266532
0.0710156367447
0.0975918666893
0.0798561334759
0.184941899559
0.191004635836
0.0706692276577
0.132405838567
0.143420986483
0.104473982606
0.0707235784527
0.0827528857402
0.11369303106
0.0527511324395
0.0556433228794
0.0565906168286
0.199203230683
0.0958980018068
0.107379016943
0.0893274217647
0.0929675250134
0.0607742019276
0.216681114395
0.107972964856
0.197185928029
0.0420731029951
0.140077588247
0.122750984777
0.0951412967993
0.0825586158548
0.224056159256
0.237611145177
0.166151917965
0.165198804344
0.0805476370665
0.019500459513
0.159517926406
0.0978590609958
0.206881091956
0.130230168586
0.107008570525
0.112101663617
0.0637453625983
0.0851596237052
0.0656560618218
0.183725708496
0.222234135129
0.132227051853
0.0595496875586
0.116212751094
0.118761793497
0.088842184939
0.0203256678395
0.121960906081
0.137227408942
0.0708993337687
0.0980513906098
0.100163270636
0.0728330571949
0.115711208943
0.0524240198555
0.104904928425
0.0243613458774
0.187886354392
0.132674827249
0.0998705111534
0.0699348599196
0.157220018409
0.136086395763
0.0743899693292
0.19806299229
0.129965585346
0.115768801878
0.151573954588
0.121978772142
0.0839504655498
0.0603511939369
0.000428521725464
0.0783793785665
0.0991485301879
0.0417149161747
0.122107745218
0.150846777257
0.0124218072773
0.101977883603
0.0650649826919
0.0443759368017
0.115987376422
0.179145586393
0.102399218843
0.122073446971
0.0863429358718
0.144025521082
0.096417711327
0.0993401994291
0.0509227852366
0.0781538353178
0.119334118982
0.0700657372718
0.0329574565984
0.0761312029477
0.0448673381569
0.175991439535
0.140671840789
0.134873721173
0.091830315033
0.125607151472
0.143737841483
0.0563373221062
0.230506605575
0.148405820444
0.144046341359
0.0989009107611
0.0353975866647
0.1227322988
0.0765880764083
0.0907925034062
0.0712852266308
0.0400617745908
0.0334234373734
0.0126432809756
0.0871085187611
0.139134939068
0.151873997619
0.0156433138129
0.149000116609
0.13486921492
0.0451376323523
0.0635818482051
0.120499545169
0.0354522806588
0.0530934569058
0.212626070891
0.0547712888229
