0.0954542287087
0.210437737947
0.169098777784
0.192201182846
0.140027244936
0.186375764353
0.132675728513
0.504179934537
0.372492427368
0.230038088572
0.116909120554
0.0931716067442
0.203034506795
0.190675536364
0.178153693717
0.0390978825589
0.149457059913
0.648333652677
0.091076170701
0.118087346048
0.193415315753
0.563423631111
0.519451218271
0.266915414371
0.443086433779
0.181791805389
0.134988939947
0.323087033575
0.207310351785
0.141253089237
0.201985660636
0.299166754464
0.492663853688
0.324781419418
0.169606254894
0.32688408621
0.22320179259
0.384401375788
0.1524991685
0.137127408568
0.234803689937
0.0995482244022
0.258607681823
0.326836388685
0.1632265374
0.0926077735975
0.30738931133
0.190892987892
0.183836405474
0.490328919549
0.283564077061
0.172416454708
0.200634516439
0.136472456684
0.495452308292
0.114187242484
0.155957778056
0.200683464244
0.200166600239
0.194370344122
0.105779992927
0.21451118401
0.0601606102333
0.295052024593
0.347018448576
0.145865404724
0.0815338769511
0.285390765575
0.0511441732755
0.11755304836
0.167317214835
0.196470399648
0.155107171833
0.305181603923
0.208399684471
0.143238813098
0.287963635077
0.206114528209
0.121365837519
0.129472313469
0.039504736154
0.332189503787
0.0931706701211
0.180763328598
0.331714732028
0.362219772415
0.0343411430296
0.151904017581
0.128273155236
0.1029991453
0.16626271966
0.102569177498
0.647710260636
0.383212053438
0.540584393795
0.183107845404
0.180320910457
0.0222063255033
0.0488172039334
0.121787634582
0.258660474934
0.17810081877
0.103854149804
0.101454435087
0.335472656216
0.102504549355
0.0722060293403
0.162742069016
0.107954177861
0.576824047432
0.188352864972
0.191040313831
0.142991921825
0.175384631238
0.415769317571
0.06261883552
0.189703713976
0.3602883168
0.188845429838
0.651000220204
0.237771724566
0.161322118921
0.115956261395
0.592952727763
0.08130223496
0.306854855751
0.416607232733
0.120763949316
0.337673606957
0.120424925375
0.14091625947
0.123091726593
0.153358877867
0.178061387247
0.405494706811
0.318249375374
0.170966349998
0.131196483002
0.335647497803
0.228829489878
0.288617410643
0.233705219077
0.195854075798
0.275865692941
0.315315009535
0.764354521729
0.543826906281
0.332516318421
0.400336019035
0.145381301589
0.140443083902
0.116608370263
0.237291369178
0.138549449758
0.0
0.201574041768
0.148764851156
0.10883727447
0.476827052201
0.17313120216
0.174518371622
0.217915920825
0.236919877414
0.127681961402
0.21897666742
0.249670481396
0.249954025776
0.147739983485
0.345791424716
0.118697684828
0.325270984078
0.339915592442
0.256574136437
0.217834142025
0.192434967481
0.264369251441
0.156749668871
0.0777013634847
0.0831423341625
0.271407695894
0.234981701406
0.151183849165
0.69515870744
0.0863886482519
0.385794623941
0.0801188460602
0.21147050812
0.192247719495
0.356270027177
0.208723153149
0.0720750688914
0.463531561054
0.197568019221
0.225216082105
0.160958839486
0.100426407208
0.212638270526
0.097719054144
0.0458594717476
0.365032411059
0.215250379132
0.19270065011
0.394307560674
0.155561427067
0.217671512273
0.24405918761
0.389279907274
0.211788045125
0.190935898242
0.100483492821
0.183294617478
0.0723631090445
0.0855525816243
0.142129110443
0.175825157373
0.396603675073
0.333630251351
0.166025889444
0.283964672041
0.341390943076
0.133053719453
0.452810474723
0.150703183824
0.0873449880712
0.576017926984
0.494544102691
0.364816630933
0.242493141304
0.154486883946
0.0994906453634
0.239395405554
0.0512130886747
0.238101565916
0.103071584645
0.142005260267
0.163962933293
0.0987795282875
0.235479619191
0.211063737192
0.0849102516218
0.271288922873
0.191283823137
0.230878288957
0.138015757216
0.184117823432
0.23852722535
0.238101565916
0.572163121804
0.307683431211
0.162238066509
0.143870977901
0.149550621975
0.28505879055
0.298387156804
0.255578091627
0.106883974761
0.16619231667
0.321018820033
0.372407228252
0.211196997757
0.248636957552
0.521462102872
0.357644698367
0.189445079812
0.0144214621119
0.197032561852
0.215229159267
0.201176053039
0.120044054728
0.203155570472
0.342908678401
0.181695486204
0.244411600932
0.312473899404
0.192904007447
0.194819376282
0.528850863198
0.397129008468
0.343500600806
0.223292561168
0.471095908063
0.295531444674
0.14526106944
0.684712198368
0.404367066432
0.259021872867
0.218525456287
