0.0855691926499
0.178752296932
0.105485680101
0.13593909314
0.0422692731828
0.13963061788
0.114402691741
0.282858253241
0.330566730929
0.111155574694
0.0678025335217
0.0618168876784
0.170647600561
0.170616874103
0.077196223443
-0.00163488936296
0.0929360556874
0.581725414756
0.0910758899924
0.118087139413
0.072878952032
0.563429484338
0.493575920456
0.142573786561
0.418977116715
0.0847296023901
0.134989117839
0.3230869939
0.157697395705
0.141238959237
0.0858031646419
0.249345998231
0.502311671689
0.255709206846
0.156722371219
0.272828987441
0.194196777302
0.327976584893
0.141928500102
0.0929638880633
0.175846887284
0.0780455731543
0.138874287036
0.211434598407
0.0464660539504
0.0468457950835
0.284606967681
0.162752158856
0.0682459657664
0.313183262965
0.250653215916
0.130208728574
0.154820038982
0.122922259389
0.472648418051
0.0707557463525
0.155957233087
0.210579414289
0.151428364935
0.155808984115
0.0829761020749
0.166110305729
0.0525571833357
0.208543766521
0.347018997474
0.145865175027
0.0815263134478
0.196371799588
0.0511440255187
0.117552952767
0.0234364994123
0.102468665133
0.132063793411
0.188034945635
0.208399629645
0.143239119893
0.280424140855
0.165893873523
0.0710500595418
0.0301905413899
-0.00718389727649
0.332189718234
0.0877982392209
0.116320116377
0.307118243306
0.272784656677
0.0343663248289
0.151904321131
0.0919506262539
0.102990938407
0.0848817493033
0.0657925275145
0.57981296206
0.383211909894
0.540584287116
0.111086678008
0.180321108693
0.0024415874855
0.0455518075046
0.0830214659627
0.258643638755
0.108735256617
0.0771434390911
0.0621387732252
0.321022609334
0.0722906228172
0.0472877988322
0.137819715973
0.0762186570912
0.576839154805
0.156449880798
0.149992171611
0.111133096476
0.139961947017
0.415769609544
0.0482004202849
0.155867413991
0.235856763263
0.0963307484474
0.605481315685
0.115919939378
0.123989954626
0.0848042769055
0.522802093456
0.0720705113749
0.296271662652
0.395415792898
0.0870843661094
0.17784283378
0.0864974659129
0.0676982241639
0.101227563513
0.115852679474
0.114861603803
0.370652899503
0.29326531952
0.162676681932
0.131196687622
0.33564740498
0.204259577441
0.165568121438
0.125341954108
0.156743736947
0.223406342031
0.355679882132
0.798580841785
0.583351768413
0.239193648126
0.406016402991
0.120418493556
0.113880569687
0.0638031213159
0.135431310242
0.0864965935865
0.0
0.159484488034
0.0828647324415
0.0248198944535
0.414448515172
0.173138475229
0.13905905548
0.206574363268
0.165783845732
0.0749576260118
0.154309226546
0.185528986776
0.162428185393
0.0611796774442
0.291311144783
0.09449259262
0.310154118899
0.250661574824
0.237585945344
0.17163051388
0.111614235472
0.184412570248
0.15674979781
0.0661326229388
0.0711133192384
0.159112073242
0.229386690429
0.095955775007
0.7051813633
0.0763781303516
0.26094730133
0.0590051476411
0.146080420748
0.160700774293
0.317687007561
0.092861437837
0.0720753522698
0.420743761904
0.166945191443
0.167746440986
0.104419430675
0.0792494012698
0.0697143623166
0.0706566322648
0.0458571351136
0.205032871704
0.135647678072
0.0890296712133
0.366177004987
0.0866616435688
0.156376558875
0.159183760778
0.389240738682
0.10090652498
0.176917895064
0.0743836055536
0.0935402056733
0.0457755106335
0.0725630530836
0.0642156317149
0.114832685408
0.396604198979
0.353096742307
0.127913787049
0.154994984134
0.301487602398
0.132510342686
0.416893640541
0.0998357061851
0.0768289801753
0.628767515172
0.479538495404
0.373868674963
0.104357762998
0.15308841282
0.070570248484
0.192724043061
0.0618001855951
0.16922462488
0.0231797533994
0.152767324581
0.142564494621
0.0540573322572
0.144936628465
0.123797976907
0.0483912995937
0.162189693489
0.126177143667
0.212523415582
0.117289184165
0.198796062417
0.0997878022048
0.16922462488
0.572163816679
0.146463253864
0.162238155835
0.103578221782
0.086831207284
0.284565046691
0.270104331429
0.255602425105
0.105919171087
0.111804237248
0.25321065715
0.374773423581
0.204344761509
0.273491584374
0.489959411768
0.252507248912
0.164526835351
0.0144215077612
0.184869375946
0.178728973898
0.172865614902
0.120044071636
0.126655183655
0.342908458803
0.1554457505
0.227669868628
0.312473779552
0.111441106156
0.138691962532
0.528876512782
0.380519468387
0.343500622649
0.234320760066
0.471095851125
0.295531384835
0.0965662644752
0.684701644214
0.35926431877
0.199050053429
0.164647845344
