0.0686035179372
0.151492431453
0.0993857541842
0.119160468974
0.0493236401742
0.108942873449
0.0916666701879
0.289049613473
0.292763839869
0.105850716304
0.0624284270796
0.0771747419838
0.134587827302
0.147079268929
0.0729260377494
0.0127858579221
0.0777119099601
0.555559277497
0.0889271332533
0.11722867848
0.0693672265421
0.522412741025
0.451929420032
0.111201563259
0.357928130795
0.0752277550785
0.11331014869
0.286127150298
0.135887179892
0.126409749427
0.0777734335706
0.221297897782
0.477356394823
0.219823540674
0.136032223379
0.222954221122
0.171148106052
0.297917388708
0.132432733541
0.0544845147139
0.149680988455
0.0677473202195
0.103434406702
0.170430447997
0.0384175564431
0.0470822386776
0.230902173383
0.135782271017
0.0696740517096
0.267256834429
0.233256719467
0.106799676893
0.128435729798
0.120343507264
0.436953585979
0.0729096745696
0.131587597194
0.179396157686
0.145919069767
0.14792016586
0.0876497689816
0.151461992898
0.0664703411077
0.189648936254
0.32007212966
0.127397178801
0.0607399546931
0.166407239919
0.0611352269003
0.0766081692903
0.00878394425296
0.0922071448106
0.114022022348
0.186717264315
0.189735314357
0.120262751392
0.219417529464
0.153559926947
0.0544145049048
0.0390878057196
0.00181336429069
0.287293021187
0.0566688562936
0.117842882539
0.266873624514
0.241397071588
0.0308354946712
0.126108514166
0.0595082794146
0.105150610958
0.0853507908614
0.0554172085006
0.542279984537
0.351057965644
0.498806699527
0.0770861110148
0.161969103883
-0.000822840288888
0.0379794413175
0.086319543986
0.236481798511
0.103278081179
0.0702218079365
0.0522966320397
0.291633516032
0.0702953648268
0.0431005887299
0.115428969918
0.0557480268587
0.538020649022
0.13489628973
0.114687728712
0.102276165736
0.116333980972
0.36998248358
0.0353788784805
0.148740054947
0.195679980243
0.0742707109239
0.558466156206
0.102514345082
0.100475853951
0.0904369854356
0.471174529698
0.0549578977418
0.280786613171
0.36665683026
0.0689409241584
0.167168499853
0.0868401389592
0.0686329561537
0.0919232186171
0.112525166179
0.0937532402993
0.335946804368
0.26966583147
0.122061819449
0.116641015983
0.325643269359
0.174573590209
0.125455380028
0.122656008596
0.148090438589
0.208621429156
0.330051353489
0.780718067452
0.55743178208
0.197963598326
0.381806199569
0.0747665965546
0.105939043095
0.0508166119601
0.129259663117
0.0728384063644
0.0
0.133843058252
0.0660220027234
0.00873543166486
0.370697461236
0.145532520138
0.107954636874
0.177433183656
0.137458159502
0.0913360052846
0.160179233577
0.165054808553
0.127664747683
0.0625971602807
0.270533888493
0.0885529705045
0.260552445903
0.229299981159
0.218757852146
0.15329426291
0.0984468677594
0.156212063079
0.138085871192
0.0455309775563
0.083812309468
0.151032316473
0.217399163138
0.0715609915611
0.647032410965
0.0509450155924
0.242932156661
0.0454906652915
0.133997192792
0.152619909289
0.281301722129
0.0682237854852
0.0718412976181
0.390357173799
0.145432247741
0.147840776726
0.110112667041
0.0828906597625
0.078749666783
0.048854143384
0.0352647076385
0.173591908114
0.121462106841
0.0752721587391
0.339081312977
0.0684366106242
0.141617005587
0.141386950988
0.348289581224
0.0817597887464
0.150912065811
0.0778708217155
0.0867093363273
0.0616408632241
0.0627985875999
0.0430691448735
0.101345597492
0.365384626934
0.315936917163
0.111788119306
0.14054268324
0.272702874492
0.122530190598
0.37630501452
0.0775995664495
0.0817693564305
0.595943186505
0.462818883506
0.332733920836
0.0777266936993
0.14106043613
0.0469932261835
0.159427780664
0.0440005341291
0.140783456579
0.0135260751541
0.137800075837
0.11031631036
0.0573298350942
0.135740399104
0.114886799709
0.0522434605386
0.144616672087
0.12189594318
0.191522916466
0.106476904832
0.189016716064
0.0758274999114
0.140783456579
0.520954321983
0.118585740111
0.139730766667
0.0959360756683
0.0545760611874
0.254109955975
0.220044836846
0.237873176916
0.0882920499729
0.113583102668
0.218228919117
0.311849331685
0.191359560308
0.260574276046
0.450011461031
0.235832011884
0.155668172645
0.00419990754089
0.153664532596
0.169329051386
0.183969677319
0.092160700951
0.101137507188
0.310187882798
0.141022641693
0.197754469478
0.27037575026
0.0862123369445
0.116502685019
0.489953856611
0.349904213756
0.312412449372
0.20616769476
0.427953963733
0.266854995808
0.0907966162061
0.660524679806
0.331614308229
0.183997974298
0.13010642072
