0.0
0.0
0.0
0.0
0.0
0.0
0.0
0.0
0.0
0.0
0.0
0.0
0.0
0.0
0.0
0.0
0.0
0.389849205579
1.0
0.403980216422
1.0
0.368555083347
0.0
0.212624339406
1.0
0.485696279969
1.0
0.22373061137
0.156434055093
1.0
0.103794923455
0.250576650944
0.619040617431
0.212149151291
0.19456766098
0.352880029238
0.147952937002
0.12561509806
0.433255652384
-0.0332108641573
1.0
0.0431300693192
0.706052782688
-0.0128881455583
0.300703771168
0.121676883193
0.12721185896
0.179945666469
0.170278981467
0.0485717566756
0.599382374117
0.0877813337925
0.2015696014
0.256486359271
0.692635402085
0.114397835666
0.421010226953
0.196344918026
0.363148526335
0.065634663248
0.519315573959
0.335485353364
1.0
0.0427722078139
0.185970640634
0.256281845689
0.495673962334
0.179539249213
1.0
0.379823172799
0.241541243797
0.331831888748
0.230194123532
0.0
0.265155945584
1.0
0.321138654086
0.0578467112318
0.228812644533
0.110060059973
0.217430684285
0.0
0.497036975665
1.0
1.0
0.120567369222
0.736164117207
0.087545723071
0.132673654965
0.223649484502
1.0
0.342267555811
0.0695099542396
0.104118783844
0.115479260372
0.112289777579
0.0
0.384178093826
0.141194933028
1.0
0.144220898111
-0.0755396282559
0.398874710432
0.035733157637
-0.0585395739843
0.634054655339
1.0
0.602850329309
0.0556645714853
0.0
-0.0215735554105
0.180547500881
0.493683597292
0.533295039489
0.309028329922
0.112215695331
0.379527661753
-0.0626032157258
0.334523688888
0.301549701371
0.22691636823
0.173425401488
0.398305447152
0.144853898069
0.388471678937
0.399429085913
0.0
0.163977022584
1.0
0.198759002296
0.427900067491
0.479950072329
0.161539820229
0.0665852590918
0.0683120382686
0.531047673972
0.252079952117
0.673581899621
0.094587258801
0.287032845382
0.241118321538
-0.0104454130503
1.0
0.372427843549
0.189285051267
0.380816335334
-0.00333084741513
0.364613119746
0.214378044547
0.400481163415
0.284112014988
0.338886035284
0.152932131114
0.339463587027
1.0
0.151257433257
0.225032235311
1.0
0.114445889447
0.0863941351728
0.34445465984
0.263815662583
0.444338632479
0.293235953317
0.273887737347
0.00162555463812
0.0166245955191
1.0
0.0
0.0319497513147
0.0
0.0877525501753
0.131611578638
0.138776584228
0.336611330528
0.175829208016
0.103418476692
-0.00968552011773
0.290851038488
0.375705611505
0.388963344293
0.0988034051879
0.130542970558
0.149175952853
0.17746715813
-0.0363721064698
0.278994574712
0.432369580329
0.262560848344
0.568036061867
0.0709354809351
0.188254345729
0.347701258546
0.358529748934
0.192564626961
0.512750870624
0.218839999002
0.366889797468
0.110479675943
0.209535913274
0.383837866101
0.304404675047
0.396648207005
1.0
0.0143558925326
-0.0611623189914
1.0
0.0
1.0
0.398929072604
0.421391033499
0.0596649962738
0.460566541716
0.0953632885521
0.474100834144
1.0
0.213235304972
0.180370665175
0.525162485125
0.102882479837
0.0500686084399
0.522544979803
1.0
0.027480367994
0.17984472504
0.125698408481
0.477352386454
0.410298373406
1.0
0.238492395427
0.0
0.519216285633
0.423230667116
0.0618824703904
0.149245422309
0.17352479373
0.724533816524
1.0
0.0
0.0562941536672
0.0
0.138148694279
0.611955334467
0.351094163804
0.360650983382
0.465733992406
0.326169733041
0.456247181563
0.0540055101036
-0.0841928428466
0.167029177964
-0.0580591935903
0.115519540829
-0.0432439126151
0.272921334455
0.247119287119
0.396278595071
0.256681892685
0.406619387924
0.769645347288
0.213055940323
0.173038152123
0.0212501256769
0.25055288555
0.511482010316
0.204975664282
0.34549854505
0.34549854505
0.308259650825
1.0
0.13302045575
0.184836847117
0.44944892384
0.0
0.454415588069
0.252732245613
1.0
0.306794698449
0.20448806791
0.34345197023
1.0
0.238061576535
0.496198740174
0.0
0.466462621176
0.0
0.55032712062
0.0
0.278758467318
0.140573126343
1.0
0.00446981754298
0.0
0.419855565705
0.150884087387
0.38042124899
0.440048863687
0.171309729707
0.0957382690864
0.152761128904
0.141252598754
0.260658496887
0.274846454929
0.224741877726
0.591777031401
0.295633404785
0.394326230801
-0.0221404618712
0.000506694890704
0.492192845459
-0.0187363297787
0.537217356497
0.321773990679
0.0928888986049
0.310794526868
0.262763409468
0.0
0.513124085252
0.231900109413
0.355610887706
0.338025650931
-0.0248014544656
0.0
0.140439534657
1.0
0.199565344613
0.266008807265
0.14664326439
0.375279630571
0.0899758080856
0.341056224867
0.119022049072
0.133273400057
-0.0621932446604
1.0
0.442390322704
0.239779257563
0.0538203344426
0.175174710492
0.117535694429
-0.0378740616472
0.395030511405
0.382254399412
0.519061458103
0.496082393408
0.133178557774
0.163520112093
0.685350359166
0.0
0.307902624958
0.191708494709
0.522192307193
1.0
0.468388225573
1.0
0.0762120621517
0.138976003171
0.258233228106
0.0411841061854
0.197018056762
0.199326377994
0.268436481534
0.244815499134
1.0
-0.0906909003749
0.236533766157
0.167048837424
0.115552109273
0.153099159093
0.317031772206
0.21610525826
1.0
0.129913266883
0.257175124386
0.409068224106
0.0
0.0919343952803
0.244384287021
0.0737487104748
0.719585248998
0.118094186417
0.320635133148
0.749146141559
0.398259839757
0.33359869388
0.0611356021754
0.431894591845
1.0
0.184190247125
0.421325072109
0.0243261703961
0.185913715503
0.271088129455
0.336781529055
0.44112494832
0.171475105006
0.194165414572
0.139513787049
0.532206288407
0.411431896584
0.400278018259
0.188303890257
0.554345282398
-0.0531929339232
0.222688720481
0.212781101675
-0.142525958837
-0.0513846958019
0.126662248919
-0.00107938575622
0.0175109087776
-0.127031399459
0.0654624332373
0.111955062349
0.303492529211
0.108417112443
0.501936366527
0.492763646252
0.0900094587014
0.128425012427
0.128805986888
0.11980327573
0.0366862713844
0.107625665841
0.224934242798
0.13239531321
0.115230652078
0.346616518194
0.0
0.151933547101
0.0
0.367188112404
0.0333349609948
0.156176152829
0.264466532519
0.465018376062
0.0
0.211668227123
0.219716319789
0.170546781904
0.259799614986
0.055230309296
1.0
0.318945459672
0.0990741336443
0.564910592779
0.152362014154
0.307914660771
-0.00360195259925
-0.031162760299
0.366520920395
0.0848080834696
0.404073351488
0.366228611899
0.382187299195
0.629665339619
0.618526818744
0.014260591347
0.233472680199
0.562338208645
0.0
1.0
-0.00760665617517
1.0
0.160473151303
0.0
0.0
0.37561696224
0.146016377099
1.0
0.318827867611
0.270395393277
0.172615602949
0.0
0.292271865565
0.22929271855
0.16498736563
1.0
0.332035724157
0.292729313381
0.34018107255
0.171274493122
0.177502993228
0.595636172748
0.211196473317
0.386495840304
0.122639065303
0.633673416145
0.321920700023
0.301382512816
0.229185194806
0.170526942618
0.167364359769
-0.0695621989319
0.239856062906
0.613823416053
0.0497296861904
0.0058680551074
0.215354957819
0.175816109149
0.185950240705
0.00770784246439
0.20034293168
0.441673494301
0.158178490636
0.248313797983
1.0
0.077126612709
0.259733435625
0.233253883994
0.160833156102
0.160833156102
1.0
0.0788903797572
0.175205001111
0.133344554359
0.725016645434
1.0
0.334214596437
0.125466317788
0.0
0.0931595390656
0.478260734431
0.650173154358
0.282048911318
0.665559087511
0.109991430816
0.425584981937
0.198898616244
0.261030728316
0.209228231249
0.0482202095011
0.348352989185
0.15681028805
0.00774251591361
0.0
0.571051176827
0.364367600963
1.0
0.158843283327
1.0
0.0845317502973
0.162586493398
0.0851525789515
0.431677758764
0.307488095524
0.19789776882
-0.0564581353868
0.370777785899
1.0
0.470051992443
1.0
-0.0187287439665
0.513566816583
0.0
0.217311539986
0.0882371872159
0.0742865232372
1.0
-0.00567340123865
0.0624620140666
0.616587013544
-0.10192115759
0.234295683358
1.0
0.208178288721
0.328921358258
0.208894145825
0.121923254162
0.32920127059
0.452684291767
0.274321982541
0.183917154848
0.263212714376
0.0271633751461
0.0
0.207104096563
0.169116867814
0.252594308558
1.0
0.433630099206
0.244162704611
0.244162704611
0.27817463288
0.362114648563
0.103556126161
0.218861199692
0.0537450477344
1.0
0.293994111462
0.198904938124
0.546211721301
0.470242858928
1.0
0.25800112946
0.345742527198
0.566021535731
0.372618518781
0.412125080247
1.0
0.349014570212
0.0424948462109
-0.0446642001929
0.180750428229
0.00885640866769
0.0640303201346
0.125055127503
0.490563925943
1.0
0.0774258623792
0.286566693514
0.162022245204
0.416746858734
0.416746858734
1.0
0.207266226299
0.172832432045
0.566830762782
1.0
0.273531496019
0.394497518565
0.258961520356
0.411629797229
0.165242180854
0.594980658029
0.345010129934
0.322116411496
0.165107181168
0.0959553971965
0.185379456555
1.0
0.247073924765
1.0
0.419590668744
0.19829291858
0.35489536485
0.111563364017
0.186829782639
0.483326620212
0.518487686219
0.201946872083
0.0375694660706
0.557703702642
0.484527952503
0.172547412893
0.0662579463408
1.0
0.0557925532631
0.382945390479
0.0995886663351
0.263812780979
1.0
0.470641501286
0.0647054104922
0.275247671768
0.203904463215
0.0150229333919
0.213329818869
1.0
0.696773541422
0.279019702942
0.260597577047
0.135722816156
0.701688389027
0.0868940119437
0.170341839876
1.0
0.4069654108
0.0412620290956
0.182705569825
0.582848969271
0.000123693476207
0.667826609474
0.735313019771
0.735313019771
0.537592108285
0.096892624372
0.53965014929
0.306330507532
0.377440991701
0.132520300137
0.295362020635
0.511818692385
0.398555671898
0.196923667656
0.530839802466
0.212001325147
0.253338578906
1.0
-0.0569092792942
0.0
0.23983034812
0.061609837398
0.228002962954
0.184620314854
0.208174179191
0.0309774723098
0.124815696811
0.182708549267
0.315679027845
0.345071727682
0.236931804763
-0.0381233132659
0.239680515652
0.209708469204
0.560519597002
-0.0551059431907
0.685514720035
-0.0571373662064
0.0
0.143656131839
1.0
0.28378769332
0.582432435735
0.0403812582549
0.162444958984
0.254837601185
0.202328626421
0.544927385284
0.382561096865
0.2998678611
0.394125439527
0.311007344605
1.0
0.342130631672
0.176673792048
0.323247499398
0.218728840514
0.240537243004
0.530240256488
-0.0205365433236
1.0
0.0557434237573
0.207218883108
0.538991122526
0.0234639641258
-0.0503770018812
0.114115076236
-0.00701272097778
0.0365085326905
0.105706050006
0.384336464896
0.548752521108
-0.00711794502968
0.179814666098
0.175362278052
0.62812429211
0.156097992139
0.00790881676606
0.377032943012
0.546471914288
0.061660385946
1.0
0.349986058468
0.257928800376
0.0252771813447
0.192493948161
-0.0317295606769
0.133986566982
1.0
0.342526332009
0.290264689772
0.219870867151
0.100901311879
0.217271674079
0.3862977929
0.0798982462417
0.140410357861
0.171106605844
0.442926411161
0.181484693127
0.121478253213
0.116882534204
0.0499032578589
0.0
0.0
0.0417252873713
0.606440232181
0.252931734462
0.30991478666
0.277372856584
0.547753470795
0.397327330293
0.00476191822294
0.124204478648
0.116497003679
0.251568934844
1.0
0.0658808069927
0.0
0.0
0.0
0.380224188132
0.327943914043
1.0
0.0399623638179
0.318039146818
0.552169800801
0.262103053135
0.227365939805
0.480779586641
0.0
0.106695549512
0.177513764462
0.404034027365
0.301501000012
0.434808335509
0.198216793071
-0.00216904102287
0.441553714103
0.411116046932
0.209835729831
0.155785497625
0.396758017162
0.321553309327
0.217281132857
0.393551315465
0.314817676149
0.158843045945
0.425403551687
0.0598329155505
0.128280281176
0.308299742862
0.42095615611
0.403325990724
0.224232221231
0.212816199013
0.556415459037
0.356095885841
1.0
0.186229741259
0.0248587052277
0.109043786167
0.201816363866
-0.00992489450532
0.067840175917
0.13945591252
0.324643572718
0.0511844846731
0.545666667512
0.360110809597
0.143735252112
0.103355998532
0.207902374576
0.0
0.0
0.228993260002
0.0374503315389
0.190034314062
-0.100098319684
0.369837492974
0.23202859933
0.131652245708
0.233041679359
0.713233674479
0.228989522352
0.0
1.0
0.0160894065871
0.0291014730297
0.0
0.138148694279
0.115488696915
0.0745041389821
0.614062099471
0.614062099471
0.171169745272
0.143240534208
0.299050496637
0.439189522536
0.227227891362
1.0
0.348557966831
0.523940500486
1.0
0.112952253965
0.241275164455
0.224971657559
0.577924461786
-0.0189093666057
0.124049970402
0.301404515659
0.204597185019
-0.0276711164783
0.0340107557056
0.0117046397393
-0.0814667539181
-0.00881839396328
0.62939000327
0.0987308246745
0.240592853744
0.0417076954503
0.416629458748
0.365025445274
1.0
0.333547073006
0.148960474979
0.0
0.279027124815
0.0320928119347
0.331318359803
0.195213684542
0.570623588101
0.0397375591624
0.443447056032
0.345742527198
0.182173586167
1.0
0.129358109364
0.0880186776187
-0.027333408696
0.451566224891
0.457090994236
0.199019092193
0.390444643835
1.0
0.103356967094
0.371296629024
0.389437068889
0.180209411781
0.189184859459
0.14235945537
1.0
0.141880274781
-0.00781147702396
0.276296741519
0.209606122285
0.703816230011
0.164078815443
0.298768284059
0.513059709202
0.323535925219
0.179927259729
0.33364698556
0.082507158644
-0.135250488693
0.0769846287245
0.518720956019
0.121730993526
0.266123700225
0.0230058306798
0.262323005436
0.371985262768
0.205388629934
1.0
0.0
0.0
1.0
0.119286750515
0.249012185119
1.0
0.0
0.334431067374
0.233288496965
1.0
0.0
0.0196525485088
0.0
0.538849534702
0.665476696339
1.0
0.148252571141
0.273447720783
0.280832979129
0.0
0.207512865619
0.0
0.0264194754796
0.30283254601
0.0
0.420150575071
0.42556184481
0.467622019702
0.692730158271
0.0237883022465
1.0
0.548842737652
0.106834587984
0.0
0.812936134781
0.0353153286099
0.107375374768
-0.00438990263831
-0.0520090710851
0.261786384744
0.344458143796
0.438545491203
0.23374001332
-0.0474056140089
0.333154082937
0.136679237633
0.563133249794
0.301513742696
0.132202157318
0.369047380035
0.383269712149
1.0
-0.081132760918
0.14895115261
0.00217866621124
1.0
0.445845946339
0.289615979164
0.0888743137697
0.481141956876
0.342804151705
0.522960400294
0.11906106626
0.0
0.0523276100228
0.257201638911
0.419224239065
0.0
0.0
0.670706058314
0.271114386893
0.586527731404
0.104976024621
-0.00261682472514
0.745591851406
0.114628213889
1.0
0.290632703891
1.0
-0.00252714754028
0.223530742209
0.156203800423
0.206027870653
0.0134566824648
0.349058623398
0.292984256727
0.125733371797
0.0871361826988
0.19771328907
0.0705019314153
0.142126928561
-0.0630373599541
0.121478727094
0.364741222475
0.172711341786
0.253620134354
0.435483449035
0.235411096134
0.309028329922
0.701986596803
0.266090471498
0.321518806645
0.405260774353
0.177949259144
-0.010870289065
0.0942033354553
0.017809255416
0.238720467417
0.36264298438
-0.0203392732831
0.240549713719
0.16403953642
0.170011493461
0.0815189408297
0.889968400048
0.228747055922
0.274722678503
0.176322478645
0.590549410649
0.318090289873
0.570686075495
0.065158596797
0.246462102744
0.0437384658908
0.552345280195
0.685466644319
0.0451574955423
0.0901128297217
0.339147147293
0.428062084042
0.434191632701
0.468009876834
1.0
0.617930316928
-0.0723615884901
0.173737581012
0.371873775975
0.396902956095
0.403339643885
-0.0894462296294
1.0
0.613922849365
0.236533870565
0.425875674273
0.0536779626221
0.435171409329
0.334719735783
0.321184669845
0.21821096516
0.156971615225
0.0398873759277
0.0110468775263
-0.00358066124398
0.526802702065
0.423950455527
0.0411018374407
0.0
0.408252355509
1.0
0.484019308262
0.484019308262
0.0154314746681
0.446111908131
0.293106518062
0.25589396172
0.459208707439
0.513859118882
-0.0670709841659
0.343928013069
0.221641580973
1.0
0.0
0.25914508438
0.358969026837
0.0797945345518
0.293631967116
0.176893865917
0.00340492611232
0.234313815571
0.20774784234
0.334144897935
0.334144897935
0.241284255975
1.0
1.0
1.0
0.0626137735108
0.0
-0.0136276677148
0.494591377399
0.121249963423
0.323984952535
1.0
0.13337926029
-0.0282561633797
0.481649535924
0.318906161613
0.483297562934
0.136390895456
0.375495168642
0.259859341985
-0.0623058353584
1.0
0.24181910272
0.107996393374
0.159515424154
0.174492168723
0.00626613712674
1.0
0.366095159637
-0.00247130213963
0.297760145192
0.0122164356435
0.175824656364
0.462544182859
0.124396568154
0.107863517214
1.0
0.259238921659
0.0174104960649
-0.00293390212777
0.0953839403914
0.718288498338
0.365726827749
0.119610376594
-0.0696562905254
0.178339966937
-0.00175094460649
0.317594145943
0.362461796741
0.212169149155
0.0835830094898
0.193491361168
0.475150433465
0.344594434649
0.184128473519
0.704771747216
0.250446239334
0.226509551994
0.326838543216
0.28772037767
0.158607688714
0.0709498468248
0.317993078669
0.371654181113
0.384805551958
-0.0576471965903
0.501089192777
0.437036262633
0.092326190249
0.219327641645
0.405449514199
0.172481280494
0.260806432975
0.0153998917749
0.474417915532
0.175189312627
0.292397122622
0.214289630836
-0.0428210782459
0.0277584156773
0.0634297854739
1.0
0.488126854895
0.404319110849
0.259198476035
-0.0212391614271
-0.0179479439836
0.237732831134
0.428441179311
0.0
-0.0483317918573
1.0
0.133495796869
0.412290700821
0.12944504376
0.253968996358
0.153666255546
0.365003442122
0.24707703864
0.0813293298285
1.0
0.396629998059
-0.0864270294124
0.249220719858
0.1334415743
0.272670599308
0.507316605085
0.493603275269
0.534533471996
0.27049529479
0.0
-0.00954454771244
-0.0566815640129
0.297448703379
-0.0513579070658
0.074473306508
0.452973761046
0.446007112522
0.216141799638
-0.0598450959964
0.153527256131
0.14514432449
-0.0111355719258
0.173798943785
0.18221827605
1.0
0.0266336873992
0.190096067315
0.621994487781
-0.0601475092115
1.0
0.256695441801
1.0
0.102810275873
0.0406286115485
1.0
0.306241220313
-0.0728565310593
0.425717795981
0.525755561964
0.114291284116
0.0635649466492
0.270996061354
1.0
0.195174156236
0.378920864703
-0.0127794261364
0.160882612583
0.218233822235
-0.00280832735456
0.311374647278
0.408906360422
0.0764675154528
0.144453113986
0.233324300252
0.0569672354332
1.0
0.0511034189206
0.338722317384
0.383205040063
0.120018174383
0.295135816172
0.36515887959
0.532765501992
0.546882695155
0.33135396949
0.47467389646
0.493919892338
0.501771113914
0.175034155354
0.182774844406
0.54582847732
0.147081207897
0.388146932439
0.076320414763
-0.0553903588568
0.225179964413
0.123070585777
0.621514621417
0.621514621417
0.329400714429
0.0358185920759
-0.101380110386
1.0
0.0
-0.0662976497828
0.237021973115
0.020128556672
0.699081348636
0.0
-0.0658054216286
0.22946076313
0.614642520826
0.0806249745823
0.17000190344
0.0283778372757
0.317643383678
0.788557592679
1.0
0.353879760814
0.575282157468
0.466451200326
0.118336819925
1.0
0.336726334757
0.0147155040907
0.387099577082
1.0
0.399961126824
-0.0883189543724
0.264934658712
1.0
0.207617762278
0.0808376643714
0.485352878642
0.223240567072
-0.00497884489563
0.0
0.365413086733
-0.123754307679
0.589266942496
1.0
0.533267984081
0.55110181173
0.0557346335789
0.234888480091
0.0085569218252
0.21107263534
0.367592242439
0.488986094415
1.0
0.351052219424
-0.0884141082806
0.0635178743313
0.0617177966984
1.0
1.0
0.412059680066
0.104293779913
1.0
0.149391773218
0.12708607567
0.0330440428038
0.257348584486
0.329100148896
0.365630859622
0.00509894769014
0.186997135794
0.383256216005
0.42491430316
0.201310679768
0.201310679768
1.0
1.0
-0.0531951397015
0.111618368873
-0.0138034726273
1.0
0.187333206237
0.474223703049
0.334565271534
-0.080060243707
0.435325138
0.252782519
1.0
0.410443879001
0.181290033143
0.0
1.0
0.057595038832
0.284882386255
1.0
0.0427729324283
0.0924918098598
0.353205011509
1.0
0.256662865222
0.250006376794
0.284306382035
0.140625862287
0.126155635131
1.0
0.309293955514
0.0702695666024
0.425590204481
0.351890507381
1.0
0.268217745714
0.406563160421
0.305589233336
0.0
-0.10940535783
0.148550207383
0.0
0.0555362858162
-0.0446178307239
0.262564425077
0.337652570127
0.347733497404
1.0
0.0561139888882
0.0637791515881
0.203560173606
0.586746484169
0.244749448196
-0.00397859580812
0.0533536458663
0.353143058054
0.180547500881
0.120834805551
0.137474343096
0.131840035962
1.0
0.318744525653
0.121923254162
0.0608231699659
0.12817613864
0.50977323368
0.412557711164
0.0471238864416
1.0
0.228354344451
0.338370520921
1.0
0.37259823503
0.0631013078386
0.145391041627
0.0
0.180978968331
0.252674430052
0.404200221303
0.118725089732
0.128883362992
0.0824348388423
0.396531236655
0.525209388136
0.120793237455
0.13744319472
1.0
0.460769663176
0.0797704479561
0.225341085621
1.0
0.0
0.496099366033
0.284836159579
0.229489008058
0.047466275309
0.198759002296
0.0384027415355
0.0
0.126759888426
0.0917700249657
0.107173373227
-0.0468235349329
0.28087060043
0.255886823529
0.515760821137
0.0850094731912
0.30413690554
0.372821916571
1.0
0.168659384355
0.249770751379
-0.00690347437664
0.0671485911054
0.28168014403
0.0912991696907
0.330254245418
0.106996887736
0.0170592407131
0.357839587395
1.0
0.159998343963
0.307440133435
0.177462435732
0.237738928995
0.176634629589
0.44282830956
0.0524999660599
0.106260067836
0.419451443672
-0.0349206362138
1.0
0.0
0.0
0.285758270078
0.148135100939
0.17132311188
0.308194807057
0.43656481776
0.105515132754
0.152590766571
0.492037648194
0.510344677339
0.107847565665
0.349072748026
0.436317183383
0.172564316746
0.082755679068
0.337106939106
0.104170227134
-0.000798370356002
0.30125709135
0.0823065545172
1.0
0.0
0.276166833378
-0.138809194424
0.272906963514
0.360744191804
0.125908841659
0.218442415099
0.263885843401
0.196459669801
0.29878938468
0.133851112289
1.0
0.146105820649
0.0
0.267694287123
0.188148777198
0.131068530594
0.245614726628
0.390702573599
0.0
0.363031554003
0.587028077533
0.231413183204
-0.131229986581
0.00485015225707
0.263037564625
0.178545786106
1.0
0.168400651031
0.158545393299
-0.100138286294
-0.0199786214996
1.0
0.577883185392
1.0
0.494770191354
0.370713042242
0.0554238907088
0.422563221396
0.364572401551
0.321029940473
0.285116951947
0.046779604812
0.147445437471
-0.0134528042068
0.0970278394276
0.312235515405
-0.0567751317069
0.57688479883
0.28506177464
0.0433136033464
1.0
1.0
0.63819313692
0.634054655339
0.339703243152
-0.0434408529611
0.101173681199
0.220739050156
0.441502821567
0.0
0.473750896198
0.284746772102
0.204654812314
0.284211171976
0.352063245536
0.279966955266
0.176462146289
0.298337962626
0.314097339183
0.459907784576
0.378824111112
0.454308544184
1.0
0.134601175449
0.0318423881049
0.255322113286
0.0
0.147836398433
0.0806906878325
1.0
-0.0370172110162
0.0266761212507
0.321273481627
0.628498188588
0.538656689378
-0.0131440544661
0.353758546834
0.234178258603
0.23696144792
-0.206781009733
0.263996769885
0.303235475724
0.06141395329
0.524066208492
0.25890863769
0.406178824026
0.508555387934
0.276779348022
1.0
0.40092599454
0.592409369675
0.378409164083
0.27706904279
0.0392456387443
0.456563596149
0.280664869862
0.616866162592
0.0490330760999
0.461844305541
0.671938039321
0.256749040278
0.0
0.0
-0.0299121730684
0.268271785072
0.410124362802
1.0
0.22616564933
0.276945997909
0.391341898771
-0.00310179137631
0.140994962145
0.0315229857476
0.151739493007
0.343895788697
0.389112078495
1.0
1.0
0.559745277863
0.65239761856
0.284101713177
0.308940986622
1.0
0.246937257699
0.186176447779
0.320923374065
0.0595495055586
0.291318669489
-0.0100657671041
0.0206174290974
1.0
0.34262827303
0.410709147896
0.484212623854
0.0614716374834
0.0833044091573
0.0181771071519
0.381432682535
0.373048090825
0.151291914674
-0.00141106053359
-0.00141106053359
0.0339277963921
0.229347253926
0.125330673513
0.0239661645522
1.0
0.160505471869
0.172505629578
0.278098266753
0.278098266753
1.0
0.478970252664
1.0
0.198526804437
-0.0341656974243
0.501328141064
0.488825578042
0.023159927678
0.191399935712
0.274352696696
0.00985557017395
0.530566725819
0.0268786035188
-0.0414787493014
0.0941444628125
0.185409831806
1.0
0.0247662562515
0.125731004856
1.0
-0.128552569532
0.0732979013076
0.330278871859
0.316073931804
0.202799791057
0.217618055753
0.537625014923
0.19447353934
0.535038767846
-0.0270857237667
0.263728718329
0.638400902964
0.0970843857258
0.177213715895
0.196750564882
0.153689308938
0.0885724413533
0.352771113158
0.483737254211
0.438089921741
0.0
0.494668259366
0.370682724328
0.117786395159
0.23455503212
1.0
0.331291286547
0.357474246523
1.0
0.224376430841
0.350329588538
0.0901629288524
0.247734294394
0.66069682982
0.23353428197
-0.128907078864
0.554244719336
0.415459919502
0.542649684482
0.51257672221
0.0861566403804
0.605536717732
0.230693317718
0.227465616603
0.220557277116
0.324888126065
0.319215769932
0.713233674479
0.018022521538
0.0
0.0
0.0495218901854
0.428258894228
0.116944942323
0.716942202101
0.0
0.310178014612
-0.0232610376198
0.514977225267
0.322198744268
0.0984998511049
0.0
0.312484369159
0.467145772904
0.138677273102
0.0117046397393
0.0564305148002
0.459820580057
0.45476550469
0.302539564073
0.507995851613
0.213894718037
0.568274580694
0.347545535081
-0.0735116740532
1.0
0.049894249337
0.287989204912
0.286629984505
1.0
0.239396676595
0.385018999725
0.095185245011
0.162051375898
0.149640462732
0.419765462321
0.489438717887
0.0
0.747118325399
0.334581264446
0.0868311925926
0.318516530571
0.433838337636
0.188066091414
0.0600967382305
-0.0325290692885
0.218347193345
0.0
1.0
0.609425259147
0.419925831681
0.00748137383933
-0.00822845957104
0.147128315974
0.196399606887
0.173785737692
1.0
0.0
0.13261587129
0.277123946067
0.0
-0.0417148366607
0.00986902102606
0.141380634916
0.281104378032
0.119998025281
0.291133905474
0.381013751853
0.259893325212
0.152868830692
0.0455813375324
0.133049682514
0.0237011670228
-0.0037019378541
1.0
0.288109934866
-0.0962504946115
0.138124056688
0.255286156022
-0.116539367356
0.182413363222
-0.151664144276
-0.00800545142652
-0.0911233181505
0.0233691991329
0.00662580172801
0.0
-0.0344638873623
0.0
0.154238329249
0.0565110621583
-0.00943154126711
-0.0444606457913
0.00580619999405
-0.016426285264
0.0994742587753
-0.0575664066276
-0.0174291851648
0.199451512647
0.0277743941473
0.198965226316
-0.0813924067476
0.163077461641
-0.0120960132013
-0.0532269767795
-0.0401141410103
0.0
0.113223523036
0.0156885417647
0.107053580381
-0.0591172456601
-0.0762260175785
0.0525318244825
-0.115014054676
-0.112792507458
0.0209396894124
0.300566828722
-0.0430401688543
0.035445664002
0.0266234541846
0.037029097458
0.109112348424
-0.147503105904
-0.0187908398825
-0.0683153280945
0.0
-0.0697191284964
-0.22027382288
0.0919740965877
0.0257616611666
-0.0712475872886
-0.115629361895
-0.0428883708598
0.0534994960318
0.00442606006925
0.378002752049
-0.143391380172
0.0805468030005
0.0463840671735
0.252363544208
0.0804498948381
0.00499762873243
-0.00914948029413
0.0978421939845
-0.119289591754
0.05951881079
0.0338377443732
0.0
-0.208156270584
0.0171124407487
0.0624697863195
0.0188350356448
0.0418759114098
-0.135870465857
-0.135878867576
0.0
0.140868627451
0.085037423321
-0.0723143896293
-0.0318944479304
-0.0764989820041
0.115386012417
0.0212169588506
-0.0467546648116
0.0851987968931
0.0
0.0916810682705
0.125705318073
0.0544706589979
-0.195467083336
-0.0862897908209
0.0152146067147
0.160533011675
0.0
0.0105028329919
0.043808182467
0.0168309180718
-0.0617074292365
0.0226599303404
0.00818722870558
0.065477840069
0.213058077926
0.120579925893
0.215066247216
-0.1077715751
0.195082627068
0.00881087830606
-0.0891686595963
-0.187271056037
-0.0698268634744
0.129202327445
0.0672250277098
0.0466025198518
0.0
0.0738157324434
-0.0586455111702
0.150494605059
0.0596100687374
0.0364517036008
0.194074149768
0.0474907641404
0.153947020482
0.0172001940247
0.088772796074
-0.0865449591204
0.0756820567924
-0.021908097616
-0.024652381254
-0.0978884723492
0.142919609947
0.0
-0.0245575943355
-0.104866406642
0.0813839391047
0.115983399535
-0.0396207982855
-0.0665215147825
0.0884626345367
0.0937579761476
-0.0370438638795
0.155864374263
0.0758355883156
0.106910971674
0.22818192156
-0.168546993514
0.0332630857509
0.151739939176
0.0
0.220470918279
-0.111044810454
0.0
0.0
-0.027644744522
-0.0337692922591
0.000367433139341
-0.00148054189824
0.0
0.0
0.0
